52
30
1 1 2 1 1 2 0 2 1 1 1 2 2 1 1 0 0 2 1 0 0 2 2 2 0 2 1 2 2 1 1 2 0 1 2 2 2 1 2 2 0 2 1 1 1 1 0 1 0 2 2 1
0 1 0 1 1 1 0 0 1 2 1 0 1 1 1 1 2 2 1 2 1 1 2 1 1 1 1 1 1 0 2 1 2 0 0 2 1 1 2 2 1 0 1 1 1 2 2 2 1 1 0 2
1 2 0 1 1 1 1 1 1 0 1 2 1 1 1 1 0 1 2 0 2 0 2 0 2 0 0 1 2 0 2 0 0 0 0 1 1 1 2 0 1 0 2 1 0 2 1 1 2 1 1 1
1 1 1 0 1 1 1 1 0 2 1 1 2 1 0 1 1 1 2 1 2 1 1 1 1 1 0 2 1 0 1 0 2 0 1 0 1 2 1 1 2 1 1 1 2 1 2 1 2 1 1 2
0 2 2 1 0 2 1 1 2 1 2 2 1 2 1 1 2 1 0 0 2 1 1 0 0 0 0 2 1 1 1 2 1 1 1 1 1 1 1 1 2 0 2 2 0 2 1 1 1 0 0 1
1 0 0 0 0 1 0 1 1 0 1 2 0 2 1 0 1 1 1 2 1 2 1 0 0 1 1 2 0 1 1 1 1 0 1 1 1 0 0 1 1 1 1 2 0 2 1 0 1 0 1 1
1 2 1 2 2 1 2 0 1 2 1 2 1 1 0 2 1 2 0 1 1 1 0 0 1 1 2 1 0 1 0 2 2 1 2 2 1 1 0 1 1 0 1 1 0 0 0 1 0 1 1 0
1 2 1 1 0 0 1 1 0 2 1 2 0 1 1 2 1 0 2 1 0 2 2 1 1 1 1 2 1 0 0 0 2 0 1 1 2 1 0 1 1 0 2 1 1 0 2 1 1 2 2 2
1 2 1 2 1 1 0 2 1 1 0 2 1 1 1 1 0 0 0 0 1 1 0 2 1 1 1 1 1 1 1 1 1 1 1 0 1 1 1 0 1 0 2 1 1 1 1 0 1 2 1 0
0 0 1 1 0 0 1 1 2 1 1 1 1 2 2 1 1 2 0 2 1 0 2 2 1 1 1 1 0 1 0 0 2 2 1 1 0 1 1 2 2 0 2 2 0 1 1 1 2 1 0 2
0 2 0 2 1 1 2 0 2 1 0 1 2 0 0 1 1 0 0 1 0 2 1 0 2 0 2 2 0 2 1 1 2 2 1 2 1 2 2 1 0 1 1 1 0 1 1 0 1 2 1 1
2 2 1 0 1 1 0 0 1 1 2 1 0 2 0 2 1 2 1 1 2 1 1 1 2 1 0 0 1 0 0 0 1 2 0 0 2 1 0 0 1 2 2 2 1 2 2 1 2 1 1 1
1 1 1 1 2 1 2 2 2 2 1 1 2 1 1 2 2 1 1 2 0 1 1 1 1 0 1 1 2 1 2 1 0 1 1 1 0 2 2 1 0 0 1 1 1 1 0 1 0 1 1 1
1 0 0 0 1 1 1 0 1 1 1 2 1 1 1 2 2 1 2 0 2 1 1 1 2 2 1 1 0 1 1 2 0 1 1 1 1 1 1 1 1 1 1 2 1 1 0 1 0 2 2 0
1 0 2 2 2 1 0 1 2 2 2 1 1 1 0 2 1 1 0 2 0 0 2 0 0 1 2 2 2 1 2 2 2 1 1 2 2 1 1 0 0 0 1 0 2 2 0 1 1 2 1 0
0 0 1 0 0 1 0 1 1 2 2 0 1 2 1 1 1 2 2 2 1 1 2 0 1 1 1 2 0 0 1 1 1 0 2 0 2 1 1 1 2 2 0 0 2 2 1 2 2 1 2 1
2 0 1 1 2 1 1 1 2 1 1 2 2 2 1 1 1 0 0 1 0 0 1 2 0 1 2 1 1 1 1 0 2 2 1 2 2 2 0 1 1 1 0 1 1 0 2 2 1 2 2 0
1 1 1 2 0 1 2 0 1 0 2 0 1 0 1 2 2 2 1 2 1 1 2 1 0 2 1 0 2 1 2 2 0 2 0 0 1 1 1 0 2 2 0 1 1 1 1 1 2 1 2 0
1 1 1 1 0 2 1 2 2 1 1 0 0 0 1 2 1 0 0 2 0 1 1 0 0 1 2 2 1 1 1 2 2 1 2 2 1 2 1 1 0 1 0 0 1 1 0 1 0 0 1 1
0 1 1 1 1 0 0 2 1 1 1 2 0 1 2 1 1 1 1 1 1 0 1 2 2 2 0 2 0 2 0 0 1 1 1 1 2 1 0 1 2 1 1 0 1 1 2 1 2 1 1 2
0 0 1 1 0 1 1 1 2 2 1 1 1 0 1 1 1 0 0 1 0 1 1 2 0 1 2 2 1 2 2 1 2 1 1 1 1 1 0 1 1 0 0 1 0 0 2 2 0 2 0 0
1 2 1 1 0 0 1 0 1 2 1 0 0 1 1 2 1 1 1 1 1 2 2 0 0 0 2 2 1 1 1 2 0 0 0 1 1 1 0 2 1 0 2 0 2 1 0 2 2 0 1 2
2 1 1 2 1 1 1 1 1 0 0 2 1 1 0 0 0 0 1 0 1 2 0 0 1 2 1 0 1 1 1 1 1 2 2 2 2 1 2 1 1 1 1 1 0 2 1 1 2 2 1 1
1 2 0 1 0 0 1 0 0 1 0 1 1 2 1 1 1 0 1 1 2 0 0 1 0 0 1 0 1 1 2 2 1 0 1 2 0 1 1 0 1 2 2 1 1 0 2 1 1 2 2 2
1 0 0 2 2 2 2 0 1 2 1 1 2 0 0 0 1 1 1 2 0 1 0 1 1 1 0 1 1 1 0 2 1 1 2 2 1 2 2 1 0 1 1 1 0 1 2 1 0 1 2 1
2 0 1 1 1 0 0 1 1 1 0 1 0 1 1 1 2 2 2 1 0 1 1 1 1 2 1 0 0 1 1 2 1 1 0 1 1 1 1 1 0 0 1 1 1 2 1 1 2 1 0 2
2 0 1 2 2 2 1 1 2 1 1 1 1 0 1 0 1 1 1 0 1 2 1 2 1 2 1 1 1 2 2 1 1 2 1 2 1 0 1 2 0 1 1 1 1 0 1 1 0 0 0 0
0 2 1 0 0 0 0 0 0 1 1 1 1 0 1 1 1 1 1 2 1 2 0 2 1 2 0 1 0 1 1 0 2 1 1 1 1 0 1 1 1 1 0 2 1 1 2 1 1 1 2 2
1 1 1 0 2 2 0 1 2 1 1 1 2 1 1 0 1 0 0 0 1 1 0 0 1 0 1 1 1 2 0 1 1 1 2 1 2 1 2 1 1 0 0 1 1 1 1 0 1 1 2 0
0 1 1 0 1 0 1 2 2 0 2 1 1 2 1 1 2 2 1 2 1 2 2 0 1 1 0 0 2 1 1 1 1 0 2 1 0 1 2 1 2 0 0 1 1 1 1 2 0 1 1 2
13 19 9 16
24 66 95 112 164 179 220 220 235 316 380 286 362 352 407 386 517 630 643 536 528 680 739 604 812 806 817 813 722 996 858 1064 958 1078 1051 1132 1182 1025 1083 979 1126 1344 1396 1199 1271 1243 1183 1455 1378 1694 1351 1733
