52
30
1 1 2 1 1 1 1 0 1 1 1 2 1 1 2 0 2 1 1 0 1 1 0 2 2 1 2 1 1 0 1 2 1 2 0 1 1 1 1 2 1 0 0 1 0 0 2 0 1 1 1 1
1 0 1 1 1 1 0 1 1 0 2 1 2 2 2 1 1 0 1 2 1 2 1 1 1 1 2 1 1 0 0 1 2 1 1 2 0 1 0 2 1 2 1 1 0 1 2 2 0 2 1 2
1 1 2 1 2 2 2 1 2 1 0 2 1 1 1 0 0 0 1 0 1 1 1 1 0 1 2 1 1 1 1 1 1 1 0 2 1 2 1 0 1 2 1 1 1 0 1 0 0 1 0 1
1 1 1 2 1 0 0 0 1 2 2 1 1 1 1 1 1 1 1 1 1 1 0 1 1 1 1 0 2 1 1 0 1 2 1 0 1 2 2 2 2 1 1 1 1 2 1 2 1 2 2 1
2 2 1 1 1 2 1 1 1 1 1 1 1 0 1 2 1 1 0 2 0 1 0 0 0 2 2 2 2 2 2 1 0 1 0 1 1 1 2 2 1 0 0 1 0 0 1 0 2 2 1 0
1 0 1 0 1 2 0 1 1 0 0 0 2 1 2 1 2 2 1 1 1 1 1 0 1 1 2 2 0 0 1 1 1 0 1 1 1 0 2 2 1 2 2 1 2 1 1 0 1 2 2 2
0 1 1 1 1 2 1 2 1 1 1 2 0 0 2 2 1 1 2 0 1 1 2 0 2 1 0 1 2 2 2 1 2 1 1 2 1 0 2 2 1 1 2 0 1 0 0 0 2 0 2 1
2 1 2 0 0 1 1 0 1 2 1 1 0 0 1 1 2 2 1 0 2 2 2 2 1 1 2 0 1 0 0 2 0 2 1 0 1 1 1 2 1 2 1 0 1 1 1 1 0 2 2 1
2 2 2 0 0 1 2 0 1 1 2 0 2 0 1 1 1 1 1 1 0 1 0 1 1 1 1 1 2 2 1 2 1 0 2 1 2 0 1 1 2 1 0 0 1 1 0 1 2 1 1 1
2 1 1 0 0 1 1 1 1 2 2 2 0 2 2 1 1 0 1 1 1 0 2 1 1 0 2 0 1 1 1 0 1 1 1 2 2 0 1 1 1 0 1 2 1 1 1 1 1 1 2 1
1 0 1 2 1 1 2 1 2 0 0 1 2 1 1 1 1 2 1 2 1 2 2 1 0 1 1 0 1 1 0 2 2 1 2 2 2 2 2 1 1 1 0 2 1 0 1 1 0 1 1 1
1 1 0 1 0 0 1 1 1 1 0 0 1 2 1 2 1 2 2 2 1 1 2 1 1 2 1 1 0 0 1 0 2 1 0 1 2 1 2 2 0 1 1 1 2 1 1 2 0 2 2 1
2 0 2 1 1 2 0 1 0 1 2 1 2 0 1 0 1 0 1 1 0 0 1 0 0 2 1 1 1 2 0 1 0 1 1 1 2 1 1 1 0 0 1 0 1 0 1 1 1 0 0 1
0 1 1 1 1 1 1 1 1 2 2 0 1 2 1 2 2 1 2 1 2 1 2 2 2 1 0 2 2 1 2 2 0 2 1 0 1 0 0 1 0 0 0 2 1 0 2 1 2 0 2 2
1 2 2 0 1 2 0 1 1 0 0 1 2 2 1 1 0 1 1 1 1 0 2 1 1 0 0 1 2 2 2 0 2 2 1 0 1 2 2 1 1 1 0 0 2 2 0 0 0 2 0 1
1 1 0 0 1 0 2 1 0 0 2 0 0 2 0 1 1 0 2 2 1 1 2 1 1 1 1 1 0 1 2 2 1 1 2 2 1 0 0 1 1 2 0 1 1 2 2 1 1 1 0 1
1 1 1 2 0 2 2 2 0 0 2 1 1 1 1 0 1 1 2 1 1 1 2 1 1 0 0 2 1 1 1 1 0 1 1 1 2 0 0 1 1 2 1 2 1 0 2 0 1 0 1 1
2 1 1 2 0 0 0 1 2 1 1 1 0 0 0 0 1 0 2 1 1 0 1 0 0 2 1 1 1 0 1 1 1 1 0 1 0 0 0 2 1 1 1 1 2 2 1 1 1 1 1 2
1 2 2 1 2 0 1 2 0 1 2 0 1 1 2 0 1 1 2 1 1 1 2 0 0 0 2 1 2 1 0 1 1 1 1 0 1 1 1 0 0 1 0 0 1 0 1 0 1 0 2 1
1 0 1 1 1 1 0 0 0 2 1 1 2 1 0 2 2 1 1 1 1 2 0 1 1 1 1 1 0 1 1 2 1 0 0 2 0 0 1 1 1 1 0 2 1 1 2 1 1 1 2 1
0 2 2 1 0 1 2 1 1 1 1 2 1 1 1 1 1 0 1 1 0 1 0 1 1 1 2 1 2 1 0 1 1 1 2 2 1 2 1 0 2 2 2 2 0 2 2 1 0 0 0 1
0 0 0 1 1 1 0 0 1 1 0 1 2 0 1 0 0 2 1 0 2 0 1 2 1 1 1 0 1 1 1 0 1 2 1 2 1 0 0 2 1 1 1 1 2 0 2 2 1 2 2 1
0 0 1 2 2 1 2 1 2 1 2 1 2 0 0 1 0 1 0 1 0 2 1 1 0 0 1 0 2 1 2 0 2 1 2 1 2 1 1 1 1 0 1 1 1 1 0 1 1 1 1 0
1 0 0 2 1 1 0 1 1 1 1 2 0 1 1 1 2 2 1 2 1 2 2 1 0 1 0 0 1 0 2 1 1 1 1 1 0 1 1 2 0 1 0 1 2 0 1 2 1 1 2 1
2 1 1 1 1 1 2 1 2 2 2 2 1 2 0 0 0 0 2 2 1 0 2 0 1 0 1 1 2 0 1 1 1 0 2 0 2 1 2 0 0 0 0 1 1 0 0 0 1 1 2 1
0 2 1 0 0 2 0 1 1 0 1 2 0 1 1 1 0 1 2 2 1 2 1 1 2 2 0 0 2 1 2 1 0 2 2 2 1 1 2 1 2 1 1 2 0 0 2 2 1 2 1 2
1 2 2 1 2 2 1 2 2 1 1 1 1 1 1 2 2 0 1 0 1 1 0 2 1 0 1 0 2 2 1 2 2 2 1 2 1 1 1 0 1 1 1 1 1 0 1 0 0 1 1 0
2 1 0 1 1 2 1 1 2 1 0 1 1 2 0 2 2 2 1 2 1 1 2 2 2 1 0 0 1 1 1 1 1 1 0 2 0 1 0 0 2 2 1 2 1 2 1 2 1 2 1 1
2 1 0 0 1 1 2 1 1 2 1 1 2 1 1 2 1 2 0 0 1 1 1 2 0 0 1 1 2 1 1 1 1 0 1 1 0 1 1 2 1 1 2 2 1 1 1 0 1 1 0 0
0 0 1 1 0 1 0 2 0 2 1 0 1 1 1 1 1 1 1 1 1 1 2 1 1 2 0 1 0 1 1 2 0 1 1 1 1 0 0 1 2 1 1 1 2 1 2 1 1 2 1 1
17 18 21 22
29 68 94 97 135 145 207 238 263 270 327 395 363 464 465 439 418 563 650 640 644 658 824 600 863 789 977 751 998 888 816 1080 890 862 1033 900 1280 1141 961 1251 1284 1043 1192 1572 1137 1605 1287 1193 1502 1461 1322 1825
