52
30
2 1 2 2 1 2 2 2 0 2 1 2 1 0 1 2 2 0 0 1 1 0 1 1 1 1 2 0 2 0 0 1 1 1 1 1 2 1 2 2 1 0 1 2 1 1 2 0 1 0 1 0
0 1 0 0 1 0 1 0 0 1 0 0 0 1 2 1 1 0 1 2 1 1 1 2 2 2 1 0 0 1 1 0 1 2 1 1 1 1 1 1 0 2 1 1 1 0 2 1 2 1 2 1
2 1 1 1 1 2 1 1 2 1 1 0 1 0 1 0 2 0 2 2 1 1 2 1 0 1 0 2 2 2 1 1 1 1 1 1 2 1 0 1 0 1 2 0 0 1 1 0 0 1 1 1
1 1 0 1 1 1 0 1 1 0 1 1 1 2 0 2 1 2 0 1 2 1 1 2 1 1 1 0 0 1 0 1 1 1 2 2 0 1 1 2 1 1 2 1 2 1 2 2 2 1 0 2
2 1 2 1 2 2 2 1 1 2 0 1 1 0 1 2 1 0 2 1 0 1 1 2 1 0 1 0 1 1 2 1 1 1 2 2 1 1 2 0 0 1 1 0 1 1 0 1 1 1 1 1
0 1 2 1 1 0 1 0 2 0 0 2 0 2 1 0 1 0 2 2 2 2 0 1 1 1 1 0 0 2 1 1 0 1 1 2 1 1 0 0 1 1 1 1 2 1 2 1 2 2 2 1
1 2 0 0 0 2 1 2 0 1 1 1 2 2 0 0 1 2 1 1 0 1 0 1 2 2 1 1 0 1 1 2 1 1 1 2 1 0 0 2 1 0 1 0 0 1 1 0 2 1 1 0
1 1 1 1 1 1 2 0 2 0 0 1 0 1 1 1 2 1 2 1 2 1 1 1 1 2 2 1 1 1 1 1 1 1 0 0 0 1 1 2 1 2 1 0 2 1 1 1 2 2 1 2
1 2 1 1 2 1 1 1 2 1 2 2 1 1 1 1 0 1 1 1 1 0 1 0 1 0 1 1 1 1 0 1 1 1 2 0 1 1 2 1 2 1 1 0 1 1 1 0 1 2 2 1
2 1 0 2 1 1 1 2 0 0 0 0 1 1 0 1 2 2 2 0 2 1 2 1 1 0 1 1 2 1 0 0 0 0 1 0 1 0 1 2 0 1 1 1 1 0 1 2 1 1 1 1
1 1 1 1 2 0 2 2 1 2 1 1 1 1 1 1 1 1 1 1 0 0 1 1 1 0 2 1 1 1 0 2 1 2 1 1 1 2 2 1 0 0 1 0 0 1 0 1 1 0 0 1
1 1 0 0 1 0 1 2 1 0 1 1 1 2 1 1 2 0 2 1 1 0 1 0 2 2 2 1 1 1 1 1 1 1 1 0 0 0 1 1 1 1 1 0 0 2 1 0 2 0 1 1
2 2 2 1 1 2 1 1 2 1 1 1 1 1 2 0 1 0 1 1 1 0 1 0 2 1 2 1 2 2 2 1 1 1 2 1 1 1 2 2 1 2 1 2 0 1 1 2 2 1 0 1
1 1 1 0 0 0 0 0 0 0 1 2 1 1 2 1 0 2 1 0 2 1 2 2 1 0 1 1 0 1 0 1 2 0 2 1 1 1 2 0 1 1 1 2 1 2 0 1 1 1 1 2
2 1 2 2 2 1 1 0 1 1 1 1 1 1 0 0 0 0 1 1 0 1 0 1 0 1 1 1 0 2 1 1 2 2 0 1 2 1 1 0 1 1 2 2 1 1 1 0 1 1 1 1
1 1 0 1 2 2 0 1 2 1 0 0 1 1 1 1 1 1 1 1 1 1 1 1 1 2 0 0 1 0 0 1 1 1 1 1 1 0 1 1 1 1 1 2 2 1 0 0 1 1 1 2
1 1 2 2 0 2 2 1 2 2 2 1 0 1 0 0 0 1 1 2 1 0 0 0 1 2 0 2 1 2 1 0 2 1 2 2 2 1 1 0 0 0 2 0 1 0 1 2 0 1 1 0
1 1 1 1 1 0 0 0 1 1 1 1 1 1 2 1 2 2 0 1 1 2 1 2 0 2 1 0 1 1 1 1 2 0 0 1 0 2 1 1 0 2 1 1 1 2 1 2 1 2 2 1
1 2 1 2 1 1 0 2 1 0 1 1 2 0 2 2 0 1 0 2 1 0 1 1 1 1 1 1 2 0 2 2 1 1 0 2 2 1 2 2 0 1 1 0 1 0 0 1 1 1 1 1
1 1 1 0 1 2 2 1 1 1 1 2 0 2 2 0 1 1 2 0 2 1 2 1 0 0 1 2 1 1 0 1 1 0 1 0 0 1 0 1 2 2 1 0 2 2 1 2 2 1 1 2
2 1 0 1 1 2 1 1 2 0 2 1 1 1 0 2 1 0 1 1 2 1 2 2 2 1 2 1 2 1 1 1 0 1 2 0 1 2 1 2 1 1 0 1 1 1 2 1 1 0 0 1
1 1 1 0 1 0 1 0 2 2 1 0 1 1 0 2 1 2 2 1 1 2 1 1 1 1 0 2 0 0 1 0 2 0 1 1 1 0 2 2 1 1 1 1 1 2 2 1 2 2 2 0
1 2 2 0 1 1 1 1 2 2 1 0 2 2 0 1 0 0 0 1 1 2 0 1 1 2 2 0 1 1 1 1 1 1 1 0 2 2 2 2 1 1 1 1 1 0 1 0 0 0 1 0
1 1 2 1 1 0 2 1 1 0 1 1 0 1 2 2 1 1 2 1 0 2 1 1 1 1 2 1 1 1 0 1 1 1 0 2 1 1 2 2 1 2 0 1 1 2 2 0 0 2 2 2
1 2 2 1 1 1 2 0 1 0 1 2 2 1 0 1 1 2 2 0 1 2 1 2 1 0 1 1 1 1 2 2 2 1 0 1 2 1 1 2 1 0 0 1 2 2 1 0 0 0 1 1
1 1 0 2 1 2 2 2 1 0 1 0 1 2 1 1 0 2 1 1 1 1 2 1 1 1 1 0 1 1 1 0 1 1 0 2 0 1 1 0 2 2 1 2 0 1 0 1 1 2 2 0
1 1 1 1 1 1 1 2 2 2 2 2 1 0 1 1 0 0 0 1 0 2 2 0 0 1 1 1 1 1 1 2 2 2 2 1 1 1 1 1 2 1 1 2 2 0 0 2 0 0 0 2
1 0 2 1 0 1 1 0 0 0 2 0 1 1 1 2 1 1 1 1 2 1 2 0 1 0 0 1 2 1 1 1 1 0 1 1 0 0 2 1 0 1 2 2 0 1 2 1 1 1 1 2
1 2 1 2 0 1 2 1 1 2 1 1 0 1 1 0 1 1 0 0 1 0 0 1 1 1 1 1 1 1 2 0 0 0 2 1 1 1 1 1 0 0 0 1 0 1 0 0 0 1 0 1
0 2 0 1 2 1 0 1 2 1 1 1 1 1 1 1 1 0 2 2 1 1 1 1 1 2 1 2 0 1 1 1 0 1 0 1 1 1 1 2 0 1 2 1 1 1 0 1 0 1 0 1
12 14 8 16
36 73 83 114 161 166 264 289 301 294 330 432 334 472 501 530 472 439 539 554 646 615 607 676 775 671 979 887 1017 1083 1040 1158 1058 949 1044 1000 974 1130 1327 1195 1490 1277 1125 1569 1111 1250 1579 1269 1437 1789 1540 1354
