52
30
2 0 2 2 0 1 0 1 0 1 1 1 2 0 0 1 1 0 0 1 1 1 0 0 0 0 1 1 1 2 1 0 1 0 1 1 1 0 2 1 0 0 1 1 1 1 2 0 1 1 2 2
0 0 0 1 1 1 1 0 1 0 0 1 0 0 2 0 1 2 1 1 0 2 0 1 1 1 2 1 1 0 1 0 1 2 0 1 1 0 1 1 1 1 2 2 1 1 1 1 2 2 1 0
1 0 0 1 2 1 1 1 1 2 0 1 1 1 1 1 1 1 1 0 1 0 1 0 2 0 1 1 0 1 1 2 1 2 1 1 2 1 2 2 1 1 0 2 0 0 2 1 2 0 1 0
1 1 1 0 1 0 0 1 1 0 1 1 0 1 1 2 1 1 1 1 1 2 2 2 0 0 1 1 0 1 1 1 1 1 1 0 1 2 1 1 1 1 2 2 2 2 1 2 0 0 0 0
1 1 1 2 1 2 2 0 2 1 2 1 0 1 2 0 0 1 1 2 1 0 0 0 0 1 1 1 1 2 1 1 1 1 1 0 1 1 2 1 0 1 0 1 0 0 1 1 0 1 1 1
0 1 0 1 0 0 1 0 1 1 1 0 2 2 1 1 1 0 2 0 1 1 1 1 1 2 1 1 0 1 0 0 2 0 1 2 0 2 0 2 0 2 2 2 2 1 2 1 1 0 1 1
2 2 1 2 2 1 2 0 0 1 1 0 2 1 1 1 0 1 0 0 0 1 0 0 0 0 0 1 1 1 0 2 1 1 2 2 1 1 1 1 1 2 1 1 0 0 0 0 0 1 0 0
0 1 0 1 0 0 0 1 2 2 0 1 1 1 1 2 1 0 1 2 0 1 1 2 2 2 0 0 1 1 1 0 2 0 0 2 1 1 1 2 0 1 2 0 2 1 1 2 1 1 2 2
2 1 1 2 0 2 1 2 0 2 1 0 1 1 0 2 1 0 2 1 0 1 0 1 2 2 1 1 2 2 1 1 2 1 0 1 0 1 1 1 1 1 1 0 2 2 0 0 0 2 0 1
0 0 0 1 1 2 1 1 0 1 2 1 1 2 1 0 1 1 2 1 2 1 1 1 0 1 0 1 0 0 0 2 0 1 1 2 1 1 1 0 1 1 2 2 1 0 1 2 0 1 1 2
0 0 1 1 1 1 1 0 2 1 0 2 1 1 0 1 0 0 1 2 2 1 0 2 2 1 1 2 2 2 0 1 2 1 1 1 0 2 2 0 1 1 1 2 1 0 1 0 1 0 2 0
2 1 1 0 0 0 1 1 1 2 1 2 0 0 2 1 2 2 2 1 1 1 0 1 1 1 1 1 1 1 1 0 0 1 0 1 2 1 1 1 2 1 2 1 2 1 2 2 0 2 2 2
1 1 1 2 2 2 1 1 1 2 2 2 1 1 0 0 1 1 0 0 2 0 2 1 1 0 0 1 2 0 1 0 1 0 1 1 2 2 1 1 0 0 2 2 0 1 0 0 2 1 0 2
0 1 1 1 1 0 0 0 2 0 1 1 0 1 1 0 1 1 1 1 2 1 1 1 0 2 1 2 2 2 0 1 2 2 2 0 1 0 2 2 1 0 1 0 2 0 2 2 1 2 1 2
2 1 0 1 2 1 0 1 1 0 1 1 0 1 1 1 1 2 2 0 1 0 1 1 1 1 1 1 2 1 1 1 1 2 1 2 2 1 1 2 1 1 0 0 1 2 1 1 2 1 0 0
1 1 1 2 1 0 1 0 1 2 1 2 1 0 0 2 1 1 1 1 1 2 1 1 0 1 1 0 1 2 0 1 0 0 1 0 1 1 0 1 1 2 1 0 1 2 2 1 2 2 1 1
2 1 2 0 1 2 1 0 2 2 2 2 2 0 1 1 2 1 0 0 1 0 0 0 0 1 2 1 1 2 1 1 2 2 1 0 2 2 0 1 0 2 2 1 1 0 1 1 0 2 2 0
2 2 0 0 2 0 2 0 0 2 0 2 2 1 1 1 1 2 2 2 1 2 2 1 0 2 1 0 1 1 0 0 0 1 1 2 1 1 1 2 1 2 1 2 1 2 1 1 0 1 1 1
2 1 2 1 0 2 2 1 0 2 1 2 0 1 0 2 0 0 1 2 0 0 0 2 0 1 2 2 2 1 0 1 0 0 0 1 1 2 2 1 1 1 1 2 0 1 0 1 1 1 1 0
0 1 1 0 2 1 1 2 0 1 1 1 1 1 2 2 1 2 0 0 1 0 2 2 2 1 1 1 1 0 1 0 1 1 1 1 2 0 0 1 1 2 2 0 2 2 2 1 1 2 1 1
1 2 1 2 1 0 2 0 0 2 2 1 1 1 1 1 1 1 1 0 0 1 0 0 0 1 1 1 1 2 0 1 2 1 1 2 0 1 2 1 2 0 1 1 0 1 0 1 2 1 0 2
1 2 1 0 1 1 1 0 1 1 1 1 1 1 0 1 2 0 1 2 1 2 1 2 2 0 0 0 1 1 1 1 1 1 0 1 0 1 0 1 1 1 1 1 1 0 1 2 1 2 1 1
1 2 0 2 1 1 0 1 0 1 1 1 0 1 2 1 2 0 1 0 1 0 0 0 0 0 2 2 2 1 1 1 2 1 2 1 1 1 1 0 1 0 0 0 1 2 1 1 1 0 1 1
0 1 1 1 1 1 2 0 2 1 2 1 2 0 1 1 2 1 1 2 1 1 2 2 1 1 1 0 0 0 1 1 2 1 0 0 2 0 0 1 1 1 1 1 2 2 1 1 2 0 2 0
0 2 1 0 1 2 2 0 1 0 1 1 2 0 0 0 1 0 1 1 1 1 1 0 1 1 1 2 0 0 2 1 1 0 1 1 1 2 1 0 1 0 1 0 2 1 2 0 1 1 1 1
1 2 1 1 2 0 0 1 1 2 2 1 2 0 1 1 1 1 0 1 1 0 1 1 2 1 1 1 0 2 1 1 1 1 0 1 1 1 1 2 2 1 1 2 0 2 2 1 1 1 0 0
1 1 1 2 2 2 1 1 0 2 1 1 1 0 0 1 1 0 1 1 0 1 0 1 0 1 2 1 0 2 2 2 1 0 1 0 2 2 2 1 1 0 2 0 1 0 1 0 0 1 0 1
2 1 0 1 0 1 1 1 2 1 0 1 0 2 0 1 0 1 1 0 1 1 1 2 1 0 2 1 1 0 2 1 0 1 0 1 1 0 1 1 0 2 2 2 0 1 2 2 1 2 1 2
2 2 2 2 1 2 2 1 2 1 2 1 2 1 0 0 2 1 2 1 1 0 2 0 1 1 1 1 1 2 2 2 1 1 1 1 0 2 2 1 1 1 1 1 1 1 1 1 1 1 1 0
0 1 1 1 1 0 0 0 1 1 1 1 2 0 1 2 0 1 1 1 1 1 1 0 1 1 0 0 0 1 0 1 0 0 1 1 1 1 0 2 2 1 1 1 2 1 0 0 2 2 1 1
12 13 15 11
33 57 77 104 135 175 251 238 256 306 374 355 341 404 415 500 481 501 475 608 634 689 757 793 845 774 686 673 947 798 743 1060 804 1142 964 1216 847 969 973 1012 1269 1397 1277 1412 1475 1241 1125 1474 1229 1313 1648 1437
