52
30
0 0 1 2 2 2 2 1 2 1 2 2 0 2 1 1 1 1 1 1 0 1 1 0 1 0 0 1 1 0 0 2 1 1 1 0 2 0 1 1 0 0 0 0 2 0 0 0 1 1 0 1
1 1 1 1 2 0 1 2 2 1 1 0 2 2 1 1 0 2 1 2 1 1 1 2 1 0 1 1 0 0 1 0 2 1 2 0 2 1 1 2 2 1 2 1 1 2 2 1 0 1 0 2
2 0 1 2 0 2 2 1 1 2 1 2 1 0 1 0 1 1 1 1 1 0 1 0 1 1 0 2 1 2 0 1 1 1 2 1 0 2 2 2 2 1 0 1 2 1 1 0 1 0 0 0
0 0 1 0 1 2 1 1 0 0 1 1 1 1 2 2 1 1 1 0 2 2 1 2 0 1 0 0 0 2 0 0 2 1 0 1 1 1 1 1 0 1 2 0 0 1 1 1 2 1 1 1
2 2 1 2 1 2 0 2 1 0 0 2 2 1 2 1 0 1 0 1 1 0 1 1 1 0 1 1 1 1 2 2 2 1 1 1 0 1 1 0 1 1 0 1 1 2 0 1 0 0 0 1
0 0 1 2 2 0 1 1 0 0 2 0 0 1 1 1 2 2 2 2 2 0 2 1 1 2 0 0 1 1 0 1 0 0 0 0 0 0 1 2 2 1 1 1 1 1 1 1 1 2 0 2
1 1 1 1 1 0 1 1 2 1 2 2 0 1 1 1 0 1 0 1 1 0 2 1 1 1 1 1 1 1 1 2 0 2 2 1 2 0 2 0 0 1 1 1 1 1 0 0 0 1 0 1
2 1 0 1 1 2 0 0 0 0 0 1 1 1 1 2 1 0 2 1 1 1 2 0 0 2 2 1 1 0 2 1 2 2 2 1 0 1 0 2 1 2 2 2 1 1 1 1 0 1 1 0
1 2 0 2 2 2 2 1 1 1 0 0 1 2 1 2 1 1 2 1 1 2 2 0 2 0 1 2 2 2 2 1 1 2 1 1 2 2 1 0 2 0 1 1 2 1 0 1 1 0 1 1
0 2 0 0 1 0 1 0 2 0 2 1 2 1 2 2 1 1 1 2 0 2 0 2 2 1 0 1 0 2 1 1 1 0 1 0 2 1 2 0 2 2 1 1 1 0 1 0 2 0 1 0
1 0 2 2 1 2 1 1 2 2 2 2 1 1 2 0 1 0 1 2 0 0 1 1 1 0 1 1 0 1 1 1 1 1 0 2 1 1 1 1 0 1 2 1 0 0 1 0 1 1 0 0
1 1 0 0 0 2 1 1 2 1 1 1 0 1 2 1 1 2 2 2 2 2 0 2 2 1 1 1 1 2 1 1 0 2 1 1 2 0 2 2 1 2 2 2 0 2 1 1 1 1 1 1
1 1 1 2 1 1 1 1 2 2 0 1 2 1 1 1 2 1 0 0 1 1 1 1 1 2 1 2 2 1 0 2 1 1 1 0 2 1 0 0 0 1 1 2 0 0 1 0 1 0 1 0
1 2 0 0 2 1 1 1 2 2 1 1 1 2 0 1 0 1 2 2 1 0 2 0 0 1 1 0 0 1 0 1 1 1 1 1 0 1 0 2 2 1 2 1 0 2 2 1 1 2 2 0
1 2 1 1 1 2 1 2 2 0 1 0 1 1 2 1 0 0 2 0 0 0 0 0 0 0 2 2 1 1 2 0 1 2 1 1 2 2 0 0 1 2 1 0 0 0 0 0 1 0 1 1
1 0 1 1 1 0 0 1 1 0 1 1 1 1 1 2 1 2 0 1 1 1 0 2 1 1 1 0 1 0 0 2 1 1 0 0 1 0 1 0 1 0 1 1 1 1 1 0 1 2 1 1
1 1 0 1 1 1 1 1 2 1 1 2 2 1 2 1 1 0 0 1 0 1 1 0 1 0 2 1 2 2 0 2 1 1 1 2 2 1 1 1 1 1 1 2 2 1 1 2 1 0 1 1
1 0 2 1 1 1 1 0 1 0 0 1 0 2 2 2 0 2 1 1 1 1 2 1 0 2 1 1 1 1 0 0 1 1 2 0 1 2 0 1 2 0 1 2 1 1 2 1 0 1 2 1
1 2 1 2 0 0 0 1 2 2 1 1 2 1 2 0 2 1 0 1 0 2 1 1 1 1 1 2 1 0 1 2 0 1 2 1 0 1 1 1 0 1 1 1 1 0 1 2 0 1 1 1
0 1 1 0 1 2 1 1 0 0 2 1 0 1 1 0 2 1 0 0 0 2 1 1 1 1 1 2 1 2 1 2 2 0 1 1 2 1 0 1 1 1 1 2 1 1 0 2 1 2 2 2
0 2 2 1 0 1 0 0 1 1 2 1 2 2 0 0 0 1 0 0 2 1 0 0 1 1 1 1 1 2 1 2 2 2 2 2 2 2 2 1 0 0 1 1 1 0 1 0 1 1 0 0
1 1 0 0 0 2 1 1 1 1 0 2 1 2 2 2 2 1 1 1 1 2 1 1 1 1 2 1 1 1 1 1 1 1 0 2 0 1 1 0 0 1 2 1 2 2 1 2 1 1 1 0
2 1 1 2 1 2 2 1 0 1 1 1 2 2 1 1 1 1 0 0 1 1 2 1 1 1 2 1 2 1 2 2 0 2 1 1 1 1 1 1 1 1 0 1 1 0 1 0 1 1 1 1
2 0 1 0 1 2 1 2 0 1 1 1 1 2 0 2 1 1 2 1 2 2 1 1 2 0 2 1 1 2 1 0 1 1 1 1 0 0 1 1 1 2 2 2 1 1 2 1 0 1 1 0
1 2 2 1 1 2 1 2 2 2 1 1 2 1 1 0 2 1 1 2 1 1 0 1 1 1 2 0 1 1 2 1 1 2 1 1 1 1 2 0 1 0 1 1 1 1 0 0 1 1 1 1
1 0 1 1 1 0 1 1 1 1 2 0 1 2 2 1 1 2 1 1 0 2 1 0 2 1 1 1 1 0 1 1 0 1 2 2 2 0 2 0 2 2 0 0 1 0 1 2 0 2 1 0
2 2 0 1 1 1 2 1 1 1 2 2 1 0 1 1 0 1 1 0 0 0 0 1 0 0 1 2 1 2 1 1 2 2 2 1 1 1 1 0 0 1 1 2 1 0 1 0 1 0 0 0
1 2 2 1 1 1 2 0 0 0 0 1 1 1 0 0 1 2 2 0 0 1 1 2 1 2 1 2 1 1 0 1 1 2 1 1 0 1 1 2 1 0 1 2 2 2 1 2 2 1 1 2
2 1 2 0 1 2 2 2 1 1 2 2 1 1 1 1 1 0 1 1 1 1 1 2 0 2 1 1 2 0 2 1 1 2 1 2 2 2 0 0 0 0 2 1 0 1 1 0 2 0 1 1
2 1 1 1 0 1 0 2 1 0 2 1 0 2 2 2 1 1 1 0 1 2 0 2 2 1 0 2 1 1 2 0 2 1 0 0 0 0 0 1 1 1 2 2 2 1 2 1 2 2 2 1
11 16 6 7
32 72 89 128 157 173 231 299 231 285 404 359 489 361 412 594 598 547 723 764 618 803 799 758 784 932 891 936 900 1103 953 1018 870 998 1306 1169 989 1208 1087 1348 1064 1214 1386 1428 1258 1165 1706 1444 1669 1439 1497 1835
