52
30
0 1 1 1 1 0 1 2 1 0 2 1 0 0 0 0 0 1 1 0 2 0 0 1 1 2 1 1 2 1 1 1 1 2 1 1 2 0 1 1 1 0 1 1 0 1 1 0 1 1 0 1
1 0 2 1 2 2 0 1 1 2 1 2 2 1 2 1 1 1 0 1 1 1 1 2 2 1 0 1 1 0 1 2 2 0 0 2 2 1 0 2 2 0 1 1 2 1 1 2 0 0 0 1
0 1 2 0 1 2 2 2 1 1 2 1 2 1 1 1 1 2 1 0 1 2 2 2 0 1 1 1 1 1 2 2 2 1 1 1 1 1 1 1 1 0 1 1 0 1 0 0 1 1 1 1
2 0 0 0 0 0 0 1 1 2 0 1 2 1 1 1 2 1 1 2 1 0 1 2 2 2 1 2 1 0 0 1 0 1 1 1 2 1 2 1 1 2 1 1 2 1 2 0 2 2 1 2
0 1 2 1 1 0 2 1 2 2 2 1 1 1 0 1 2 1 1 1 0 1 0 2 0 1 0 1 1 0 0 2 2 1 1 1 0 2 2 0 1 1 0 1 0 2 2 0 1 0 0 1
1 1 1 0 1 0 0 1 1 0 1 1 1 2 1 1 2 0 1 1 1 1 1 1 2 1 1 1 0 0 1 0 1 0 1 1 1 2 1 1 2 1 1 1 0 1 1 2 1 0 0 0
0 1 1 2 1 0 1 2 2 1 0 1 2 1 1 1 2 1 2 0 0 1 0 0 2 1 0 1 0 2 2 1 2 0 2 1 2 1 1 2 0 1 1 1 0 2 1 0 0 1 1 2
1 1 1 1 0 1 0 2 1 1 1 0 0 1 1 2 0 1 1 1 2 1 0 1 1 1 2 0 0 0 1 2 0 0 2 0 1 1 1 0 1 2 0 2 1 2 1 0 2 1 1 1
1 2 1 1 0 1 1 1 1 0 1 1 2 1 0 0 1 2 1 1 0 0 0 1 0 1 2 1 2 2 1 2 2 2 1 2 1 2 1 1 0 0 1 1 1 1 2 0 1 0 0 0
2 1 0 1 2 0 0 0 1 2 0 0 1 2 0 2 1 2 2 1 1 1 2 1 0 2 2 1 1 1 2 1 0 2 2 1 0 2 1 2 1 2 1 1 1 1 1 0 1 1 1 0
2 2 2 2 1 0 1 2 2 2 1 1 2 2 0 0 0 1 0 1 1 0 2 0 1 1 0 1 1 0 1 1 1 0 1 1 1 2 2 0 0 0 0 0 1 1 0 0 1 1 2 1
0 1 2 0 2 0 1 1 0 0 1 1 1 1 1 2 1 1 2 0 1 1 1 0 2 1 1 1 1 1 1 0 2 2 1 1 1 2 1 1 1 2 2 1 2 1 2 1 1 0 2 1
0 2 2 1 2 1 1 2 1 2 1 2 2 1 1 1 0 1 1 1 0 1 0 1 1 1 1 1 2 0 2 1 2 2 1 0 2 2 1 0 2 1 2 0 1 2 1 1 1 1 1 0
0 1 1 1 2 1 1 1 0 1 1 2 0 1 2 0 1 2 2 2 1 2 0 1 2 1 0 2 0 1 2 1 0 1 0 0 1 1 0 2 2 2 2 1 2 2 2 1 2 2 2 1
1 1 2 2 1 2 2 2 1 1 1 2 1 1 1 0 1 1 0 0 1 1 0 1 2 2 1 1 1 2 2 1 1 1 1 0 1 2 0 1 1 0 2 0 1 0 1 2 0 1 0 2
0 1 2 1 1 1 0 1 1 0 0 0 0 1 2 2 2 2 2 1 1 1 2 2 1 2 1 0 0 0 0 2 1 0 1 0 2 0 1 0 1 2 1 0 1 2 1 1 1 1 2 1
2 2 1 2 1 0 1 2 1 2 2 2 0 0 2 1 1 0 0 1 2 2 1 0 0 0 0 1 1 1 2 1 2 1 2 2 1 1 1 0 1 1 0 1 1 1 0 0 2 2 1 1
1 0 0 1 2 1 2 2 1 1 1 1 1 1 0 1 1 0 1 2 0 1 0 2 2 2 0 1 1 2 1 1 0 1 0 0 1 1 0 0 2 1 2 1 2 1 1 1 0 0 1 1
2 2 0 0 0 1 2 1 0 2 1 2 1 1 1 0 0 1 1 1 0 1 0 2 1 0 2 1 1 1 0 2 1 0 0 2 2 1 0 0 1 1 1 1 2 1 2 2 1 2 0 2
2 1 1 1 1 1 2 0 0 2 0 1 1 0 0 1 0 2 2 1 0 2 2 1 1 1 1 1 1 2 0 2 0 1 0 1 0 0 2 0 2 1 1 1 0 2 0 2 2 0 0 0
1 1 2 1 0 1 1 0 2 2 0 1 2 0 1 1 1 2 1 1 1 1 1 1 0 1 1 0 1 1 2 1 1 0 1 1 1 1 2 0 1 0 0 0 1 0 0 1 1 1 1 1
1 2 0 1 1 1 0 0 1 0 1 1 2 1 1 2 2 0 1 1 1 1 2 1 2 0 1 1 2 0 0 0 0 0 0 1 0 0 0 2 1 1 1 1 2 0 1 0 2 0 2 2
2 1 0 1 1 1 1 2 2 2 1 2 1 2 1 0 1 1 0 1 0 1 1 0 2 1 1 1 1 2 1 1 2 1 0 1 1 2 1 0 1 0 1 1 2 1 1 0 1 0 0 0
1 0 0 2 1 0 0 1 1 1 2 0 1 2 1 1 0 1 1 2 1 2 1 1 1 1 1 1 1 1 1 0 0 1 0 1 0 1 0 1 1 2 2 1 0 1 1 1 1 1 1 2
1 2 1 1 1 2 2 2 2 1 2 2 2 1 1 1 1 0 2 0 0 1 1 1 2 1 2 1 2 0 2 2 2 1 2 1 2 2 1 0 0 0 1 0 1 1 0 1 2 0 1 2
0 2 2 2 0 2 2 2 1 2 1 1 0 0 1 2 0 1 1 1 1 1 2 2 2 1 1 1 2 2 2 1 1 1 0 1 1 1 1 2 1 1 2 1 2 1 1 1 2 0 1 0
1 1 2 2 0 1 1 1 0 0 1 0 2 1 1 0 1 1 1 2 1 0 1 1 0 0 1 1 0 0 0 1 2 1 2 2 1 0 0 1 0 1 0 1 1 2 0 0 0 0 1 0
0 1 1 1 0 1 1 1 0 1 1 0 2 1 2 1 2 2 1 1 2 1 1 1 2 1 0 0 0 0 1 0 1 0 0 1 1 2 1 0 2 1 0 1 1 1 1 1 2 0 0 2
1 0 1 1 1 2 1 2 1 1 2 0 2 1 1 0 1 0 1 1 1 1 1 1 0 0 1 1 1 1 0 1 1 1 2 0 2 2 1 0 1 0 0 2 0 2 0 0 1 1 0 0
1 1 2 1 1 1 1 0 0 1 0 1 1 2 1 0 1 1 2 0 2 1 2 1 0 2 0 0 0 1 0 1 1 2 2 0 1 2 0 2 1 0 1 1 0 1 1 1 2 2 2 1
16 16 20 18
27 65 97 135 185 192 193 253 269 322 322 440 332 395 445 506 502 620 563 599 663 617 840 679 864 821 797 812 909 925 849 1023 967 1068 1197 1075 949 1112 958 1113 1034 1242 1274 1370 1322 1333 1293 1574 1610 1706 1259 1739
