52
30
1 1 2 2 0 2 1 0 1 2 1 2 2 0 0 1 1 0 2 0 1 1 1 0 1 0 2 1 1 1 2 2 2 2 0 0 0 2 2 0 0 1 1 1 0 1 2 1 0 1 1 1
0 1 1 0 2 0 0 1 1 1 2 1 2 2 1 2 1 2 2 0 1 2 1 1 1 2 0 1 1 1 2 0 1 1 0 1 2 0 0 1 2 1 1 1 0 0 1 2 1 1 1 1
2 1 2 1 2 0 0 1 0 2 1 1 2 2 1 0 0 1 1 0 1 0 2 1 0 2 1 2 1 2 1 2 1 1 1 2 2 2 1 1 1 0 0 1 1 0 1 1 1 1 1 0
1 0 1 0 0 1 1 2 0 2 1 1 1 0 1 1 0 1 2 1 1 1 2 2 1 1 0 1 1 0 2 1 1 2 0 0 1 2 2 1 2 2 1 1 1 2 0 2 1 1 1 2
1 1 2 2 1 1 2 2 0 0 1 2 2 0 0 1 1 1 0 1 0 1 1 0 0 0 1 0 1 2 1 1 2 2 1 1 1 1 1 1 0 1 1 1 2 1 2 0 1 1 1 1
1 1 0 1 0 0 2 1 1 1 2 1 1 1 1 2 0 2 1 1 2 1 0 2 1 1 2 0 1 1 1 0 1 1 0 1 0 1 0 1 0 1 1 1 1 1 1 2 1 2 2 1
1 0 2 2 2 1 1 2 1 0 1 2 1 2 1 2 1 0 0 0 0 0 1 1 1 2 1 1 1 2 2 1 2 2 1 2 1 2 1 0 0 1 1 1 0 0 1 1 2 0 1 0
1 1 0 1 1 0 0 0 1 1 1 1 1 1 2 1 1 1 1 2 2 1 0 2 0 0 0 1 0 0 1 0 1 1 2 1 1 1 1 1 1 0 1 1 1 2 0 2 1 2 0 2
1 1 2 2 1 1 1 1 2 1 1 1 1 0 1 1 1 1 1 0 1 2 1 1 1 0 1 2 2 0 2 1 0 2 2 1 2 1 1 1 1 0 2 2 2 2 0 2 0 1 1 1
0 0 1 0 2 1 1 0 0 1 1 1 0 2 1 1 1 2 1 2 2 0 0 1 2 1 2 1 1 0 2 1 0 0 0 1 0 1 1 0 2 2 2 2 2 1 1 1 2 1 2 0
1 1 2 0 2 1 1 2 2 2 1 1 0 1 1 1 1 1 2 1 0 0 1 2 1 0 0 0 2 2 2 2 1 1 1 1 2 2 0 1 0 1 0 0 1 0 2 1 1 2 1 1
1 1 2 0 0 0 1 1 1 1 2 0 1 0 2 0 1 0 2 1 0 0 2 1 1 1 1 0 1 2 0 0 0 1 0 0 2 0 1 0 1 1 1 1 1 2 1 1 1 1 1 1
1 0 2 1 1 2 2 2 1 1 1 1 1 1 1 1 0 1 0 1 0 1 1 0 0 1 2 2 2 1 1 1 1 1 2 2 1 2 0 1 1 1 0 0 2 2 1 1 1 0 0 0
1 1 1 1 0 1 1 2 1 0 1 0 0 1 1 0 1 1 0 2 1 1 2 2 1 1 0 0 0 1 1 2 1 0 0 0 2 1 2 0 2 2 1 2 1 2 0 1 2 1 1 1
1 1 2 2 1 0 1 2 1 0 2 2 1 0 2 2 0 2 0 0 2 2 2 0 1 2 1 0 0 0 1 1 0 1 1 1 1 2 1 0 0 1 1 1 0 0 1 0 0 0 0 1
0 1 1 2 1 0 1 1 1 1 0 0 2 2 1 1 1 1 2 2 1 2 0 1 1 2 1 1 0 0 1 1 2 1 1 0 1 1 1 0 1 1 2 2 1 1 0 1 2 1 0 0
1 1 2 2 0 2 1 1 1 1 2 1 2 0 1 0 2 1 0 0 0 0 1 1 0 0 0 0 1 2 2 2 2 2 1 1 0 2 1 1 0 2 1 0 2 2 1 1 1 1 0 2
1 1 0 0 1 1 0 2 0 1 0 1 1 1 1 2 2 2 1 1 2 1 1 2 1 1 1 1 1 0 1 1 1 0 1 0 0 0 0 0 0 1 2 1 0 0 0 1 2 1 2 1
0 0 1 1 1 1 2 2 1 0 1 0 1 1 1 2 1 0 1 1 2 1 1 2 0 0 2 1 1 1 1 2 2 0 1 1 1 1 2 2 0 2 1 1 1 2 2 2 1 1 2 1
0 0 1 2 0 2 1 1 0 0 2 0 0 1 1 2 1 1 1 0 2 2 1 2 2 0 1 1 1 1 0 1 1 1 0 1 1 1 1 1 2 0 1 0 1 2 0 2 2 0 2 2
1 0 0 1 1 1 1 1 0 0 0 0 1 1 1 1 0 1 0 1 0 2 2 2 1 2 1 2 1 1 1 1 1 0 2 1 0 2 0 1 1 1 0 0 1 0 1 1 0 1 1 1
0 1 2 0 1 1 0 1 0 2 1 1 2 1 2 1 2 1 2 2 1 1 1 1 1 1 2 1 0 1 1 0 1 0 1 0 1 1 1 1 1 2 2 2 0 1 1 2 1 2 1 0
1 2 0 1 2 1 1 2 1 2 2 2 2 1 0 1 1 1 0 1 0 0 0 2 1 1 1 1 1 1 0 2 1 1 1 1 1 0 1 1 1 1 0 0 0 1 1 1 1 2 0 1
1 0 1 0 1 2 1 0 1 0 1 2 1 0 0 1 2 0 1 2 1 0 2 0 2 1 0 1 1 0 0 1 0 1 2 1 0 1 0 2 0 1 0 1 1 2 2 1 2 1 0 1
1 2 2 2 1 1 2 1 1 2 1 1 1 1 1 1 1 1 1 0 0 0 1 1 0 1 1 1 2 1 1 1 2 1 1 1 1 2 1 0 1 1 0 0 1 1 0 2 1 0 2 1
0 1 1 0 0 1 1 1 0 0 2 1 1 0 2 1 2 2 2 1 1 0 2 0 0 2 1 1 0 1 0 0 2 0 1 1 2 0 0 2 1 2 2 1 1 0 0 1 0 1 0 1
1 1 1 2 2 2 2 2 1 1 1 1 2 2 1 0 0 0 1 1 1 0 1 2 0 0 2 0 1 0 2 2 0 1 1 1 1 0 2 2 0 0 0 2 1 1 0 0 0 0 0 1
1 1 1 0 0 1 2 1 2 1 1 0 1 2 2 0 2 2 1 1 1 0 1 2 2 1 1 1 1 2 0 1 1 1 1 0 0 2 0 0 2 1 1 1 1 1 1 2 2 1 1 2
1 1 1 2 1 2 1 0 1 0 2 1 1 0 0 1 0 1 1 0 0 0 0 0 0 1 0 2 2 1 1 1 2 2 2 0 2 1 1 1 1 1 0 0 1 1 1 0 1 1 1 1
0 1 0 1 1 0 2 0 0 2 0 1 0 2 0 2 1 1 2 2 1 1 1 2 2 0 1 2 2 1 1 2 0 2 0 0 2 1 0 1 1 2 1 1 0 2 1 1 1 1 1 1
13 16 10 16
23 41 86 113 142 160 193 221 210 328 376 284 465 388 502 539 556 596 488 695 543 578 556 815 760 793 693 721 1018 756 911 821 835 1078 1219 944 1004 1240 1114 1377 1142 1027 1063 1483 1394 1588 1231 1170 1171 1231 1407 1613
