52
30
1 2 1 2 1 1 1 0 0 1 2 0 1 2 1 0 1 0 1 1 1 0 1 0 1 1 1 1 2 1 1 1 2 2 2 1 1 1 0 0 0 1 1 1 0 1 1 1 1 1 1 1
0 0 1 0 0 1 0 2 1 2 2 1 0 2 1 1 1 1 0 0 1 0 1 2 1 1 1 1 1 1 1 0 1 0 1 1 0 2 1 1 2 2 1 1 2 1 1 1 1 1 2 2
2 1 1 2 0 1 1 2 2 2 2 1 0 0 1 1 1 0 0 2 0 1 2 1 1 0 2 1 2 1 2 2 1 2 1 1 1 0 2 1 1 0 1 1 2 1 0 0 1 0 0 0
1 1 0 1 1 0 1 1 1 0 0 0 1 0 2 0 1 0 1 2 1 2 2 1 1 2 0 1 2 1 0 1 2 1 1 2 1 1 0 2 0 2 1 2 1 1 1 0 1 1 1 1
2 1 2 2 1 2 2 1 2 1 1 1 2 1 1 1 1 0 2 1 0 1 1 0 0 0 2 1 2 0 1 2 2 1 1 0 2 1 2 0 1 1 2 1 1 1 1 1 1 1 1 1
1 1 0 1 0 1 1 1 2 0 0 0 1 1 0 1 0 2 1 1 2 2 1 2 2 2 1 1 0 1 1 1 0 0 2 1 1 0 1 2 1 2 2 1 0 1 0 0 0 1 2 2
1 1 2 0 0 2 1 0 1 1 1 2 2 1 1 0 0 1 2 1 1 1 1 0 1 1 1 2 1 1 1 2 1 1 1 1 2 1 1 2 0 0 2 2 0 1 1 1 1 1 1 1
1 2 1 1 1 0 0 1 1 2 0 2 0 1 2 2 0 1 0 1 2 2 1 2 0 1 0 1 1 1 1 0 1 0 0 0 0 1 1 2 2 2 1 1 1 2 1 1 1 0 2 1
2 1 1 1 2 2 1 2 2 1 1 2 1 1 1 2 1 0 2 0 2 1 0 0 2 1 1 2 1 1 1 2 1 0 2 1 0 2 0 0 1 2 0 2 0 2 2 0 1 0 1 0
0 2 1 1 1 0 1 1 0 2 0 1 1 1 1 2 2 2 2 2 0 1 1 1 1 2 0 0 0 0 1 2 0 1 1 0 0 1 1 1 2 1 2 1 2 0 1 2 1 2 1 2
0 2 2 0 0 2 1 0 2 2 1 1 2 1 0 0 0 1 2 0 1 1 1 1 1 0 1 0 2 2 2 2 2 2 2 2 1 2 2 2 1 1 0 1 0 2 1 1 0 0 1 1
1 1 2 2 1 0 0 2 1 1 2 2 1 2 2 1 1 0 2 2 0 2 1 1 2 2 1 2 0 2 2 1 1 0 1 1 1 1 0 0 1 2 1 0 2 2 1 1 2 1 2 1
1 1 1 1 0 2 1 1 1 2 0 1 1 0 0 1 1 0 1 0 2 0 1 0 0 0 1 1 1 1 1 2 1 2 1 0 1 0 1 0 0 1 2 1 0 0 1 0 2 0 1 0
1 0 0 2 1 1 1 0 1 0 0 0 0 1 1 1 2 1 2 2 1 0 2 2 0 2 1 0 2 2 1 1 2 0 1 0 1 0 0 1 2 1 1 1 1 1 1 0 2 1 1 1
2 1 1 2 1 1 1 1 2 1 2 2 0 0 0 1 1 1 0 0 1 0 1 0 1 2 2 0 2 0 2 1 1 0 1 2 1 1 1 0 1 0 0 0 1 1 1 0 2 1 1 1
0 1 1 0 1 0 1 1 2 0 1 1 0 1 1 2 2 2 2 2 1 1 2 0 1 1 1 1 2 0 1 1 1 1 0 1 1 1 1 2 0 2 1 1 0 1 1 1 1 2 2 2
1 1 0 2 1 0 1 1 2 2 1 2 2 0 1 0 1 1 1 0 1 1 0 1 1 1 1 1 1 2 1 2 2 2 1 1 1 1 0 1 1 0 0 1 1 0 1 1 0 1 1 0
0 0 0 0 0 1 1 1 0 1 0 2 1 1 0 0 0 2 1 1 2 2 1 1 1 2 1 1 1 1 1 1 0 1 0 0 1 1 1 1 1 1 1 2 1 2 2 0 2 1 1 1
2 1 2 1 2 2 1 1 1 2 1 1 1 1 1 0 1 0 1 1 2 0 1 0 1 2 1 2 1 1 1 2 1 1 1 2 0 1 1 1 2 2 1 0 1 0 0 1 2 0 0 0
2 1 0 2 1 1 1 2 0 1 2 1 0 0 1 2 1 2 1 0 0 2 1 1 1 2 1 1 2 0 1 1 0 2 2 1 1 2 1 2 2 0 1 2 1 1 2 0 1 0 2 0
2 1 2 1 2 1 2 1 1 0 2 2 2 1 1 1 0 1 0 2 1 0 1 1 1 1 1 2 1 1 0 0 2 1 0 1 2 1 1 0 2 0 1 1 1 1 1 1 0 0 1 0
1 1 1 1 1 0 0 1 1 0 0 1 0 2 1 1 1 2 2 1 1 2 2 1 2 1 1 0 0 0 0 0 0 0 2 1 0 0 2 1 0 2 0 1 2 2 0 0 1 1 2 2
1 2 2 0 2 1 1 1 1 0 0 2 1 0 1 0 2 0 1 1 0 0 0 1 1 1 1 2 1 2 0 1 1 1 0 2 0 1 1 1 0 1 1 0 1 0 1 1 0 2 1 1
1 2 0 0 1 2 0 0 1 1 1 2 1 1 0 2 1 1 1 1 2 0 2 1 1 1 1 0 0 1 1 0 1 1 1 1 1 1 0 2 1 1 1 1 1 1 2 1 1 1 1 1
1 1 1 2 1 0 2 1 2 2 2 2 2 0 1 1 1 2 1 2 1 1 2 0 2 1 1 1 2 2 2 2 2 1 1 1 2 0 2 1 1 1 1 1 0 0 1 2 1 0 0 2
2 2 1 1 0 0 1 1 1 2 0 0 0 1 2 2 2 1 1 1 2 1 0 1 2 1 1 2 1 1 1 1 1 1 0 0 0 1 2 1 1 0 2 0 2 2 1 1 1 2 1 2
2 2 2 2 1 1 1 1 1 1 2 1 0 1 0 0 1 1 0 2 0 0 0 1 2 0 2 2 2 0 2 2 2 1 2 1 1 1 2 1 0 0 0 2 1 1 0 1 0 2 0 2
0 1 1 1 2 0 1 2 2 0 1 1 1 1 2 1 1 2 2 1 1 1 2 2 1 1 1 1 0 0 1 0 1 1 1 1 2 2 2 2 2 1 0 2 2 2 1 0 1 1 2 0
1 1 2 1 2 1 0 1 1 2 1 1 0 0 2 1 1 0 2 0 1 1 0 1 1 2 2 1 1 1 1 1 1 0 1 1 0 1 1 1 1 1 0 0 1 1 2 1 1 1 0 0
0 1 1 1 1 1 1 0 0 0 1 2 1 1 2 1 1 1 2 0 2 2 2 2 0 1 1 1 1 1 1 1 0 1 1 2 0 0 0 1 1 1 2 1 2 2 0 2 2 0 1 2
17 24 10 24
37 66 87 114 186 172 189 276 264 340 383 449 412 412 542 567 519 620 673 638 708 713 589 823 785 837 852 990 816 768 793 1047 1108 1096 1035 1222 1172 1019 971 1413 1108 1368 1237 1309 1405 1315 1523 1629 1475 1761 1492 1617
