52
30
2 2 1 1 0 0 2 0 0 2 2 2 1 0 0 1 0 0 0 1 0 2 1 1 1 1 1 1 1 1 1 2 0 2 2 2 0 1 0 0 1 1 1 0 1 1 1 2 2 1 0 0
1 0 1 1 0 2 0 0 0 1 0 0 1 1 0 2 2 2 1 0 1 1 2 1 0 1 0 1 1 1 1 1 1 1 1 0 2 1 1 0 0 1 1 1 2 1 1 0 1 1 1 1
0 2 2 1 2 1 1 1 1 2 1 1 2 0 1 1 1 0 0 1 0 2 0 0 0 2 1 1 2 2 1 0 0 2 2 0 2 1 0 0 2 1 0 1 0 1 0 1 1 1 2 0
0 1 1 1 1 2 0 1 1 1 1 1 1 2 1 1 2 1 0 1 2 1 1 2 1 1 1 1 0 1 0 0 1 1 1 1 1 0 1 1 0 2 1 1 1 1 2 2 1 1 2 2
1 1 2 1 1 2 1 0 2 2 2 2 1 1 0 2 1 0 1 0 0 0 1 1 2 0 1 1 1 1 1 1 1 2 2 2 0 0 1 1 2 1 1 1 1 1 1 2 0 0 2 1
2 0 0 1 2 0 1 1 1 0 0 1 2 1 1 1 0 2 1 0 2 1 1 1 2 2 2 0 0 2 0 0 2 1 2 1 0 2 2 1 0 1 2 2 1 2 0 0 1 1 0 2
1 2 1 2 2 0 1 0 1 0 2 2 1 0 1 1 2 1 0 1 0 0 0 1 2 0 0 1 1 2 2 2 2 1 1 1 0 0 2 0 1 1 0 1 0 1 2 1 1 0 1 2
0 0 0 2 2 1 1 1 1 1 1 0 1 0 1 1 1 2 1 1 2 1 1 0 0 2 1 1 1 2 2 0 1 1 2 1 1 2 0 1 2 2 1 0 1 2 2 2 1 1 1 1
0 0 2 0 2 2 2 1 1 2 1 2 1 1 1 1 0 1 0 0 2 2 1 1 1 0 0 0 0 2 0 1 1 0 2 1 1 1 2 2 0 1 1 0 2 2 1 0 1 0 0 1
0 1 1 1 2 0 1 1 0 1 0 1 1 2 2 1 0 1 1 1 2 2 0 0 1 2 1 1 1 0 0 0 0 1 1 2 1 1 1 2 2 2 1 0 1 1 0 1 1 1 2 0
1 1 0 1 1 2 1 0 2 1 1 0 1 0 2 0 1 1 1 1 1 1 1 1 0 1 2 2 0 2 2 2 2 1 2 2 1 2 2 1 1 2 1 2 1 1 0 1 0 1 0 0
0 0 1 1 1 0 1 1 1 0 0 2 1 2 1 0 1 1 2 1 0 1 1 0 2 1 0 1 0 2 2 2 2 0 0 1 0 1 0 1 0 1 2 2 1 1 1 1 1 2 2 1
2 1 2 2 1 2 1 0 1 2 1 2 2 2 1 1 2 0 2 1 0 0 1 2 1 2 1 1 1 0 1 1 2 2 2 2 1 2 1 1 2 1 1 1 0 0 1 0 1 1 1 1
2 2 2 0 1 0 1 2 1 1 0 0 0 1 1 1 0 0 2 0 1 2 1 0 1 2 1 0 0 0 2 0 2 0 2 0 1 0 1 0 2 2 0 2 0 2 2 1 1 2 1 2
1 1 1 2 2 2 1 2 1 2 1 1 2 1 0 0 2 1 2 0 1 2 0 1 0 1 2 2 0 0 2 2 1 0 2 0 1 2 1 1 1 0 1 1 1 0 1 1 1 2 1 1
0 1 0 1 1 1 0 0 2 0 0 2 1 0 1 1 1 1 0 1 2 1 2 2 2 0 1 0 2 0 2 1 0 0 1 1 1 0 1 2 1 0 1 1 1 2 2 2 2 1 2 1
1 1 2 1 2 2 1 1 0 2 1 2 1 0 0 0 1 1 0 1 1 1 1 1 0 1 1 2 1 2 2 1 2 2 1 1 1 1 0 0 1 0 0 0 1 2 1 1 0 0 1 0
2 0 2 1 0 0 0 0 0 0 1 1 0 1 2 1 1 1 0 1 1 0 1 1 0 1 1 1 1 2 0 1 1 1 0 1 1 1 0 1 1 0 1 1 0 2 1 1 2 0 1 0
1 0 2 1 2 2 1 2 0 1 1 2 1 0 2 1 0 2 2 1 1 1 0 1 1 0 2 1 2 1 0 0 2 0 2 2 0 1 1 1 0 1 1 2 1 0 1 1 1 0 1 1
1 1 1 1 2 2 1 1 0 0 1 1 0 2 1 2 1 2 2 2 1 2 0 2 1 0 1 1 0 1 1 2 0 0 1 2 1 0 2 1 1 1 2 1 1 2 0 2 1 1 2 0
0 1 0 1 1 2 1 1 1 1 1 1 1 1 1 0 1 1 1 1 1 2 1 1 1 1 1 2 1 2 0 1 2 2 1 1 2 2 1 1 1 0 0 0 2 0 1 2 0 0 1 1
1 2 1 0 0 1 1 2 0 1 1 1 0 2 0 2 2 1 2 0 0 1 2 2 1 1 2 1 0 0 1 1 0 1 0 0 0 0 1 0 1 1 1 2 1 1 2 1 0 1 0 1
2 2 0 0 2 2 1 1 1 0 2 0 1 2 1 1 0 1 1 2 0 0 0 1 1 0 1 2 2 2 1 0 2 2 1 1 1 1 2 0 1 0 1 1 1 0 2 0 1 2 1 0
1 1 2 1 2 0 2 0 1 1 1 0 1 1 2 2 2 1 1 2 1 1 0 2 2 2 0 2 0 1 1 1 0 1 1 0 1 2 2 1 2 0 2 2 0 2 1 1 1 0 1 0
1 1 1 1 1 2 2 1 2 0 1 2 2 1 0 0 1 2 1 0 0 0 0 0 1 2 2 1 1 2 2 1 1 1 2 2 2 1 2 1 0 1 2 2 0 0 0 0 1 0 1 2
0 0 2 1 2 1 0 0 0 1 0 1 0 0 1 2 1 1 1 0 2 0 2 1 2 2 2 0 1 1 2 1 1 0 2 1 0 0 1 2 2 1 1 1 2 2 1 1 2 1 2 1
1 1 1 0 1 1 2 1 2 1 2 0 0 2 2 1 1 1 1 2 1 1 0 1 1 0 0 1 1 2 1 2 1 2 1 1 0 1 1 0 2 0 1 1 0 1 0 1 0 0 2 2
0 1 1 1 1 0 2 1 0 0 1 1 0 1 2 0 0 2 0 1 2 1 1 1 2 2 1 2 1 0 1 0 1 1 1 0 0 1 1 1 0 1 2 1 2 2 0 1 0 1 0 1
1 1 1 2 1 1 2 2 2 1 2 1 2 1 0 2 1 0 1 1 1 1 1 0 1 1 1 2 1 0 2 0 2 1 2 1 2 1 2 1 1 1 0 0 0 1 1 0 0 0 0 0
1 1 1 1 0 1 0 1 0 1 1 1 0 0 1 1 0 0 1 2 1 0 2 2 0 1 0 1 1 2 0 2 1 1 1 1 1 1 0 1 2 1 1 2 1 2 0 2 2 1 1 2
13 13 13 15
25 60 104 124 140 221 208 294 261 331 370 392 338 385 381 468 422 501 450 592 689 693 631 586 688 730 707 773 899 827 1064 761 1039 1141 1049 1272 1047 979 995 1374 1075 1250 1217 1244 1322 1567 1298 1313 1264 1458 1511 1331
