52
30
2 0 2 1 2 0 2 1 1 2 0 2 1 2 0 0 2 1 2 0 1 0 1 1 1 0 2 2 1 2 0 1 2 1 0 1 1 2 0 1 1 1 2 2 1 0 1 2 0 1 1 0
2 1 1 2 0 1 1 1 0 2 1 0 0 1 1 2 1 1 2 1 0 1 1 2 2 1 2 1 1 2 1 1 0 1 1 1 0 1 0 1 1 2 0 1 2 1 1 1 1 2 1 1
1 2 1 2 0 1 1 1 2 0 1 0 1 1 1 1 1 1 2 2 0 0 1 1 1 1 2 1 1 0 1 2 1 1 1 1 2 2 1 0 1 0 1 0 0 1 1 2 2 1 1 0
0 2 0 0 0 1 0 0 1 0 0 2 0 1 2 2 1 1 2 2 1 2 1 2 2 1 0 1 0 2 1 0 2 2 0 1 2 0 1 1 2 1 1 2 1 1 2 2 1 0 2 1
2 1 1 2 1 1 1 1 1 1 1 1 1 1 1 0 1 0 0 0 1 1 1 2 2 0 1 1 1 0 2 1 1 1 0 0 2 2 2 0 0 0 2 1 2 0 1 0 1 1 1 0
1 1 0 2 1 1 1 0 0 1 0 0 1 2 1 1 1 2 1 0 0 1 0 1 0 2 1 1 1 0 1 0 1 1 1 0 1 1 0 1 1 2 1 2 1 2 0 2 0 2 1 1
1 2 0 1 1 2 2 0 0 2 2 2 2 0 0 0 1 1 0 2 1 0 0 0 2 1 1 1 1 1 1 1 0 1 1 2 1 0 1 1 1 0 2 1 1 0 1 1 1 1 0 2
0 0 1 1 2 0 2 0 0 1 1 1 1 1 1 1 0 1 1 1 1 1 0 0 0 1 1 1 0 0 0 1 1 1 1 1 1 0 1 0 1 1 0 0 1 2 1 0 0 1 2 2
2 1 1 1 1 1 2 2 2 2 1 1 2 1 1 0 1 0 0 1 1 1 1 1 1 1 0 2 1 1 1 2 1 2 1 2 0 0 2 1 1 0 2 0 1 0 2 1 1 0 0 0
2 1 1 1 0 0 2 1 0 0 1 0 1 1 1 2 1 2 2 1 1 1 1 1 2 2 1 2 0 0 2 1 0 0 1 0 1 1 0 2 2 1 2 2 0 1 0 2 1 2 1 2
1 0 1 1 2 0 1 1 2 0 1 1 1 1 2 1 0 1 1 0 0 1 0 0 0 1 1 2 2 1 1 1 2 2 1 1 2 2 2 0 1 0 0 2 1 1 1 1 1 0 1 0
0 0 0 1 1 2 0 0 1 1 2 0 1 0 1 2 2 1 2 1 1 2 2 1 1 2 0 0 1 1 0 1 0 0 2 2 1 0 0 0 2 2 1 1 2 1 2 2 1 0 1 1
0 1 1 2 2 0 2 2 1 1 1 2 1 1 1 0 0 1 0 2 1 0 1 1 0 2 1 1 0 1 1 0 2 1 1 0 1 2 1 2 1 2 1 0 1 0 1 1 0 0 0 1
0 0 1 1 2 0 0 1 1 1 0 0 1 2 1 1 1 2 2 1 1 1 1 2 2 1 1 1 0 1 1 2 0 1 1 2 1 2 0 2 1 1 2 2 1 1 2 2 2 2 2 2
1 2 0 1 1 1 2 1 2 0 1 0 1 2 1 0 1 1 0 0 1 1 0 0 1 1 2 1 1 2 2 1 2 1 1 1 2 1 1 0 1 0 0 1 1 1 1 1 0 0 2 0
0 0 0 0 2 0 0 1 1 0 1 1 0 0 2 1 1 1 0 2 1 0 0 1 2 1 0 2 0 0 0 1 1 1 0 1 0 0 1 1 2 1 2 2 2 1 1 0 1 1 1 0
2 0 1 1 2 2 2 1 2 1 2 1 1 0 1 1 2 2 1 1 2 0 1 0 1 2 1 1 2 1 2 1 1 0 0 1 1 0 1 1 1 0 1 1 2 1 0 2 1 0 1 0
0 1 1 1 0 0 0 1 1 1 0 1 0 0 2 1 1 1 0 2 2 1 2 1 2 1 1 1 0 1 1 1 1 1 1 2 2 1 0 2 1 1 2 1 2 1 2 0 0 1 1 1
1 2 1 1 1 1 1 2 1 2 1 2 1 1 1 1 1 1 0 1 1 1 1 1 1 0 1 2 1 1 1 1 1 2 2 1 2 2 2 2 2 1 0 0 0 1 1 1 1 0 0 1
1 0 2 0 0 1 0 1 2 0 0 2 1 0 1 2 2 1 1 0 1 2 0 1 2 2 1 0 1 0 1 1 0 0 2 0 0 1 1 1 1 1 1 1 1 1 2 2 0 1 1 1
0 2 0 1 1 2 1 2 1 2 1 0 2 0 1 2 1 0 1 1 0 0 2 0 0 0 1 1 2 0 0 2 1 2 2 1 2 0 1 2 0 1 2 1 0 2 1 1 1 2 2 1
0 2 0 0 0 1 1 1 0 2 2 0 0 2 1 2 2 1 1 1 0 2 2 1 1 0 0 1 2 1 2 1 0 1 1 1 0 1 0 1 1 1 0 1 1 0 1 1 2 1 1 1
0 1 1 2 0 2 2 1 2 1 1 2 2 1 2 0 1 1 1 2 2 1 1 1 1 2 0 1 2 1 1 1 2 1 2 2 0 1 1 0 0 2 1 1 0 1 1 1 1 0 0 2
1 0 1 0 0 2 0 1 1 1 1 1 0 2 2 1 0 2 2 1 1 0 1 2 0 2 1 0 1 2 0 1 2 1 0 2 0 2 1 1 1 1 1 1 1 0 1 1 2 2 0 1
0 0 1 1 2 2 0 2 0 1 1 2 1 1 2 1 0 2 1 1 0 0 1 1 1 0 2 1 2 1 1 2 1 1 0 1 2 2 2 0 1 0 2 0 0 2 1 1 0 0 1 1
1 1 2 1 1 0 2 0 1 2 0 2 2 0 2 2 2 1 0 2 1 1 0 2 2 1 1 2 1 1 1 1 2 2 2 0 0 1 0 0 1 1 2 1 2 1 0 1 1 1 1 2
2 1 2 0 2 1 2 1 1 2 0 2 0 0 0 2 0 2 0 0 1 1 1 0 1 1 2 1 1 0 1 2 1 1 2 1 1 2 2 1 1 2 1 1 0 0 2 0 0 0 0 1
2 1 2 0 0 1 1 0 1 1 1 1 0 0 1 0 1 2 1 2 2 1 1 2 1 2 1 2 1 0 1 2 2 2 0 0 2 0 0 1 2 1 0 0 1 1 2 1 2 1 1 1
1 1 1 1 1 1 1 2 2 1 0 1 0 1 0 2 0 1 0 1 1 1 1 1 1 2 2 0 1 1 2 0 1 1 0 2 1 2 1 1 2 0 2 0 1 0 1 1 1 1 0 0
2 2 1 0 0 1 2 2 1 1 1 0 2 2 1 2 1 1 1 1 2 2 1 0 2 2 2 1 1 1 0 0 1 0 0 2 1 1 0 1 2 1 0 2 1 1 1 1 2 1 1 2
13 17 13 15
33 48 80 95 130 166 216 236 238 303 315 309 420 356 425 523 586 498 573 596 594 760 752 771 688 848 738 786 828 1060 1057 1112 1067 916 1170 1001 1102 1057 1341 954 1048 1431 1303 1529 1182 1219 1610 1598 1702 1562 1216 1317
