52
30
0 0 1 2 0 2 2 2 0 0 1 1 1 1 1 1 0 2 0 1 2 0 0 1 1 1 0 1 0 2 1 1 1 2 0 0 1 1 0 2 0 1 1 1 1 0 0 0 0 1 2 1
1 0 1 1 0 1 0 1 2 1 1 1 0 2 2 1 2 2 1 0 1 1 2 2 2 2 1 1 1 0 0 0 0 1 1 1 2 1 1 1 1 1 1 2 1 2 2 2 0 1 1 2
2 2 2 1 1 2 0 2 1 1 1 2 2 1 1 1 0 2 1 1 1 1 0 1 1 1 1 1 1 2 1 1 1 1 2 1 2 2 1 1 0 1 1 0 1 1 0 0 2 0 1 0
1 1 0 1 0 0 0 1 2 1 1 1 2 1 1 2 2 1 1 1 1 2 2 1 1 0 1 2 1 1 0 0 0 1 1 2 0 0 2 1 1 2 2 2 0 1 1 1 1 1 2 2
2 1 1 2 1 2 1 1 2 1 2 2 2 1 1 1 1 0 0 1 1 0 0 0 1 1 1 2 1 2 1 1 2 0 1 1 1 2 1 1 0 1 1 0 0 1 1 1 0 1 2 1
1 1 0 1 1 1 1 1 0 1 1 0 0 2 1 1 1 1 1 1 2 0 1 2 0 2 0 1 1 1 1 1 0 2 0 1 1 1 0 1 0 1 1 2 2 1 2 2 1 0 0 1
1 2 0 2 1 2 1 1 2 1 1 1 2 1 0 0 0 1 2 0 1 0 2 2 1 0 0 1 0 2 1 2 2 2 1 1 1 1 1 0 1 1 0 1 0 1 1 1 0 1 0 1
0 1 0 1 2 0 1 1 0 1 1 2 2 1 2 1 2 1 2 1 1 1 1 1 1 1 1 2 0 1 0 0 2 0 1 1 0 2 0 2 1 2 1 1 1 1 2 2 1 1 1 2
1 1 2 2 2 0 1 1 2 1 1 2 2 2 2 2 1 2 0 1 1 1 2 1 1 1 1 1 2 0 0 1 2 2 1 1 0 1 2 2 2 1 1 1 2 0 1 1 1 1 0 1
2 0 1 0 1 1 2 0 1 0 0 0 1 2 1 2 1 0 1 0 1 0 1 1 2 0 1 1 1 0 0 1 0 2 1 1 2 0 1 1 0 2 1 2 2 2 1 1 0 0 1 1
2 2 0 1 1 1 0 1 1 1 0 0 1 0 1 1 0 2 1 0 0 2 1 1 1 1 2 2 2 2 1 1 1 1 2 0 2 1 2 1 0 1 1 1 1 2 0 1 1 0 0 0
1 1 1 0 0 0 0 2 1 2 1 0 0 2 1 1 0 2 1 2 0 0 0 2 2 1 1 0 1 1 1 1 1 0 0 1 0 0 0 1 0 2 2 2 1 1 0 0 0 1 0 1
2 1 2 0 1 0 2 0 0 2 2 0 0 0 0 1 1 1 1 0 2 0 1 0 0 2 1 1 1 1 1 1 2 2 1 0 2 1 1 1 0 2 1 2 2 1 1 0 1 1 0 0
0 1 0 2 0 0 2 1 0 1 1 0 2 2 1 0 1 1 0 1 0 0 2 1 2 0 0 1 0 0 2 1 2 1 0 1 0 1 0 2 2 2 2 1 2 2 2 2 2 2 2 1
1 1 2 1 1 0 0 2 1 2 0 1 1 0 0 2 1 0 0 1 1 2 1 1 1 0 1 1 2 2 1 1 1 1 1 2 1 0 1 1 0 0 1 0 1 2 1 1 1 0 1 0
0 2 1 1 0 1 2 0 0 1 1 0 1 2 1 2 0 2 2 1 2 1 1 2 1 1 0 1 2 1 0 0 1 1 1 0 0 2 2 2 1 2 1 2 1 1 1 0 1 1 2 1
1 1 1 1 1 1 0 1 2 1 2 0 1 1 1 0 1 0 1 0 2 1 1 1 1 1 2 1 0 2 1 1 1 2 2 1 1 2 0 1 1 1 1 1 1 0 2 2 1 2 0 1
0 1 1 0 1 1 0 1 1 2 0 1 0 1 2 1 1 2 1 1 1 2 1 1 0 1 0 1 0 1 1 0 1 1 1 1 2 0 0 0 1 2 2 1 2 2 2 1 1 1 1 1
1 0 1 1 2 2 1 1 0 2 0 0 0 2 2 1 2 2 1 1 1 1 0 0 1 1 2 2 2 2 0 1 1 0 1 1 1 1 1 1 1 1 2 1 0 2 2 2 1 2 0 0
2 0 2 1 1 1 1 0 0 0 0 1 2 1 0 1 1 1 1 2 0 1 1 1 1 2 1 1 1 2 0 1 1 0 0 0 1 1 1 2 1 1 2 2 1 2 1 0 1 2 1 1
2 1 1 1 2 2 2 1 2 0 1 0 2 0 2 2 0 2 2 1 0 0 1 0 1 1 2 1 0 2 1 1 0 2 2 1 2 2 1 1 1 0 0 1 1 0 1 0 0 1 2 1
1 0 2 2 0 0 0 0 1 1 0 2 1 1 0 1 2 2 2 1 0 2 2 0 1 1 0 0 2 0 1 0 2 1 2 1 0 1 1 1 1 2 1 1 1 2 2 2 2 2 1 1
1 2 0 0 0 1 0 1 1 2 1 1 1 1 1 0 2 1 1 1 1 0 1 2 1 0 1 1 1 2 1 1 1 1 1 2 0 0 2 0 1 2 2 0 0 1 1 1 0 1 0 1
1 1 1 0 2 1 0 0 2 0 0 1 2 1 0 2 1 2 1 1 2 1 1 1 1 1 1 1 2 1 0 1 2 0 0 1 1 1 2 1 1 1 1 2 2 2 1 1 1 1 0 1
0 2 1 1 1 1 1 0 1 0 2 1 2 1 1 0 1 1 1 1 1 2 1 1 2 0 1 2 0 1 1 2 1 1 1 2 2 2 1 1 1 1 1 1 0 2 2 2 0 1 0 1
2 2 1 0 1 2 1 2 2 2 2 0 1 0 2 2 1 1 0 1 1 1 1 0 2 2 1 0 2 0 0 0 0 1 1 1 0 2 1 0 0 0 1 1 2 1 2 1 2 1 1 0
2 1 0 1 0 1 2 1 1 2 0 2 0 2 2 2 1 1 2 0 1 1 1 0 2 2 1 2 1 2 1 1 0 1 2 0 1 2 2 0 1 0 1 1 2 1 1 1 1 2 1 1
1 2 0 1 2 1 0 1 1 2 2 0 0 2 0 2 1 0 1 1 1 2 1 0 1 2 2 1 1 0 1 2 0 0 0 1 1 1 0 1 1 1 1 0 1 0 0 1 1 2 1 2
0 1 1 2 2 0 1 1 0 1 2 1 2 0 1 0 0 1 2 1 0 1 1 2 1 1 2 2 1 1 2 1 0 1 1 0 1 2 2 1 1 1 0 0 2 0 1 0 1 2 1 0
1 1 0 0 1 1 1 1 0 1 1 1 1 2 0 0 1 1 1 0 2 1 2 2 2 1 1 1 1 0 0 0 0 1 0 1 0 1 1 2 0 2 2 1 2 0 1 1 2 2 0 1
12 11 8 8
33 59 100 139 141 193 233 243 265 324 300 296 316 328 423 441 483 511 639 633 561 543 743 624 653 911 780 752 942 867 944 961 828 894 1020 1000 1205 1173 966 1332 1029 1120 1122 1257 1549 1651 1239 1319 1476 1699 1709 1783
