52
30
0 1 0 0 2 1 2 0 0 1 2 1 0 2 0 1 1 1 2 0 0 0 1 1 0 1 2 2 1 1 2 1 2 1 1 1 1 1 2 0 2 1 0 1 1 1 0 0 0 1 1 0
0 2 0 1 1 1 1 1 1 0 1 1 2 2 1 1 1 0 2 1 1 1 1 1 1 1 1 1 1 1 0 1 1 1 1 1 1 1 1 1 1 0 1 1 2 2 1 2 1 2 1 2
2 2 2 1 1 1 2 2 2 1 2 1 1 1 0 2 0 1 1 0 0 1 0 1 2 0 0 1 2 1 1 1 0 1 2 2 2 1 1 1 2 0 1 0 1 1 1 0 1 0 2 0
0 1 0 1 2 1 2 1 1 1 0 1 0 1 1 0 1 2 1 2 1 1 2 2 1 1 0 2 1 2 1 1 1 0 0 1 1 1 1 1 2 2 1 0 1 0 2 2 2 1 1 1
1 2 1 1 2 0 0 1 1 1 2 1 1 0 0 0 0 0 1 1 1 1 1 1 1 0 2 1 1 1 1 1 2 1 1 0 1 1 1 1 1 1 0 0 1 1 0 1 1 1 0 1
1 0 2 1 1 0 0 1 0 1 0 0 1 2 1 1 1 2 1 2 2 2 1 0 2 1 2 1 1 2 1 1 0 0 1 1 0 1 1 2 0 1 0 1 1 1 1 1 1 1 0 1
0 1 0 0 0 1 2 2 1 2 2 1 1 1 1 1 1 1 1 1 0 2 0 1 1 0 2 2 2 1 1 2 1 0 1 1 1 2 2 0 0 0 0 0 1 1 0 1 0 2 0 0
1 0 0 0 1 1 0 1 1 1 0 0 0 2 0 1 2 1 1 1 1 0 1 1 1 1 0 0 2 0 1 0 1 1 1 1 1 2 0 2 1 0 1 0 2 1 2 2 1 1 1 1
2 1 1 1 2 1 0 1 2 0 2 1 2 2 0 0 1 1 1 1 1 0 0 0 2 1 1 1 1 2 1 1 2 1 0 1 2 1 1 1 0 1 2 2 0 1 1 2 1 1 1 0
1 0 1 1 1 1 2 1 1 0 0 2 0 0 2 1 1 1 1 1 1 2 2 1 1 1 1 1 0 1 0 2 1 0 1 1 0 0 1 1 2 2 1 0 1 1 2 0 2 2 0 2
2 2 2 2 2 0 1 0 1 1 1 1 1 0 1 1 0 2 2 0 1 0 1 0 1 1 2 1 1 2 1 1 1 2 2 1 1 1 1 0 1 0 0 0 0 1 1 1 1 0 0 0
1 0 1 1 1 0 2 0 0 2 1 1 1 1 1 1 0 1 1 2 2 1 0 1 1 0 0 1 1 1 0 1 2 2 0 2 0 1 0 1 1 1 2 0 2 0 2 0 1 1 2 1
1 2 1 1 1 1 1 1 1 1 1 0 1 1 0 0 1 2 0 0 1 2 0 0 0 0 0 2 1 1 0 2 1 1 2 1 1 1 2 0 0 0 0 1 0 1 2 0 0 1 1 0
2 1 1 0 2 1 1 0 2 1 1 1 1 1 1 2 2 1 2 2 1 1 1 1 1 1 1 2 1 1 0 2 2 1 0 1 0 1 2 2 1 1 1 1 0 2 1 1 2 2 1 2
2 1 2 1 2 0 1 1 1 1 1 1 2 1 0 1 0 1 0 1 0 0 0 1 0 2 1 2 1 0 1 2 2 0 2 1 1 0 1 0 0 1 0 1 2 1 1 0 0 0 1 1
2 2 0 1 2 2 2 0 1 0 1 0 0 0 2 2 2 1 1 1 1 2 0 0 2 1 0 2 0 0 0 1 0 1 1 0 1 0 2 1 1 1 1 1 1 2 1 1 1 1 1 1
2 1 2 1 0 1 0 1 0 2 0 2 2 0 0 1 1 0 1 1 0 1 0 0 1 0 1 1 0 0 2 1 0 2 2 2 2 0 0 0 1 0 0 1 1 2 0 0 0 1 0 2
2 1 0 0 0 0 0 1 1 2 1 0 1 2 1 2 2 0 2 0 1 0 2 1 0 1 1 0 1 1 1 1 0 0 0 1 0 0 1 0 1 2 1 1 1 1 1 1 2 2 1 1
2 2 0 2 0 2 2 1 1 1 1 2 1 1 0 1 0 2 0 1 0 2 0 0 0 0 1 1 2 0 1 1 1 1 1 0 2 1 1 1 2 0 1 1 0 0 1 2 0 2 1 2
0 0 1 0 1 1 1 1 0 2 1 0 1 2 1 1 1 0 2 2 1 0 2 0 1 2 1 1 1 2 1 1 0 1 0 1 1 0 1 1 2 0 1 0 2 2 2 2 0 2 0 1
0 1 1 0 1 1 1 2 2 1 1 0 1 2 1 1 0 1 1 2 1 1 2 0 0 1 1 1 2 1 1 1 1 2 1 2 1 2 1 1 2 0 0 1 0 0 2 0 1 0 0 0
2 1 1 1 0 2 2 1 1 2 1 2 0 2 2 1 1 2 0 2 1 0 0 1 2 0 0 1 0 0 0 0 1 0 1 1 1 1 2 2 2 1 1 2 1 1 0 1 2 2 0 1
1 1 2 0 2 2 2 1 1 2 0 0 0 1 1 2 1 2 1 1 0 0 0 0 1 1 2 1 0 2 0 1 1 1 1 1 1 2 2 2 1 1 0 0 0 0 1 2 0 1 0 2
1 1 1 2 1 1 1 2 1 1 0 1 1 1 2 1 2 1 1 1 1 1 2 1 1 1 1 2 1 2 0 2 1 0 2 0 1 2 1 1 1 0 2 2 0 1 2 1 2 1 1 1
1 1 2 2 1 1 2 0 2 2 1 2 2 0 2 1 1 2 0 1 0 1 0 1 1 2 1 2 1 0 2 1 2 1 1 1 2 1 1 1 0 0 1 1 0 1 1 2 0 1 1 0
0 2 0 1 0 1 2 0 2 1 2 0 1 2 1 1 1 0 1 2 1 0 0 2 2 1 2 1 2 1 0 2 1 1 2 1 1 2 1 0 0 0 2 1 2 1 1 1 1 2 1 2
1 1 2 0 0 1 0 0 1 2 1 1 2 0 2 1 1 1 1 0 0 2 1 1 0 1 2 1 2 1 1 1 0 2 2 1 2 1 2 2 2 1 1 1 0 2 1 0 1 2 0 1
1 1 2 1 0 1 0 1 1 2 0 2 1 2 2 2 1 1 0 1 1 1 2 1 1 2 0 1 1 1 0 0 1 0 1 1 1 1 1 2 0 1 1 1 1 2 1 1 1 2 2 2
2 1 1 0 0 0 1 2 2 1 1 2 2 1 2 1 0 0 2 1 1 2 0 2 1 1 1 1 0 1 1 2 2 1 0 0 0 2 1 1 1 0 0 0 1 0 0 0 1 2 0 1
0 1 1 1 2 1 0 1 0 1 1 0 1 0 1 1 2 1 1 0 2 1 1 1 2 1 1 1 2 1 0 1 1 2 1 2 0 0 1 1 1 1 2 1 1 2 0 1 1 1 2 0
12 16 6 7
39 59 76 139 135 177 224 236 216 321 344 309 379 486 452 485 592 439 484 638 510 736 749 694 715 897 713 869 697 791 731 1132 1136 922 898 1056 1228 969 999 1226 1210 1308 1488 1291 1420 1308 1408 1259 1157 1196 1271 1451
