52
30
2 2 1 1 1 2 2 2 2 1 0 2 2 1 0 2 0 0 1 1 0 0 0 1 1 0 1 1 0 1 1 1 2 2 0 0 0 2 0 0 1 1 1 1 1 0 2 1 0 0 2 1
1 1 0 1 1 1 0 1 1 1 1 0 1 1 1 2 0 1 1 2 1 1 2 2 0 2 1 2 1 2 1 1 0 1 1 1 1 1 2 2 0 0 2 1 0 0 2 1 2 2 2 0
0 1 1 1 1 2 1 0 1 0 2 2 1 1 1 2 1 0 1 1 1 1 2 0 1 0 1 2 2 0 1 1 2 1 0 0 1 2 1 1 0 1 1 1 0 0 1 2 1 1 0 2
0 0 0 2 0 1 1 0 1 0 1 1 1 1 2 1 0 1 2 2 0 1 0 1 1 1 1 0 0 1 1 1 1 0 0 2 1 0 1 1 2 1 1 2 1 1 1 0 1 1 1 1
1 2 1 2 2 1 1 2 1 0 1 1 1 1 1 0 2 0 0 1 1 1 2 2 2 0 1 1 2 2 0 2 2 1 2 0 2 1 2 1 1 0 0 1 0 1 1 0 1 0 0 2
0 0 0 0 1 2 0 1 1 0 0 0 0 2 1 2 1 2 2 2 0 1 0 2 0 1 1 0 1 0 1 0 2 0 0 0 0 0 1 1 1 2 1 1 1 2 2 2 2 0 2 0
2 1 1 2 0 0 0 1 1 1 2 1 2 0 0 1 1 1 0 1 0 0 1 0 1 0 1 1 0 2 0 1 2 2 1 1 2 2 1 1 0 2 1 0 1 2 0 1 1 0 1 1
1 2 0 1 1 0 0 0 0 1 1 1 2 1 1 1 0 1 1 1 1 2 1 2 0 1 2 0 0 0 1 1 1 0 0 1 1 0 0 2 1 1 0 2 1 0 2 1 0 1 1 2
1 1 1 1 1 0 0 1 1 1 2 1 2 1 1 1 1 1 0 1 1 0 1 2 1 2 0 1 1 0 1 0 2 1 0 1 2 2 1 1 2 1 0 2 1 0 0 0 1 1 1 1
1 0 1 0 0 0 1 0 1 2 1 0 2 2 1 1 1 2 1 2 1 1 0 2 1 1 0 1 0 1 0 0 0 0 1 1 0 1 1 1 0 1 2 1 1 1 1 0 1 2 0 2
1 2 2 1 0 2 0 1 2 2 1 1 0 1 0 2 1 0 0 2 0 2 0 0 2 1 2 1 1 2 1 0 0 1 2 1 1 2 1 1 1 1 1 0 0 2 1 0 0 1 0 0
1 1 0 2 1 1 1 2 0 2 1 0 1 1 0 2 2 2 1 0 2 2 2 2 1 1 1 1 1 1 1 0 0 1 0 1 2 1 0 2 1 0 1 2 1 2 0 1 1 0 2 2
1 2 1 1 1 1 0 2 1 1 1 0 2 2 1 0 0 0 1 1 2 0 0 1 2 1 1 2 2 0 1 1 2 2 2 2 2 2 1 2 2 1 0 1 1 2 0 1 2 1 1 0
2 1 1 0 0 1 1 2 0 0 2 0 0 1 2 1 1 1 2 1 1 2 2 1 2 1 1 2 0 0 0 1 1 0 2 0 1 1 2 1 2 2 1 2 2 1 0 1 1 1 1 2
1 1 1 0 1 1 2 1 1 1 1 2 2 1 0 1 1 0 0 0 2 1 2 2 0 0 2 2 0 2 1 0 1 1 1 0 0 0 1 1 1 0 0 1 0 1 0 1 0 2 2 2
0 0 1 0 2 1 1 2 1 1 0 0 2 1 2 1 2 0 1 2 1 1 2 1 1 0 0 2 1 1 0 1 1 1 0 0 1 1 0 2 1 0 1 1 2 1 0 2 0 1 2 2
2 1 0 1 2 0 2 2 1 2 2 0 1 0 1 1 1 1 2 0 1 0 0 1 1 1 1 1 1 1 2 2 0 1 2 2 1 2 1 1 1 1 0 1 0 0 1 1 1 1 1 2
2 1 1 0 0 1 1 0 1 1 1 2 1 2 2 2 1 1 0 1 2 2 2 1 1 2 2 1 0 0 0 1 1 0 0 0 0 2 1 2 1 2 0 1 2 2 2 1 0 0 2 0
2 2 2 1 1 1 2 2 2 1 1 1 0 0 2 1 1 2 1 0 1 0 1 0 2 1 1 1 0 1 2 1 1 2 1 1 1 1 2 1 1 1 1 1 1 0 1 1 0 1 2 0
1 0 1 1 1 0 1 1 2 1 1 1 0 1 2 2 2 2 1 1 2 2 2 1 2 1 0 2 2 1 1 1 1 0 0 2 1 1 1 2 2 2 2 1 2 1 1 2 1 0 1 1
1 1 1 0 1 0 1 2 2 1 2 1 2 1 2 0 1 2 1 2 1 0 1 0 0 1 2 1 1 1 2 2 1 1 2 1 1 2 2 0 1 1 1 0 1 0 1 1 0 0 0 1
0 2 0 0 1 2 1 0 1 2 0 0 0 1 2 2 2 2 1 1 2 2 2 1 1 2 1 1 0 0 2 0 1 1 0 1 0 1 1 1 1 2 2 1 1 2 0 2 1 0 1 1
1 1 1 0 0 1 1 2 2 1 1 1 1 2 0 1 0 0 1 1 1 1 0 0 1 1 1 1 1 1 2 1 2 1 1 1 2 1 1 1 1 2 1 1 0 0 2 2 2 1 0 0
1 0 0 0 1 1 1 0 2 2 0 1 1 1 0 0 1 2 0 1 1 2 0 0 0 1 1 1 1 1 1 1 0 0 1 0 0 0 0 1 1 0 1 1 1 1 2 1 2 2 1 1
1 2 2 1 2 0 1 1 1 1 1 2 1 2 0 1 0 2 1 2 0 2 0 1 0 1 1 2 2 1 1 1 1 1 2 2 1 1 2 2 1 1 0 2 1 1 0 1 0 0 1 0
0 1 1 1 0 2 0 1 1 0 1 1 0 1 2 1 1 2 2 1 1 1 2 2 2 1 2 1 2 1 1 1 1 0 1 1 2 1 0 0 1 2 1 1 1 1 1 2 0 1 0 1
2 1 2 1 2 1 2 1 0 1 1 2 2 0 1 1 0 1 1 1 1 1 2 0 1 1 1 2 1 2 2 2 1 2 2 1 0 1 0 1 1 0 1 1 1 1 1 1 2 1 1 0
0 2 1 1 1 0 2 2 1 1 1 0 1 1 0 2 1 1 1 1 0 1 1 2 2 1 2 1 1 2 1 0 1 0 0 0 1 0 0 1 1 2 1 1 1 2 2 2 2 2 2 2
1 1 2 1 0 2 2 1 1 1 2 1 1 1 2 0 1 2 1 1 1 2 1 1 1 1 1 1 1 1 2 0 1 1 0 2 2 1 0 0 1 0 1 0 1 1 2 1 2 0 0 0
1 1 0 0 1 0 2 0 1 0 0 0 0 2 2 2 1 2 0 2 1 0 1 2 2 2 0 1 1 0 0 1 1 0 2 1 1 2 1 2 1 1 1 2 1 2 0 2 2 0 1 1
14 17 18 17
34 50 94 121 161 136 170 263 264 293 381 373 365 356 403 509 526 539 467 545 702 772 600 625 822 641 657 867 968 978 863 841 922 1098 927 869 1254 1352 1176 976 1063 1338 1531 1322 1357 1110 1678 1214 1636 1618 1780 1621
