52
30
0 1 1 0 1 1 1 1 2 1 2 2 2 1 0 1 2 2 0 0 0 0 1 1 1 2 1 1 1 2 2 1 0 1 2 1 1 1 1 0 2 0 1 2 2 0 1 1 1 1 1 2
0 1 0 0 0 0 2 1 1 1 1 2 1 1 0 1 2 1 1 1 2 1 1 1 1 2 1 0 0 1 0 0 1 0 1 0 1 1 1 0 0 1 1 1 1 1 1 0 1 1 0 1
1 1 1 2 2 1 1 0 1 0 2 2 2 1 0 1 1 1 1 1 1 2 1 1 1 2 2 1 1 2 2 1 1 0 2 1 2 1 1 1 2 0 0 1 0 0 1 2 1 1 1 0
1 1 1 1 1 0 0 1 1 0 1 1 2 0 2 1 0 1 2 1 1 1 1 2 1 2 0 2 0 2 1 2 1 1 1 0 0 0 0 2 2 2 2 1 1 1 1 1 1 0 1 1
0 2 0 1 1 1 1 2 1 0 0 1 1 1 2 1 1 2 1 1 1 2 1 0 1 1 1 2 2 1 2 1 2 1 2 1 2 1 1 1 2 0 1 1 1 1 0 1 0 0 1 0
0 0 1 0 1 0 2 0 1 1 1 0 1 1 2 1 1 1 0 1 1 2 2 1 0 2 2 1 1 2 1 0 1 0 0 1 0 1 1 0 0 2 2 1 1 2 2 1 2 1 1 2
1 0 2 0 1 0 1 1 2 2 2 1 0 0 0 1 0 2 1 1 0 0 1 1 1 1 1 1 1 1 0 1 1 1 2 1 2 1 0 0 1 1 1 1 1 2 0 2 2 0 0 1
0 1 0 2 2 0 1 0 1 0 1 2 2 0 2 1 2 1 2 1 2 1 1 1 2 2 1 0 2 1 1 1 1 0 0 0 2 1 1 2 2 1 1 1 1 0 2 2 1 1 2 1
2 0 1 0 1 0 1 1 0 1 2 2 1 1 1 0 0 0 1 1 1 1 1 1 2 1 2 2 0 1 1 1 2 1 2 1 1 0 1 2 0 1 0 2 1 2 1 1 1 0 0 1
1 1 1 1 1 1 0 1 0 1 1 2 2 0 2 2 2 1 1 1 2 2 1 0 1 1 0 1 1 1 0 2 0 0 2 2 0 0 1 1 1 1 1 2 0 1 1 0 0 1 1 2
2 2 2 0 2 1 1 2 2 1 2 2 2 1 2 1 1 2 0 0 1 1 1 0 1 1 2 1 1 1 1 2 0 2 1 1 2 0 1 2 1 1 1 0 1 1 0 2 1 1 1 1
0 0 1 0 0 1 1 0 1 0 2 1 1 2 0 2 1 1 0 2 2 2 2 1 2 1 0 0 2 1 2 2 1 0 1 1 2 1 1 2 2 1 1 0 2 1 2 1 1 2 1 2
1 2 2 2 0 2 1 0 1 1 2 1 1 0 1 1 1 1 0 0 1 1 0 1 1 2 2 2 1 1 0 2 1 1 1 0 1 1 1 2 1 0 0 1 0 1 1 1 0 1 0 0
1 1 0 1 1 0 0 0 2 1 0 2 1 0 0 0 2 1 1 2 2 2 1 1 0 2 0 2 1 1 1 0 1 0 0 1 2 1 2 1 2 0 2 1 1 1 0 2 2 1 1 2
1 2 2 2 1 1 2 2 2 2 0 2 1 1 1 1 2 1 0 1 1 2 0 2 0 1 2 2 1 1 2 2 1 1 2 0 2 1 2 0 0 2 1 0 0 1 2 1 0 0 1 1
2 1 1 2 0 1 1 1 2 0 0 2 0 0 0 1 1 1 1 1 0 0 1 2 1 1 1 2 1 1 0 0 1 0 2 1 0 1 1 1 1 2 1 0 1 2 2 0 2 0 2 1
1 2 0 2 1 2 1 0 1 2 1 1 1 0 0 0 1 1 1 2 1 0 1 0 1 1 1 1 1 1 2 0 2 2 1 2 1 1 2 0 2 1 1 0 0 1 0 0 1 1 0 1
0 1 1 0 1 1 1 1 1 2 0 2 0 1 1 0 1 2 1 2 1 1 2 1 1 1 1 2 0 0 2 0 0 0 0 1 1 2 0 1 1 1 2 1 1 0 2 0 2 2 2 1
2 1 1 1 1 2 1 1 1 1 1 1 1 2 0 2 1 0 1 1 1 1 1 2 2 0 1 2 2 1 2 0 0 0 2 1 1 1 2 0 2 1 0 2 1 0 0 0 0 1 1 0
1 1 0 1 2 0 0 1 0 1 1 0 0 2 1 1 1 2 2 2 1 2 1 0 2 0 1 1 0 0 0 0 0 1 0 1 2 1 1 0 1 1 2 2 1 1 2 2 2 0 0 2
1 1 2 1 1 2 1 1 0 0 1 0 0 0 0 1 1 0 0 0 2 0 1 0 0 0 1 1 2 1 2 2 1 1 2 2 1 0 1 0 1 1 1 1 0 0 1 1 1 1 0 0
0 1 1 0 0 1 0 1 0 1 0 1 0 0 2 2 2 2 0 2 1 1 1 0 2 1 0 1 1 1 0 1 1 2 1 0 1 1 0 1 0 0 0 2 0 0 2 0 1 2 1 2
2 1 2 2 1 0 2 1 2 2 0 1 2 1 0 1 2 1 1 0 1 1 1 2 1 2 1 1 2 1 2 2 2 1 1 2 1 2 1 1 1 1 2 0 2 2 2 0 0 1 2 1
0 2 2 2 2 2 1 1 1 0 2 1 1 1 1 1 1 0 2 1 1 1 1 2 1 2 1 1 0 0 1 1 2 0 1 1 0 1 1 1 2 2 2 1 0 2 1 1 1 1 2 0
1 2 2 2 1 1 1 0 0 1 1 1 1 1 1 0 0 1 0 1 0 2 1 1 2 1 0 2 2 1 1 1 1 1 1 1 1 1 1 0 1 0 1 0 0 0 1 1 0 0 0 1
1 1 1 1 2 0 1 0 0 0 1 0 0 1 1 0 1 1 0 1 1 1 1 1 0 1 1 0 1 0 1 0 2 1 0 0 0 0 0 1 2 1 1 2 1 1 0 1 1 1 1 2
2 2 0 2 2 1 2 2 2 0 1 1 2 2 1 1 1 2 0 1 0 1 0 0 2 0 1 1 1 1 2 2 1 2 2 1 2 1 1 1 2 1 1 2 1 1 1 1 2 2 0 1
0 0 0 0 1 2 1 0 1 1 1 2 1 1 2 2 2 1 0 1 1 1 0 1 2 1 1 1 1 2 2 1 1 0 0 1 1 0 1 2 2 0 1 1 0 1 2 2 2 2 1 1
1 1 0 2 1 2 1 2 1 1 1 1 1 0 2 1 1 1 1 0 1 0 1 0 0 0 1 2 0 1 2 1 2 1 2 2 1 1 1 0 1 1 0 1 1 1 0 1 2 1 0 0
1 0 0 0 2 1 0 1 1 1 1 1 1 2 2 1 1 1 0 1 1 1 1 2 1 2 2 0 1 1 1 0 1 0 1 0 0 1 2 0 2 1 2 2 2 1 1 2 2 2 0 1
12 10 17 15
22 63 93 95 149 147 239 227 270 310 347 424 371 418 493 428 525 589 513 512 540 658 669 837 825 866 883 677 759 970 912 989 968 1121 937 1214 894 1143 1118 1326 1142 1214 1111 1526 1328 1289 1367 1619 1230 1564 1802 1811
