52
30
1 1 2 1 2 1 1 1 1 2 1 1 2 0 0 1 1 2 0 1 1 0 1 2 1 1 1 1 1 2 1 2 2 1 2 0 1 2 1 0 0 1 0 0 0 2 2 1 1 1 1 2
0 1 1 0 0 0 0 1 0 0 1 1 1 2 1 2 1 2 1 0 0 0 1 1 0 1 0 0 0 1 1 2 1 0 0 1 1 0 2 2 1 2 1 1 2 2 1 1 2 1 0 2
2 1 1 2 1 1 0 2 2 1 2 1 1 1 0 1 2 0 2 1 1 0 1 0 1 1 2 1 2 1 2 2 1 2 1 1 1 1 2 2 0 0 1 0 0 2 1 1 0 1 2 1
2 1 0 1 1 0 1 1 0 0 1 0 0 2 1 1 2 2 1 1 0 1 0 2 1 2 1 1 0 0 1 1 1 1 1 2 1 1 0 1 1 2 2 1 2 0 2 2 2 1 1 2
2 1 1 1 2 2 1 1 2 1 0 1 2 1 0 0 0 2 1 0 1 1 1 0 0 1 2 1 0 2 1 1 2 1 2 2 2 1 2 1 2 2 0 0 0 1 1 2 2 1 2 1
2 2 0 1 1 1 0 1 1 2 2 1 0 2 0 2 1 1 0 1 2 2 1 2 2 1 1 0 1 1 1 1 1 1 0 1 1 1 1 2 0 1 0 2 2 1 0 1 1 1 0 2
1 2 1 1 1 1 2 2 1 1 2 1 0 1 0 0 2 1 1 1 1 0 1 1 0 1 1 1 1 1 0 1 0 1 0 1 1 1 1 0 0 1 1 2 2 1 1 1 1 0 1 0
1 0 0 1 1 1 0 2 1 1 1 1 1 0 1 0 1 1 1 1 2 2 1 2 1 1 2 2 1 0 1 1 0 1 0 0 1 1 1 2 2 1 1 0 1 1 1 0 0 2 1 2
1 2 2 1 2 0 0 2 2 0 2 1 2 2 1 1 0 2 0 2 1 2 2 1 1 0 1 0 2 0 1 2 1 2 1 1 1 1 2 0 2 0 1 0 0 1 0 0 0 0 1 0
1 0 0 0 1 2 0 1 2 0 2 0 1 1 2 1 1 0 2 1 2 2 1 2 2 1 2 0 0 1 0 1 1 0 2 1 0 0 0 1 2 0 1 1 1 0 0 0 1 2 1 2
0 1 1 2 1 1 2 0 2 1 1 1 2 1 0 1 1 1 1 0 1 2 1 1 0 0 2 2 2 1 1 1 2 1 2 2 1 1 1 1 0 1 0 0 1 1 0 0 1 1 1 1
1 1 1 2 1 1 0 1 1 1 2 0 1 2 2 1 0 1 2 2 2 2 1 0 0 1 0 0 1 1 1 1 1 0 1 1 1 2 1 2 2 2 1 1 2 2 1 2 1 1 2 1
1 0 1 2 1 0 1 2 2 1 1 1 0 1 0 1 2 1 1 0 2 1 1 0 1 0 1 1 1 2 2 0 1 1 1 2 2 1 1 2 2 0 1 2 2 0 0 0 0 1 0 0
0 1 0 1 1 1 2 1 1 1 1 0 0 1 1 0 1 0 2 2 1 1 0 1 2 2 0 1 0 1 1 1 2 2 2 1 2 1 2 1 2 2 1 1 0 1 2 1 1 0 2 2
0 0 2 1 1 1 1 1 2 1 1 1 1 0 2 0 0 0 0 1 1 1 1 0 1 1 1 2 2 1 2 1 1 0 1 1 1 1 1 2 1 0 2 1 0 1 0 0 2 1 0 1
1 0 1 1 1 0 1 1 1 0 1 0 0 2 1 2 0 0 0 2 1 1 0 1 1 1 1 1 1 0 0 2 1 1 1 1 0 0 0 0 2 2 0 0 1 1 1 2 2 2 1 2
1 1 1 1 0 2 2 1 0 2 2 1 2 0 0 1 0 0 0 1 1 1 0 1 0 1 1 2 2 1 2 2 2 2 1 1 1 1 2 1 2 1 1 1 1 0 2 1 0 0 1 0
1 1 0 0 0 0 1 0 1 0 1 2 1 1 2 1 2 2 0 1 1 1 2 1 0 1 1 0 1 0 0 1 0 2 1 0 1 1 0 1 2 1 1 0 0 1 1 0 2 0 2 0
1 1 2 2 1 2 1 1 2 1 2 1 1 0 1 0 1 1 1 1 1 1 1 1 1 1 0 2 1 1 1 1 2 0 2 1 0 2 1 0 0 1 0 1 1 2 0 0 1 1 1 1
1 2 0 1 0 1 1 0 1 0 0 0 0 2 1 0 2 2 2 2 1 1 2 2 2 1 1 0 1 2 1 1 0 0 1 2 0 1 0 1 2 2 2 2 1 0 1 0 2 0 2 0
2 1 0 1 1 1 2 1 1 1 1 1 1 1 2 0 0 0 1 2 0 1 1 0 2 1 1 2 1 2 1 2 0 1 1 0 0 0 2 0 0 2 1 1 0 1 2 2 2 1 0 2
0 2 1 1 0 0 2 2 1 0 1 1 1 1 0 0 1 1 1 1 1 1 1 0 1 1 1 1 2 0 0 1 1 1 1 1 1 0 2 2 2 2 2 1 0 0 2 0 2 1 2 1
0 1 2 2 2 2 1 2 0 1 2 0 1 2 2 0 2 0 0 1 1 1 2 0 0 1 2 2 1 1 1 1 0 1 1 1 0 1 1 1 2 1 1 0 0 0 0 1 0 2 2 2
0 0 2 1 0 0 1 1 2 1 0 0 0 1 0 1 2 0 2 1 2 1 1 2 0 1 1 1 1 0 1 2 2 1 0 0 0 2 1 2 1 0 1 2 2 1 2 1 1 2 0 2
2 1 2 0 1 1 1 1 0 1 1 0 2 1 2 0 0 0 1 1 1 0 1 0 0 1 1 2 2 2 1 1 1 1 0 1 2 1 0 0 1 2 2 1 2 0 1 1 1 2 1 2
1 2 2 1 1 2 2 1 0 1 0 2 0 2 2 2 1 0 1 1 1 1 1 0 1 1 1 0 0 0 2 0 1 2 1 1 1 1 2 2 1 2 1 1 0 1 2 1 1 2 2 2
2 1 2 2 0 2 0 2 0 0 0 1 2 1 1 2 1 1 1 0 1 1 0 1 0 0 1 2 1 2 2 1 2 1 1 2 0 1 2 1 2 0 0 1 1 0 0 1 1 1 0 1
1 1 0 1 1 0 2 2 0 0 1 0 1 0 2 2 1 1 0 1 1 0 1 1 2 1 1 1 1 1 1 0 1 0 0 0 1 1 1 1 1 1 2 1 2 1 2 0 0 1 1 1
2 1 1 1 1 1 2 1 2 2 2 0 0 1 0 0 1 0 1 1 1 1 0 1 1 1 1 1 1 0 1 1 0 2 1 2 2 1 1 1 1 1 0 0 0 0 0 1 2 0 1 0
0 1 1 1 2 1 1 0 0 0 1 1 0 0 1 2 1 1 1 2 1 1 0 1 1 1 0 2 1 0 0 0 0 1 0 0 1 0 1 1 1 1 1 0 1 0 1 1 1 1 2 2
19 14 15 16
34 59 97 129 145 154 231 284 227 277 281 399 380 389 459 472 539 620 615 474 647 656 639 743 835 623 667 823 973 869 786 843 1128 1154 1123 1174 1139 1270 916 1203 1329 1403 1185 1142 1105 1339 1240 1374 1448 1532 1474 1368
