52
30
2 2 1 0 2 1 0 0 0 1 2 1 2 1 2 1 1 2 1 0 1 2 1 0 0 0 1 2 1 1 0 0 1 2 2 0 1 1 1 1 0 0 2 0 1 0 2 0 2 1 0 1
0 0 1 2 1 0 1 1 1 0 1 1 0 1 1 1 1 1 1 2 0 2 1 2 2 1 2 1 0 0 2 1 2 0 0 0 0 0 0 1 1 1 2 2 1 0 2 2 2 1 1 1
1 1 2 2 1 1 1 1 2 2 0 1 0 0 1 2 0 2 1 1 0 0 1 2 1 1 0 2 1 1 1 2 1 0 1 2 0 2 1 0 0 0 0 0 1 1 0 1 1 1 1 1
0 0 1 1 1 1 0 2 1 2 1 1 1 2 1 0 1 0 0 0 1 1 2 2 2 0 1 1 1 1 1 1 1 1 1 1 0 1 0 1 2 2 1 1 0 0 1 2 1 1 0 2
1 0 2 2 2 2 0 2 2 1 2 1 1 1 0 1 0 1 0 0 0 1 0 1 1 2 2 1 2 1 2 2 1 1 2 2 1 2 1 0 1 1 0 2 0 2 2 1 0 2 1 0
1 1 1 2 0 0 0 1 0 1 0 0 1 0 2 0 2 2 1 0 2 1 1 2 1 2 2 1 0 1 0 2 0 0 0 0 1 0 1 1 2 2 2 0 2 1 1 2 2 0 2 1
1 0 2 1 2 1 1 2 0 2 1 0 0 1 1 0 2 0 2 1 2 1 0 1 1 1 1 1 2 1 2 0 1 0 1 2 2 2 1 1 1 0 0 2 2 1 1 0 2 2 1 1
2 1 0 0 1 0 2 0 0 0 0 2 1 1 0 2 2 1 1 0 0 0 2 1 1 2 1 1 0 1 1 2 1 1 1 2 1 0 2 2 2 0 0 1 0 2 1 2 1 1 0 1
2 1 2 2 0 1 1 1 1 0 1 1 1 1 1 2 1 0 0 1 1 1 1 1 1 1 2 1 2 2 2 1 1 2 0 1 1 1 0 0 0 0 1 0 1 1 1 1 1 0 0 0
0 1 2 2 2 1 2 0 1 0 1 0 1 0 2 2 1 2 1 1 2 2 2 2 1 1 1 1 0 1 1 1 1 1 0 1 1 2 0 2 1 2 1 0 1 1 0 1 2 2 2 1
2 2 1 1 1 2 1 2 2 0 0 1 1 1 0 2 1 1 1 1 0 1 1 1 1 2 2 2 0 2 1 2 2 1 1 1 1 2 2 1 1 1 2 1 0 0 0 1 1 1 2 2
0 2 1 0 1 1 2 0 0 1 0 1 2 1 2 0 0 0 1 2 2 1 1 2 2 1 1 1 0 0 2 2 1 1 2 1 0 2 0 2 1 2 2 2 0 2 0 1 1 2 1 2
1 2 1 1 2 2 1 2 1 2 1 1 1 0 2 1 1 1 1 1 1 0 0 2 0 1 2 1 1 2 2 2 1 2 2 1 0 1 1 1 1 0 1 0 1 1 1 0 0 0 1 1
1 0 0 2 0 2 0 0 0 0 0 2 0 2 1 1 2 0 1 2 0 2 2 2 1 1 0 1 0 1 2 0 1 1 2 0 0 0 0 2 0 0 1 2 1 1 2 1 2 2 1 2
0 1 1 2 2 1 1 1 1 2 0 1 1 0 1 0 0 2 1 1 1 1 2 0 1 0 2 0 0 1 1 1 1 1 2 1 1 2 1 0 1 1 0 1 1 1 0 1 0 1 1 0
1 1 1 1 1 1 2 1 0 2 1 0 0 2 1 1 1 2 1 2 1 0 2 0 2 2 0 0 1 0 0 0 1 1 2 1 0 1 1 2 2 0 0 1 2 1 0 0 2 2 2 1
0 0 0 2 1 2 1 1 2 2 1 2 1 0 1 0 1 0 0 1 1 1 0 1 2 1 2 1 1 1 2 1 1 2 0 2 2 1 1 1 1 1 1 1 1 1 0 1 1 1 1 2
0 0 1 0 1 0 2 0 0 1 1 0 0 0 1 1 1 1 2 2 1 0 2 2 0 2 1 1 0 1 1 0 0 0 0 1 0 1 0 1 2 0 1 2 2 2 1 1 2 1 1 1
1 1 1 1 1 1 2 1 1 2 1 2 2 1 1 0 1 1 1 2 1 0 1 1 2 0 1 1 1 2 2 0 2 0 2 1 2 1 1 1 2 1 1 1 1 0 1 0 0 1 2 1
0 0 0 0 1 1 1 1 0 2 1 0 2 2 1 1 1 2 1 2 0 2 0 0 1 1 1 0 2 0 1 0 1 0 1 2 1 2 2 2 1 0 1 1 1 1 2 2 1 1 1 2
2 1 2 1 1 0 2 1 0 2 0 0 1 0 1 1 1 1 1 0 1 1 1 1 1 1 1 2 1 1 1 2 2 1 1 1 2 1 1 1 0 0 2 2 2 1 0 2 1 1 0 1
2 1 1 1 1 0 1 1 2 1 0 0 0 1 0 0 1 2 2 2 0 2 2 1 1 1 1 1 1 1 1 2 2 2 1 1 2 1 1 1 1 2 1 0 1 1 1 1 1 1 1 1
1 0 1 2 0 1 2 2 0 2 1 1 2 2 2 1 1 0 1 0 1 0 0 1 1 1 2 1 1 1 1 1 1 0 2 0 1 0 1 1 0 0 1 1 2 0 1 2 1 1 0 1
0 1 0 0 0 0 0 1 1 2 1 1 0 0 1 1 1 1 1 1 1 2 2 1 0 0 1 0 1 1 2 1 1 1 1 0 0 0 2 1 1 1 2 1 1 1 2 0 2 1 2 1
0 2 1 2 1 2 2 1 2 2 1 2 1 1 2 1 1 0 2 0 1 0 0 1 0 1 1 1 0 1 1 1 2 1 1 1 0 0 0 0 1 0 1 1 2 1 1 2 0 1 1 1
0 0 0 1 1 1 1 0 1 0 1 0 1 1 1 2 0 1 1 2 1 2 1 2 2 2 1 0 0 2 1 0 1 1 0 1 0 0 1 1 2 1 1 1 2 1 1 1 1 1 1 1
2 0 2 1 1 1 2 1 2 2 1 2 2 1 0 2 1 1 2 0 1 1 1 1 0 1 1 0 2 2 2 2 1 1 2 2 1 2 2 1 1 1 2 0 1 0 2 1 0 0 0 2
1 0 0 2 1 1 1 1 1 2 1 1 1 2 2 2 1 2 1 0 0 1 1 1 2 2 0 1 2 0 1 0 1 0 2 1 1 1 1 0 0 1 1 2 1 1 2 0 0 1 1 1
1 2 1 0 2 2 1 2 2 0 1 1 1 0 1 0 1 1 1 1 1 1 1 0 2 1 0 1 1 1 1 0 1 1 2 1 1 1 2 1 1 0 1 2 1 0 0 2 1 1 0 1
1 0 0 2 0 0 0 1 2 1 1 0 1 2 1 0 1 2 1 1 1 2 2 2 1 2 1 2 1 0 2 1 1 0 1 1 1 1 0 2 2 1 0 0 2 2 1 1 2 1 2 1
11 8 9 13
29 48 73 115 167 158 246 273 254 356 341 357 398 422 496 517 425 475 577 656 619 747 739 833 676 635 775 969 954 1033 1122 812 900 980 1189 1074 995 1239 978 1320 1213 1127 1039 1387 1477 1351 1215 1419 1657 1417 1328 1610
