52
30
1 1 1 1 1 2 1 0 2 1 2 2 1 2 1 1 0 0 0 0 1 0 1 1 0 0 2 0 2 2 1 2 2 2 1 2 1 1 1 0 1 1 1 1 2 1 1 1 1 1 1 1
0 2 1 1 1 1 1 1 1 2 1 0 1 1 1 0 2 1 1 1 1 0 0 1 1 2 0 1 0 0 1 2 2 1 1 2 1 1 1 2 0 2 2 0 1 1 1 2 2 0 2 2
1 1 2 1 2 1 2 0 2 1 1 2 1 1 0 0 0 1 1 1 0 0 1 1 0 1 1 1 1 2 0 1 1 2 1 2 2 1 2 0 0 0 2 1 0 0 0 0 1 1 0 1
2 0 1 0 1 1 0 0 0 2 2 0 1 1 2 1 0 1 1 1 1 1 0 2 1 2 2 1 1 1 1 1 1 0 0 0 2 1 1 1 2 1 2 2 2 0 1 2 1 0 2 2
0 1 0 0 2 1 2 1 0 0 2 2 0 0 1 0 1 0 1 0 0 2 0 0 1 2 1 2 1 2 2 2 1 1 2 1 2 2 1 0 1 0 1 1 2 2 1 1 0 0 0 1
1 1 0 1 0 1 0 1 1 1 0 2 1 1 2 1 1 1 0 0 2 1 1 0 0 1 1 0 0 0 1 2 1 0 1 0 2 1 1 1 1 2 1 0 2 2 2 1 0 2 2 1
0 2 0 2 1 2 1 1 2 2 1 1 2 1 1 1 1 2 1 1 0 2 0 1 1 2 1 1 0 2 2 2 2 0 1 1 2 1 1 0 0 0 1 0 2 1 0 0 1 1 0 2
0 0 1 2 1 1 1 0 1 0 2 1 0 1 1 2 1 1 0 2 2 1 1 2 1 2 2 1 2 0 0 0 1 0 0 0 0 0 0 0 1 1 1 1 1 1 2 1 2 2 1 1
2 1 1 0 2 2 1 1 2 2 2 2 2 1 0 1 2 2 0 0 2 0 1 1 2 0 0 1 0 0 1 1 0 1 1 2 1 2 2 1 1 2 1 1 2 1 0 1 2 2 1 2
2 2 1 2 1 0 1 1 1 1 1 1 0 2 1 2 1 2 2 2 1 1 0 1 2 1 0 2 0 0 1 0 1 1 0 0 1 1 1 2 2 0 0 0 1 2 1 2 1 2 2 0
1 0 1 1 1 2 2 1 0 1 0 1 1 1 0 1 1 1 2 0 1 0 1 2 2 1 0 2 2 2 1 2 2 1 1 2 1 2 1 1 1 0 1 1 0 1 1 0 1 0 1 1
0 1 1 0 1 0 1 1 1 1 2 0 2 2 2 2 2 2 0 1 1 2 0 1 2 1 1 0 1 2 2 0 1 1 1 2 1 1 0 1 2 1 2 0 1 2 1 2 2 0 2 0
2 1 1 2 1 2 2 1 2 1 0 2 1 0 0 1 2 0 1 0 1 1 1 2 0 1 1 2 0 1 1 0 2 1 1 1 1 1 0 1 1 0 0 1 1 2 1 1 1 0 1 1
2 0 1 1 2 0 2 1 2 0 0 1 1 2 1 1 2 2 2 2 2 1 1 2 2 1 1 0 2 2 0 0 2 1 0 1 0 2 1 2 1 1 2 2 1 1 1 1 1 1 1 0
1 1 1 1 1 2 1 1 1 2 1 1 2 2 1 1 0 0 0 1 2 1 1 0 1 2 1 2 1 1 1 1 0 1 1 1 1 1 2 1 2 1 2 0 1 2 1 1 0 1 0 0
1 1 1 2 0 0 1 0 0 1 0 0 0 2 2 2 0 2 2 2 1 2 0 2 2 1 1 1 1 2 2 0 0 1 1 1 1 0 2 0 2 2 2 1 1 1 2 1 2 2 1 2
1 2 1 1 1 0 0 0 1 1 2 2 1 0 1 1 1 1 1 0 1 0 0 0 0 1 1 2 0 2 0 1 1 1 2 1 2 1 0 0 1 1 1 0 2 0 0 2 1 0 1 1
0 1 2 0 2 0 2 1 0 0 2 0 0 1 2 2 2 1 2 2 2 2 1 1 1 1 1 1 0 0 1 1 0 0 0 0 1 1 1 0 1 0 1 2 1 0 1 2 1 2 1 1
0 1 1 2 1 1 2 2 2 1 0 2 2 2 1 2 1 0 0 0 0 0 1 1 2 1 2 2 0 1 2 1 1 1 2 1 0 0 1 0 1 1 1 1 0 0 0 0 0 1 1 1
2 0 0 1 0 0 1 0 1 0 0 0 0 1 2 1 1 2 1 1 1 1 1 0 2 1 1 1 1 2 1 1 1 1 1 1 1 1 2 2 1 1 1 2 1 2 2 1 1 2 1 1
1 1 1 0 1 1 1 1 1 1 1 2 1 1 1 0 1 0 1 1 1 1 0 1 0 1 1 1 1 1 1 1 2 1 1 2 1 1 1 0 1 1 1 1 0 1 2 1 1 0 2 1
0 1 2 1 0 0 2 1 0 0 1 0 0 1 2 1 0 1 1 1 1 0 1 1 0 1 0 0 0 0 1 0 1 0 2 1 2 0 1 0 2 2 2 1 0 1 1 1 1 0 0 1
1 1 1 2 1 1 2 1 2 2 2 0 2 1 1 1 1 0 1 1 1 2 0 1 1 1 1 2 1 1 1 2 0 2 1 2 2 0 2 1 1 0 0 1 1 0 1 2 2 1 0 0
2 1 1 1 0 0 0 0 0 0 1 1 1 2 0 2 0 2 2 1 0 1 0 1 1 2 1 0 0 1 1 1 1 0 0 0 2 1 0 1 1 1 2 1 1 1 1 1 2 1 1 1
1 1 1 0 0 1 1 1 2 1 1 2 1 1 1 0 1 1 2 1 0 1 2 0 0 0 1 1 1 2 2 2 1 0 0 1 1 0 0 1 1 1 0 0 2 1 1 1 0 0 0 2
1 2 1 2 1 1 2 2 0 0 1 0 1 1 1 1 1 2 1 2 2 1 1 2 2 2 2 0 2 1 2 0 1 0 1 0 1 1 1 2 1 2 0 2 1 2 2 0 1 0 2 1
1 1 1 1 0 1 1 2 1 0 0 2 2 1 0 2 1 1 0 1 0 0 1 1 0 0 1 2 1 2 1 0 1 1 1 1 2 1 2 1 2 0 0 0 2 1 1 1 1 1 1 1
1 1 1 0 1 1 0 0 1 1 1 1 0 0 1 2 1 0 2 1 2 1 0 2 2 1 1 1 1 1 1 2 1 1 1 0 1 1 0 2 1 1 0 2 0 1 2 2 2 2 1 0
1 2 2 1 2 1 1 1 1 2 1 1 0 1 0 1 1 1 0 1 1 0 0 0 1 0 1 1 0 0 2 2 1 2 2 1 2 1 2 0 1 0 1 1 1 1 2 1 1 0 2 1
1 1 1 0 1 2 1 1 2 0 1 1 0 2 1 1 1 0 2 1 1 2 0 0 2 2 1 1 0 0 2 1 1 0 0 1 1 1 0 0 2 1 2 1 1 2 2 2 1 1 1 1
14 19 9 13
26 72 106 115 133 204 168 270 240 268 265 317 443 363 529 463 436 551 560 651 666 543 559 627 666 720 790 982 746 904 825 847 789 1107 1191 1043 1156 1227 1081 1358 1057 1397 1198 1282 1518 1195 1681 1428 1302 1524 1326 1792
