52
30
2 2 2 1 0 2 2 1 1 1 2 1 2 0 0 2 1 1 0 0 2 1 1 0 1 2 2 2 0 1 2 0 2 1 1 2 1 1 1 0 1 1 1 1 1 0 2 0 0 1 0 1
2 1 0 0 2 1 2 1 2 1 1 1 0 1 2 0 1 0 1 2 2 1 1 1 1 2 0 1 2 1 2 0 0 1 1 1 2 1 2 1 2 1 1 1 2 2 1 1 2 0 1 2
1 0 1 0 2 2 1 2 1 2 0 2 2 0 1 2 1 0 1 1 1 1 0 1 1 0 2 2 2 2 2 1 1 0 2 2 2 1 2 1 1 1 0 0 1 0 1 1 1 1 0 1
1 0 1 1 0 2 1 0 2 0 1 0 1 1 1 2 2 1 1 0 2 1 1 2 1 2 0 2 0 1 2 2 1 1 0 1 1 2 0 0 0 1 1 1 1 1 1 1 2 2 1 2
1 1 1 1 1 1 1 1 2 1 1 1 2 0 1 0 1 0 0 1 1 1 0 1 0 0 1 2 2 1 1 2 1 2 1 1 2 0 0 0 1 1 0 1 1 0 1 0 1 0 2 1
1 1 0 0 1 2 0 2 2 1 1 0 1 0 1 1 1 2 1 1 1 1 1 1 1 1 0 1 0 0 0 0 1 0 1 1 1 0 0 0 2 2 1 1 1 0 0 1 1 1 2 1
1 1 1 0 1 1 2 1 0 2 1 2 0 0 0 0 2 0 2 1 0 0 1 1 1 0 1 1 2 1 2 1 2 2 2 0 2 2 2 2 0 1 1 0 0 0 2 1 1 2 2 1
1 1 0 0 0 2 1 0 2 1 1 0 1 2 1 1 2 1 1 1 2 1 1 1 1 2 1 1 2 0 1 2 0 2 1 0 1 2 1 1 1 1 2 0 2 1 1 2 0 1 1 2
0 1 2 2 0 1 0 1 1 1 0 2 1 1 0 1 0 1 2 0 0 0 1 1 1 0 2 1 1 1 1 0 1 2 0 1 1 2 2 1 1 1 2 1 1 0 0 1 1 0 1 0
0 2 1 1 1 0 1 1 1 1 2 0 0 2 0 1 0 0 2 1 2 2 1 2 0 0 2 1 2 0 1 0 2 2 1 1 0 2 1 2 2 1 2 1 2 2 1 0 0 1 2 1
1 1 0 1 1 2 2 0 1 1 2 1 0 1 1 1 2 0 1 0 0 0 1 2 2 1 1 1 2 0 1 1 2 1 2 0 2 1 0 0 0 1 1 1 0 0 0 2 1 1 0 2
1 2 0 1 2 1 0 1 1 1 1 1 0 0 2 1 0 1 0 1 2 1 1 2 2 0 1 1 2 1 1 1 2 1 0 0 1 2 1 0 1 2 2 1 2 1 1 1 1 0 2 0
1 1 1 0 2 1 1 1 1 1 2 2 2 1 1 2 2 1 0 2 1 1 0 0 0 2 1 2 1 1 1 2 2 1 0 0 0 0 1 0 0 2 2 0 0 1 0 0 1 0 1 2
1 0 0 2 0 1 1 0 1 2 0 0 0 2 1 1 0 0 2 2 2 2 2 1 2 0 2 1 1 0 1 1 2 2 0 2 2 1 0 1 0 1 2 1 0 2 1 1 2 1 0 1
1 2 1 2 1 2 1 0 1 1 2 1 0 1 2 1 1 0 0 2 0 1 0 2 1 2 2 1 2 1 1 1 1 1 0 1 1 1 2 0 1 1 1 1 2 1 1 1 0 1 1 0
1 1 0 1 1 1 0 2 0 0 2 1 2 2 1 2 1 0 1 1 2 2 1 2 1 1 1 2 2 1 1 1 2 1 1 1 0 1 1 2 2 2 2 1 2 0 2 2 1 0 1 1
1 2 1 1 1 1 1 2 2 2 0 1 1 0 1 1 1 1 2 1 1 1 2 1 0 0 1 2 1 1 0 1 2 1 2 1 1 2 0 2 0 1 1 1 0 0 0 1 1 0 1 1
1 0 1 1 1 1 1 1 2 1 0 1 1 1 1 2 1 1 1 2 1 1 1 0 2 1 1 0 1 1 0 1 1 1 1 0 2 1 1 2 2 2 1 1 1 1 0 0 2 2 2 2
1 1 0 1 1 2 2 1 1 1 1 2 1 0 1 1 1 0 1 2 1 1 1 1 2 1 2 1 1 1 2 0 1 1 2 2 1 2 2 2 1 1 1 0 1 2 1 1 0 1 1 2
0 0 2 1 0 1 1 2 1 1 1 2 0 1 2 1 2 2 2 2 1 1 2 2 2 1 1 0 0 2 0 1 0 0 1 2 1 2 1 2 2 1 2 1 1 1 1 1 0 2 1 2
0 1 1 0 0 1 2 0 2 1 2 2 1 0 1 0 1 1 2 2 0 1 1 1 1 1 2 2 2 0 2 1 1 1 1 1 2 2 2 1 0 0 1 2 1 0 0 1 0 2 1 1
1 0 1 2 1 1 1 1 1 1 0 0 2 1 2 2 1 1 1 1 2 1 1 1 1 0 1 2 2 0 0 1 0 1 1 1 1 0 0 2 1 2 2 1 2 0 2 2 0 2 2 0
1 2 1 2 0 1 1 2 0 2 1 0 2 0 2 2 0 1 1 0 0 0 0 0 0 0 1 2 1 1 1 0 1 2 1 1 0 1 2 1 2 2 0 1 1 1 1 1 0 1 1 1
0 1 1 1 1 2 0 0 0 1 2 1 1 2 0 1 1 0 2 1 2 2 0 1 1 1 2 1 0 1 0 1 0 1 2 0 0 1 1 2 2 2 1 2 2 1 2 0 1 2 1 1
1 2 1 1 1 1 1 2 1 1 1 1 2 1 1 0 2 0 1 0 1 1 0 0 0 1 2 0 2 2 1 0 0 2 1 1 1 2 1 1 0 0 0 2 1 1 0 1 2 1 1 0
1 1 1 0 0 1 1 2 1 1 1 0 0 2 1 0 0 1 1 0 2 0 2 2 0 0 2 2 0 2 1 1 1 0 2 1 1 0 0 2 0 1 1 2 1 2 2 1 1 0 2 2
1 1 1 0 1 1 1 1 1 2 1 1 2 2 1 1 0 1 1 1 0 0 1 2 1 1 2 1 1 0 0 1 2 1 1 1 1 1 1 0 2 1 0 0 2 1 1 1 0 0 0 1
2 0 1 0 1 1 0 0 1 0 0 1 0 1 0 2 1 1 2 1 1 1 2 1 2 1 2 1 0 1 2 1 0 1 0 1 1 0 1 1 0 2 0 1 1 2 1 1 2 1 1 1
1 2 1 1 1 1 1 1 2 2 2 0 2 1 0 2 0 0 1 1 1 1 1 1 1 2 1 1 1 1 2 1 1 2 1 2 1 1 2 1 0 1 0 0 1 1 1 1 0 1 2 0
1 0 2 1 1 0 0 0 1 0 0 0 1 0 1 2 1 1 0 1 1 1 0 1 1 2 0 2 1 2 1 0 2 1 2 2 2 0 1 1 2 2 2 1 2 1 2 1 1 2 1 1
13 7 16 16
24 64 90 108 118 190 169 203 313 330 289 425 407 396 520 498 486 517 582 567 518 772 773 711 878 708 748 743 815 889 823 862 1161 1001 1201 998 1320 978 1081 1315 1181 1455 1063 1393 1479 1158 1459 1287 1469 1783 1603 1620
