52
30
0 1 1 2 1 1 0 1 1 0 1 1 2 0 1 0 2 1 1 1 1 0 2 0 1 1 0 0 1 2 2 2 2 1 0 1 2 0 2 0 0 1 2 1 0 1 1 1 1 0 2 1
2 0 1 0 1 0 1 0 0 2 0 1 0 1 1 1 1 1 1 1 1 1 1 0 1 2 2 0 0 1 0 1 2 0 2 1 0 1 1 2 1 1 1 0 1 1 1 2 1 0 1 1
1 1 2 2 1 2 0 1 2 1 1 2 1 1 1 1 1 1 1 1 1 1 0 0 2 1 2 1 1 2 1 1 1 1 1 0 2 2 0 1 0 0 0 1 0 2 0 1 2 1 0 0
1 2 1 0 1 0 1 1 1 1 1 1 2 2 0 2 2 2 0 1 1 2 0 2 1 2 0 0 0 2 1 1 0 2 2 0 2 1 0 1 1 1 1 1 2 0 1 1 1 2 2 2
2 2 2 1 1 0 0 1 2 2 0 1 1 1 1 0 0 1 1 2 1 2 0 1 0 0 1 1 2 1 2 0 1 1 1 1 0 0 1 1 1 1 1 1 0 1 0 0 0 1 0 1
0 0 0 1 1 1 0 1 0 1 0 0 2 1 1 2 1 1 2 1 1 1 2 2 2 2 1 1 1 1 0 1 1 1 1 2 1 0 2 0 2 1 1 2 2 0 1 2 1 0 2 1
1 1 2 0 2 2 2 2 0 0 2 1 2 1 0 1 0 1 1 1 0 1 0 0 0 2 2 0 1 1 2 1 0 2 2 1 1 0 1 0 0 1 1 0 1 1 0 1 1 1 1 0
1 0 2 0 0 1 0 0 1 0 2 1 1 2 2 2 1 0 2 2 2 0 2 2 2 1 1 1 1 1 0 0 1 1 1 2 0 1 1 2 1 2 1 1 1 0 1 2 1 1 1 1
2 0 1 2 1 1 2 1 0 1 1 1 1 0 2 2 1 0 0 0 2 2 0 0 1 0 1 1 0 2 1 1 2 0 2 2 2 2 1 1 0 0 1 1 1 1 0 1 0 0 0 1
1 1 0 1 1 0 2 1 0 1 0 0 0 2 2 1 0 1 0 2 1 1 1 1 2 1 2 2 1 0 1 0 0 0 2 0 1 1 1 2 2 2 1 1 1 1 2 2 0 0 1 2
0 2 1 2 2 1 1 1 2 0 1 1 1 0 0 1 1 0 1 1 0 0 1 0 1 1 1 2 0 2 1 2 1 0 1 1 1 1 0 0 0 1 1 2 1 1 1 0 0 1 0 0
0 1 0 2 1 0 2 1 1 1 1 1 1 2 1 1 1 1 0 1 1 1 0 1 0 1 0 0 1 0 1 0 0 0 0 1 1 2 1 2 2 1 1 1 1 2 1 1 1 1 1 0
1 2 2 0 1 1 2 1 1 1 1 2 2 1 0 2 0 1 0 2 1 1 2 0 1 1 1 1 0 1 1 1 2 1 0 1 2 2 2 2 1 1 0 1 1 1 1 2 2 1 1 1
1 0 1 0 2 2 2 0 0 1 1 0 1 1 2 2 2 1 1 2 2 1 2 1 2 2 1 0 0 0 0 0 0 1 0 1 2 1 2 2 1 2 2 2 0 1 1 1 0 1 1 1
0 1 0 1 1 2 0 1 1 1 1 2 1 0 0 0 1 0 1 1 2 2 1 0 0 1 1 2 2 2 2 1 1 1 1 1 1 1 0 1 0 0 1 0 2 1 0 1 1 1 1 1
0 0 2 1 1 0 1 1 1 2 1 2 2 2 2 2 1 1 1 2 2 1 2 1 1 2 1 2 1 0 1 0 1 2 0 0 1 0 0 1 1 1 1 1 1 2 0 1 1 1 2 0
2 1 2 2 1 1 1 1 1 2 1 1 1 0 1 1 1 0 1 1 1 0 1 1 0 0 1 0 1 1 2 2 2 0 1 2 2 1 2 2 0 0 1 0 1 1 1 1 0 1 0 1
0 1 1 1 1 0 2 1 0 1 1 1 2 1 2 2 1 2 1 0 1 1 2 1 2 2 1 0 0 0 0 1 0 1 1 2 0 2 2 1 1 0 1 1 2 0 1 0 1 2 1 1
1 2 0 2 2 1 1 0 0 1 2 1 0 0 1 1 2 1 0 2 0 0 0 2 0 0 0 1 1 2 1 2 2 2 2 2 1 0 2 2 0 1 1 2 0 1 2 0 1 1 2 1
1 1 0 1 0 1 1 1 1 1 0 0 1 0 1 1 1 2 1 1 0 2 1 1 1 2 1 0 0 2 1 2 0 1 1 0 1 0 2 2 1 0 0 0 2 1 2 2 1 1 1 1
0 2 1 1 1 1 2 2 1 2 0 1 1 1 0 2 1 1 1 2 1 1 2 0 2 1 2 1 1 1 1 0 1 1 1 2 1 2 1 0 1 0 2 2 2 1 2 0 1 1 1 1
1 0 1 0 1 1 1 1 2 1 0 0 1 1 2 2 0 1 1 2 1 2 2 0 2 1 0 0 1 1 1 1 0 1 1 1 1 1 2 1 0 1 2 2 1 1 1 2 2 2 1 1
2 1 1 1 1 1 1 0 2 1 1 1 1 0 1 1 1 1 0 0 1 1 1 0 1 1 2 0 2 1 1 1 2 2 2 1 2 1 1 1 1 0 0 0 1 1 2 2 1 0 1 1
2 0 0 1 2 0 0 1 2 0 2 1 0 1 1 2 1 1 2 2 1 2 1 0 1 2 1 0 1 1 1 0 1 2 1 1 1 2 2 2 1 2 1 2 1 1 0 1 2 1 2 1
1 1 1 0 1 1 1 1 2 1 2 1 0 1 1 0 1 1 0 1 0 1 0 2 1 0 1 1 1 1 2 2 1 1 2 0 1 1 1 2 1 1 0 0 0 0 1 1 1 2 0 1
1 0 1 1 2 1 1 0 0 2 1 1 1 1 2 0 1 2 1 1 2 1 1 1 2 2 2 0 0 1 0 1 0 1 0 0 2 0 1 1 2 1 2 2 2 2 0 1 0 2 1 1
1 2 0 0 1 1 1 1 0 0 1 2 0 1 0 2 0 2 2 0 0 1 1 0 0 1 2 2 2 1 1 1 1 0 0 1 2 1 2 0 0 0 1 0 0 1 1 1 2 1 1 0
0 1 0 0 0 0 1 1 2 0 1 1 1 2 0 2 2 2 2 1 1 2 1 1 2 1 1 0 2 2 1 0 1 0 0 1 1 1 1 1 1 0 2 0 0 2 1 2 1 1 2 1
2 2 2 2 2 1 0 2 0 2 1 1 2 1 2 1 1 1 2 1 0 0 0 1 2 0 1 1 1 2 1 0 0 1 0 2 1 2 1 1 2 0 1 1 0 1 0 1 1 0 1 1
0 1 2 2 1 1 0 1 0 1 1 1 0 1 2 1 0 1 2 2 0 2 1 2 2 0 0 0 0 1 0 1 1 1 1 0 0 1 1 2 1 1 1 2 1 2 1 1 0 1 1 0
18 13 12 9
25 45 100 105 167 142 242 195 225 286 320 343 427 403 500 487 514 568 616 626 701 758 557 641 654 662 940 967 947 1004 1070 1101 1133 1070 1004 859 1034 1026 1007 961 1430 1456 1358 1477 1563 1230 1113 1530 1310 1711 1459 1671
