52
30
1 2 0 1 0 1 0 1 1 2 1 1 1 1 2 0 1 1 0 2 1 1 1 1 0 1 1 0 1 1 1 0 0 1 1 0 2 1 1 1 2 0 1 1 1 1 1 1 2 1 2 0
1 2 1 2 1 0 0 1 1 2 0 2 2 2 2 0 0 0 1 1 2 1 1 2 1 2 1 2 0 0 1 2 2 1 0 1 1 1 1 0 2 1 1 0 2 0 1 2 2 0 2 1
1 0 2 1 2 1 2 1 1 2 2 1 1 1 1 2 1 0 1 2 1 0 0 2 0 1 2 2 2 2 1 2 1 1 2 1 1 2 0 1 0 2 0 0 0 1 2 2 2 1 1 2
0 1 2 0 1 1 2 0 1 1 0 0 0 0 1 1 1 2 2 2 1 2 2 1 1 2 0 1 0 0 1 1 1 0 1 0 2 1 1 1 1 1 0 2 0 2 0 2 0 1 1 0
1 2 1 2 0 0 2 2 2 2 2 2 1 1 1 1 1 1 1 1 0 1 2 1 1 0 1 1 2 1 1 1 2 1 0 2 1 2 0 0 0 0 0 2 2 0 0 1 1 0 0 2
1 2 1 1 1 2 0 1 1 1 1 1 1 2 0 2 1 2 1 2 2 0 1 1 1 1 2 1 2 0 2 1 2 1 1 0 1 1 0 1 2 0 0 1 1 0 0 0 2 0 2 1
1 1 1 1 1 1 1 1 2 1 0 1 1 2 1 1 1 2 2 1 0 2 1 0 1 1 0 1 1 1 1 2 1 1 2 1 2 0 1 0 1 1 0 1 1 1 1 0 0 0 0 1
0 1 0 0 0 2 0 1 0 1 1 1 0 0 1 1 1 1 2 1 1 1 1 1 1 1 0 0 0 1 0 1 0 0 1 1 0 1 1 2 2 2 2 1 0 1 2 1 0 1 1 2
2 2 1 1 0 1 0 1 1 2 0 2 2 1 1 0 0 0 1 0 1 0 1 0 1 2 1 0 1 1 1 2 0 1 2 0 1 1 1 1 0 1 0 1 1 0 2 1 1 1 1 2
0 1 1 2 1 0 1 1 0 0 0 2 1 0 2 1 1 2 1 2 1 0 0 2 1 1 1 0 1 2 0 1 0 2 2 2 1 1 0 1 0 1 1 2 2 2 1 0 1 0 1 2
1 1 1 0 2 1 2 1 2 1 1 1 1 1 2 1 1 1 0 1 1 1 1 2 0 0 1 1 2 1 0 1 1 1 2 2 1 1 2 2 0 1 0 2 0 1 1 0 1 1 1 1
0 0 0 2 0 2 0 0 1 1 0 0 0 0 1 1 0 2 1 1 1 0 2 1 0 1 1 2 0 1 1 1 0 2 1 0 0 2 1 2 2 1 0 2 0 1 1 0 1 2 1 1
0 1 1 1 0 1 2 2 2 1 1 1 1 1 0 1 0 1 0 1 1 1 2 0 1 0 2 0 0 2 2 0 2 2 1 1 2 1 2 0 1 0 1 0 0 1 1 0 1 0 0 0
1 0 1 1 1 1 2 0 0 0 2 0 2 1 1 2 1 1 1 1 1 1 1 1 1 1 1 0 0 1 1 1 0 0 0 1 0 1 2 1 1 2 2 2 1 2 1 1 2 2 1 2
2 1 1 2 1 1 0 0 1 0 1 1 0 0 1 2 1 0 0 0 1 0 2 0 0 0 1 1 1 2 1 1 0 1 1 1 1 1 0 1 0 0 0 1 1 1 1 0 0 0 1 1
0 0 0 1 0 2 0 0 1 1 0 1 1 2 2 2 2 0 1 2 1 2 1 2 1 1 0 1 1 1 0 0 1 1 1 0 1 0 1 0 2 1 1 0 2 1 1 0 1 1 1 0
2 2 2 2 1 1 1 2 1 2 1 2 2 2 1 1 0 2 2 2 1 0 2 1 1 2 0 0 1 1 2 1 1 0 0 2 2 2 1 0 2 0 0 1 2 0 0 2 0 0 1 1
1 1 1 1 1 1 1 0 2 0 1 2 0 2 1 1 2 1 1 2 1 2 1 1 2 1 1 0 1 0 0 1 0 0 1 2 2 1 1 1 1 1 1 1 1 2 2 2 1 2 0 1
2 2 1 1 2 0 2 2 1 1 2 2 1 0 1 1 0 2 0 0 1 0 0 0 0 0 1 0 0 1 2 1 1 2 1 2 1 2 0 2 1 1 0 0 2 1 1 1 1 0 1 0
1 1 1 1 1 1 0 0 0 1 0 0 1 1 2 1 1 1 2 1 2 0 2 1 2 0 2 0 1 2 1 1 2 0 1 1 0 1 1 2 2 2 1 1 1 1 1 2 1 2 2 1
2 1 0 1 2 0 0 1 1 1 1 1 0 1 0 1 0 1 0 0 0 0 1 1 1 1 1 1 2 1 2 1 0 1 1 0 1 0 1 0 1 2 1 2 1 0 1 1 1 1 2 0
0 1 0 1 1 2 1 1 0 0 1 0 1 0 1 1 2 2 1 2 1 1 2 1 2 2 1 0 1 0 0 1 1 2 1 1 1 0 2 2 2 2 2 2 1 0 2 2 2 2 1 1
1 1 1 1 1 2 1 2 1 2 1 2 1 0 2 0 1 2 1 0 2 0 1 1 0 1 1 1 1 1 2 2 1 0 1 2 2 2 0 1 1 1 1 1 0 0 0 0 1 0 2 0
0 1 1 0 0 0 0 0 1 1 0 1 1 1 1 2 0 2 0 2 1 1 1 0 1 2 1 1 1 0 1 0 1 1 0 1 0 1 1 2 2 1 0 1 2 2 1 1 2 0 1 0
2 2 2 1 1 2 1 0 1 2 1 2 1 0 1 1 0 2 1 1 2 1 2 1 0 1 1 1 1 1 2 1 0 0 2 1 1 1 2 0 2 1 1 0 0 1 1 0 0 1 0 1
1 1 0 0 0 0 0 2 0 0 1 1 1 0 1 2 2 1 2 2 2 1 2 1 1 2 0 1 1 1 0 0 0 1 0 0 1 1 2 1 1 2 2 1 2 1 1 2 2 2 2 1
1 1 0 1 1 1 1 2 1 1 2 2 2 2 1 2 1 0 1 1 2 1 1 2 2 0 2 1 1 2 1 2 1 1 1 0 1 1 2 2 1 2 0 1 1 0 2 1 1 1 1 0
2 1 1 1 1 0 1 1 0 2 1 1 1 2 1 2 0 1 1 1 1 1 0 1 0 1 2 1 1 1 0 1 0 2 2 0 0 1 1 2 1 1 1 2 1 2 1 1 1 2 1 2
0 0 2 1 2 2 0 2 1 1 2 2 0 0 1 1 2 2 1 1 1 1 1 1 1 1 1 1 1 0 0 0 2 2 2 2 0 1 0 1 0 2 1 1 1 1 0 1 0 1 1 1
2 1 0 1 1 2 0 2 2 1 0 0 1 1 1 1 1 2 1 2 1 2 2 1 0 1 2 0 1 2 0 0 0 0 0 0 1 0 1 1 2 1 0 0 1 2 1 1 1 0 1 2
12 6 17 7
29 62 84 137 143 184 233 241 305 339 377 304 357 329 504 541 451 454 625 490 647 624 759 706 819 679 761 985 953 990 932 1076 1042 1188 1224 1263 1136 1307 1023 1412 1379 1110 1510 1355 1214 1316 1238 1192 1509 1434 1439 1741
