52
30
2 2 0 2 2 1 2 1 2 1 1 1 2 0 0 0 1 1 2 2 0 0 0 1 0 1 1 0 2 2 2 2 1 2 2 1 1 1 2 0 2 0 1 0 0 0 2 1 1 1 1 1
1 1 1 1 0 1 0 1 2 0 1 1 0 2 1 1 2 2 1 2 0 2 1 1 2 1 2 1 1 0 1 1 1 1 1 1 1 0 1 2 2 1 1 1 1 0 1 1 0 1 1 2
1 2 1 1 1 1 1 1 0 2 0 1 2 0 2 1 0 2 0 0 1 0 1 0 0 0 1 1 2 1 1 2 1 0 0 2 2 1 1 2 2 1 2 0 1 2 0 0 1 1 2 0
0 0 2 0 1 0 0 2 0 0 0 2 1 0 1 0 2 1 0 0 2 2 1 2 0 0 2 1 0 0 2 0 1 1 1 0 1 0 1 1 0 1 1 0 2 1 2 1 2 1 1 1
2 0 1 2 0 1 2 2 2 2 1 1 2 0 0 0 0 2 0 1 2 1 2 1 0 0 1 1 1 2 1 1 1 1 1 2 2 1 1 0 2 1 1 1 0 1 1 1 2 1 0 1
0 1 1 1 2 0 0 1 1 0 0 1 1 1 2 1 1 1 1 1 2 0 2 1 1 1 0 0 1 1 0 0 0 0 1 2 1 2 0 1 0 2 2 1 1 1 2 2 0 1 0 1
1 1 2 2 1 2 1 1 1 1 1 0 2 1 1 2 1 2 2 0 1 1 1 1 1 0 1 1 2 1 2 1 2 2 2 2 0 1 1 1 0 1 0 1 1 1 0 0 1 0 1 0
2 1 1 1 1 1 0 0 0 0 0 1 2 2 1 1 2 1 1 2 1 1 2 1 1 0 1 1 1 0 1 1 0 1 1 1 1 1 0 0 1 2 1 2 1 2 1 0 2 1 1 1
1 1 1 2 2 2 2 0 2 0 1 1 0 2 0 1 1 1 1 0 0 1 1 1 1 1 2 1 1 2 1 0 2 1 1 2 0 1 1 2 0 0 2 0 0 0 1 1 1 0 1 0
0 0 1 0 1 0 1 0 1 1 0 2 1 2 1 2 1 2 2 2 1 2 1 0 0 1 0 0 0 2 2 0 2 0 1 0 1 1 1 2 1 2 1 2 1 0 1 1 1 1 2 1
1 1 1 2 0 2 2 1 2 1 0 1 1 2 0 0 1 0 2 1 1 2 1 1 1 1 1 2 1 1 1 1 1 2 0 2 2 2 0 1 1 1 1 1 1 0 1 1 1 1 0 1
2 2 1 1 0 1 1 1 1 2 2 2 1 1 1 2 0 0 2 2 2 1 0 1 2 1 0 1 1 0 0 1 1 1 0 1 1 1 1 2 1 0 1 1 1 0 1 2 1 2 2 1
2 0 1 1 1 1 1 2 1 2 1 1 0 0 1 0 1 0 0 0 0 1 1 2 1 0 1 1 1 0 1 2 1 2 0 0 1 2 2 2 1 1 0 1 0 1 1 1 0 2 0 1
1 1 1 1 1 1 1 0 1 0 2 1 2 0 1 2 1 0 0 2 1 2 1 1 2 1 0 0 1 1 1 1 2 2 0 1 2 1 1 1 2 2 1 2 1 1 1 2 2 1 1 2
2 1 0 2 1 1 1 1 1 2 1 1 2 0 1 1 1 0 1 1 1 1 1 1 1 1 2 1 1 0 1 2 1 1 1 2 0 2 1 0 2 0 1 0 1 0 1 1 0 1 2 1
1 0 2 1 1 2 1 0 0 1 1 1 0 1 1 2 1 1 0 1 0 1 1 2 2 2 1 1 1 0 2 2 1 2 1 1 0 1 1 2 1 1 2 1 2 2 0 2 0 1 0 1
1 1 1 2 1 2 2 1 1 2 1 2 1 1 2 2 0 0 0 2 1 0 2 1 2 0 2 0 0 1 0 1 1 1 2 1 1 1 0 1 1 2 1 1 2 1 0 1 0 0 0 2
1 0 1 1 1 0 0 1 0 1 2 2 2 2 1 1 0 2 1 2 1 0 1 2 2 1 1 2 2 0 0 0 2 1 1 1 0 0 0 1 1 2 1 0 2 2 1 1 2 2 2 0
2 1 1 1 1 1 2 2 2 1 2 0 1 0 1 1 1 1 1 2 1 1 0 1 1 0 1 1 0 1 1 1 1 1 0 1 1 1 0 0 1 1 0 1 0 2 0 2 1 0 1 0
2 1 1 1 0 0 2 1 0 0 1 0 2 1 1 2 2 2 0 1 1 1 1 1 2 1 1 0 1 1 1 1 1 1 1 0 1 1 1 2 2 1 2 1 2 2 1 1 0 1 2 0
1 1 2 2 2 1 2 2 1 1 2 0 2 0 1 0 1 0 1 1 2 2 0 0 0 1 2 2 1 1 2 1 2 1 0 2 0 1 1 0 0 1 0 0 1 1 2 1 1 1 1 0
1 0 1 1 0 0 1 1 0 2 1 2 1 2 2 2 2 1 2 1 2 0 1 1 1 0 2 2 1 0 2 0 0 2 2 0 1 1 0 1 2 2 1 1 1 0 1 0 2 1 2 2
2 1 2 1 1 0 0 1 0 2 1 2 2 1 0 0 1 2 1 2 2 1 0 0 1 1 1 1 1 2 1 2 0 1 0 1 1 0 1 1 0 1 1 0 1 0 2 1 1 0 1 1
1 1 1 1 0 1 0 1 1 1 1 0 1 1 2 1 1 1 1 2 1 1 1 2 2 1 2 1 0 1 1 2 1 2 1 1 1 1 0 0 1 1 1 1 1 2 1 1 1 2 1 0
1 2 1 2 1 0 1 0 1 1 1 2 1 0 0 1 2 1 0 2 1 0 1 1 0 1 1 0 2 1 2 1 2 2 1 2 1 1 1 0 0 0 0 2 0 1 2 0 1 1 2 1
2 1 0 1 0 0 0 0 1 0 1 0 1 2 2 0 1 1 1 0 1 2 1 1 2 2 1 1 1 1 1 0 1 0 1 1 1 0 0 0 1 2 0 1 1 0 2 1 0 0 0 2
1 1 2 1 1 2 1 2 0 1 0 0 2 2 1 1 0 0 1 1 0 1 2 2 1 1 2 2 2 2 1 2 2 0 2 2 2 1 1 0 0 0 2 0 0 0 2 1 1 0 1 0
1 0 0 1 0 1 2 0 1 0 0 1 1 1 1 1 1 1 0 1 1 2 1 1 2 1 1 0 1 1 1 0 0 1 2 1 1 0 0 1 1 2 1 1 1 1 2 1 2 1 1 1
2 2 1 2 2 0 2 2 1 1 1 2 0 1 1 2 1 0 1 0 0 0 1 0 0 2 1 1 1 2 2 1 2 2 2 1 1 1 1 1 1 0 0 0 1 1 0 1 0 2 1 0
1 1 1 0 1 0 1 1 1 0 2 1 1 2 1 0 1 2 1 2 2 2 1 2 1 1 1 1 0 1 1 0 1 2 1 1 2 1 1 2 0 2 1 1 2 0 1 1 0 2 0 1
14 9 17 15
30 56 88 117 164 156 257 259 327 290 326 371 353 439 531 481 450 580 546 690 689 687 717 863 645 933 836 781 734 771 914 1060 952 1244 1115 1258 1190 1015 983 1009 1421 1100 1263 1271 1154 1626 1485 1181 1595 1629 1642 1386
