52
30
1 1 2 1 2 2 2 2 1 1 2 1 2 0 0 0 0 0 1 1 1 1 1 1 0 1 1 2 1 1 1 1 0 0 1 2 2 2 1 1 2 0 0 2 1 1 1 1 0 1 1 1
0 1 0 1 0 2 2 2 2 1 0 2 2 1 1 1 2 1 0 1 2 1 2 2 2 0 0 1 1 1 0 1 1 2 2 0 1 1 2 2 1 1 2 1 2 0 2 0 1 2 1 1
0 2 1 1 2 1 1 2 1 1 0 1 0 1 0 0 1 1 1 0 0 1 1 1 1 0 1 1 1 2 2 0 2 1 2 2 2 1 2 1 1 2 1 0 1 0 1 2 1 1 1 1
1 2 1 2 1 1 2 1 0 0 1 2 0 1 0 1 0 1 2 2 1 0 2 2 2 0 1 2 2 0 0 1 0 1 1 0 1 1 2 2 1 0 0 2 1 1 0 1 1 2 1 2
1 1 1 1 0 1 2 2 2 1 0 1 2 0 0 1 1 1 1 0 2 2 1 1 0 1 2 0 0 1 2 2 2 2 0 1 1 1 1 1 1 2 1 0 1 1 0 0 1 1 0 2
1 1 1 2 0 1 1 2 1 0 1 0 0 1 2 1 0 1 0 2 0 0 1 1 1 0 1 0 1 1 0 0 0 0 2 2 0 0 0 0 1 0 2 2 1 0 2 2 2 0 1 1
2 0 2 1 2 1 2 2 1 2 1 0 1 1 1 0 0 1 0 1 0 0 0 2 1 0 1 2 0 2 1 0 2 0 0 2 1 1 2 0 1 1 2 1 0 0 0 1 1 1 2 0
1 2 2 1 1 0 2 1 1 2 1 1 0 1 1 0 0 1 1 1 1 0 1 0 1 2 1 1 0 1 0 2 2 0 1 1 0 0 1 1 1 2 1 1 1 1 1 1 1 1 1 1
2 1 2 2 2 0 1 0 2 1 1 1 2 1 1 2 1 1 0 1 2 1 1 1 0 1 1 0 1 1 1 2 1 1 2 2 1 1 1 0 1 2 0 0 1 0 2 2 0 1 1 1
0 0 0 2 0 0 0 1 2 0 0 0 0 2 1 2 1 1 2 2 1 2 1 0 2 1 1 0 0 0 1 1 1 0 1 1 0 2 1 1 0 1 0 0 2 1 1 1 2 0 2 1
2 0 0 0 1 2 1 1 2 1 2 1 1 0 0 0 1 2 0 1 0 0 0 0 0 0 2 2 1 2 1 1 2 2 2 1 1 2 0 1 0 0 0 0 1 1 0 1 1 1 1 2
2 0 1 2 0 1 1 0 1 1 2 1 1 1 1 1 1 1 1 1 1 2 1 0 2 1 0 1 1 1 1 1 1 1 1 1 2 1 1 2 2 2 2 2 1 2 1 1 1 2 1 1
1 2 2 1 1 0 0 1 2 2 1 0 1 0 0 0 0 1 0 2 1 2 1 2 1 1 0 1 2 1 2 1 2 1 1 1 1 2 1 0 0 1 0 1 1 0 1 1 1 1 0 1
0 0 0 1 0 0 1 2 2 0 1 2 1 1 1 1 1 1 2 2 2 1 2 1 2 1 1 1 1 0 0 1 0 2 2 2 1 2 1 0 2 0 1 1 0 2 1 2 1 2 2 2
1 0 1 2 1 2 1 2 2 1 1 1 1 0 0 0 0 2 1 1 1 1 0 2 0 1 0 1 0 1 2 2 2 2 2 2 1 1 2 0 0 1 2 0 1 2 1 1 1 2 1 0
1 1 0 1 0 0 1 0 0 1 0 2 2 1 1 2 1 1 1 1 2 0 2 0 1 2 0 1 0 1 1 0 1 1 2 2 0 0 0 1 1 0 2 2 2 1 1 1 1 2 1 1
1 2 1 1 1 1 1 1 0 0 1 2 1 1 1 1 1 1 0 0 1 1 1 1 1 1 2 1 2 1 1 1 2 2 1 1 2 1 2 0 0 0 1 1 1 1 1 0 2 1 0 0
2 2 1 1 1 2 1 1 1 1 0 0 0 0 1 0 1 1 1 1 2 0 1 1 2 1 2 1 1 0 2 2 1 0 1 2 1 1 1 1 1 2 0 1 1 0 1 2 1 0 2 1
1 1 1 2 1 0 1 0 2 0 1 2 1 0 2 0 1 1 2 1 0 2 1 1 1 1 1 2 1 1 0 2 1 0 1 1 1 0 1 0 0 2 1 1 0 1 2 0 2 1 1 1
1 0 0 0 0 1 0 0 0 1 0 0 0 1 1 0 1 1 2 0 2 2 0 2 1 1 2 1 1 1 1 1 2 1 0 2 0 0 1 1 1 1 0 1 2 1 2 2 0 1 1 1
1 2 2 2 1 1 1 2 1 1 1 1 1 1 1 0 1 2 1 1 0 2 0 1 0 0 1 2 1 2 2 1 1 1 2 1 2 1 1 1 0 1 1 1 2 1 0 0 0 2 1 2
1 0 0 0 0 0 1 0 0 2 2 1 0 2 0 2 0 0 1 1 1 0 0 2 1 1 1 2 0 0 1 0 1 0 2 0 0 1 0 1 2 1 0 1 2 2 0 2 2 0 0 1
2 2 1 2 2 2 1 1 1 0 2 1 1 1 2 1 1 0 1 1 2 0 1 1 0 1 1 1 1 2 0 2 0 1 2 1 1 1 0 1 0 2 1 0 1 1 2 1 0 0 1 0
2 0 1 0 0 2 1 2 1 0 1 1 0 1 1 0 2 1 1 1 1 2 2 1 1 0 2 1 1 1 1 0 1 1 1 2 0 0 0 2 1 2 0 1 2 0 1 2 1 2 2 2
0 1 2 2 2 2 1 0 1 1 2 0 0 0 1 1 1 1 1 1 1 0 1 1 2 0 1 1 2 1 1 0 1 2 2 0 2 1 2 0 2 0 0 0 0 1 1 1 1 0 1 0
1 1 0 1 0 1 0 0 1 1 1 1 1 1 0 0 0 1 1 2 0 1 1 1 1 1 1 1 1 2 2 1 1 1 1 0 1 0 2 1 1 2 1 0 2 2 1 0 2 1 1 2
1 2 1 2 2 1 2 1 2 2 1 1 1 2 1 1 0 1 2 2 1 1 0 0 1 1 1 1 1 1 1 1 2 1 1 0 2 1 1 1 0 0 2 0 2 0 0 2 0 2 0 2
0 1 2 0 1 2 0 2 0 0 0 1 0 1 2 2 0 2 1 2 1 2 1 1 1 2 0 2 1 0 1 1 1 1 2 0 0 0 1 1 2 1 1 1 1 1 1 2 2 1 1 1
0 1 1 1 2 1 1 1 1 2 1 1 1 1 1 0 0 0 1 0 0 1 1 0 1 1 2 0 2 2 2 0 1 1 2 1 2 2 2 1 0 1 0 1 1 1 0 1 2 0 0 1
0 0 1 0 1 0 0 1 2 1 0 0 1 1 1 1 0 1 2 1 1 1 2 0 2 2 2 0 1 0 1 0 0 0 2 0 2 0 0 1 1 1 2 1 0 2 1 2 1 1 1 2
15 21 15 14
28 59 92 126 169 185 204 257 239 306 363 363 312 370 363 400 408 576 523 510 546 512 606 626 756 859 787 701 880 927 1038 1061 786 889 1091 897 925 1265 1365 1140 1162 1130 1073 1496 1524 1417 1618 1390 1399 1542 1497 1726
