52
30
1 1 2 1 1 0 1 0 2 1 1 1 1 1 0 0 1 1 1 1 0 1 1 1 1 1 2 1 2 2 1 1 1 1 1 1 2 2 1 1 1 1 1 1 0 1 1 2 1 0 1 1
1 0 1 1 1 1 1 1 0 1 0 1 2 0 2 1 2 0 1 0 0 0 1 1 1 0 0 1 2 2 2 1 1 2 0 1 0 1 0 1 1 2 1 1 1 1 2 1 1 1 0 1
1 0 1 2 1 1 1 2 1 1 1 0 2 0 1 1 0 0 0 2 1 2 1 0 0 1 1 2 2 1 2 1 2 1 2 2 1 1 1 1 2 1 1 0 0 2 0 0 1 1 1 0
0 0 0 2 0 0 1 1 1 0 1 1 1 1 1 1 2 2 0 0 2 2 0 2 1 1 1 1 1 0 2 1 1 1 0 1 0 0 1 2 1 2 1 2 1 1 1 2 2 1 0 0
0 2 1 2 2 1 1 1 2 2 1 1 1 1 1 2 2 1 0 0 1 0 1 2 1 1 2 2 2 2 1 0 0 2 2 2 1 1 1 1 1 0 1 0 1 0 1 1 1 0 2 1
1 1 1 2 0 1 0 0 0 1 0 1 0 1 0 0 2 2 0 0 0 2 2 1 2 1 1 0 1 1 0 1 1 1 1 1 1 1 2 1 1 2 2 1 2 2 1 0 1 2 2 1
2 1 1 1 1 1 1 1 1 0 0 2 2 1 0 1 1 2 1 0 1 0 0 1 1 1 1 0 1 2 1 1 1 1 0 0 2 2 0 1 0 1 1 2 2 1 1 1 0 1 0 1
1 1 0 1 0 0 0 0 0 2 0 0 0 1 1 2 1 2 1 1 1 2 2 0 1 1 1 1 1 1 1 2 2 2 1 1 1 1 0 1 2 2 1 0 0 2 1 1 2 1 1 1
1 0 1 1 2 1 0 2 1 2 1 2 2 1 1 1 2 1 0 0 0 1 1 0 0 0 1 1 1 0 2 1 2 1 1 0 0 2 0 2 1 1 0 1 1 2 0 0 1 1 1 1
1 2 1 2 0 1 0 0 0 0 1 1 0 1 1 2 1 1 1 1 2 2 1 1 1 1 1 1 2 1 2 1 0 1 2 0 1 1 2 2 2 1 1 1 0 2 1 1 1 1 1 1
2 1 2 2 1 2 0 1 2 1 0 2 1 1 2 2 0 1 2 0 0 0 0 2 0 1 2 2 1 2 0 2 1 1 2 2 1 2 0 2 0 0 1 2 2 0 1 1 1 0 1 0
0 2 1 1 1 2 1 1 1 1 1 1 1 2 0 2 2 1 1 1 1 1 2 2 1 1 0 2 1 1 1 0 1 1 1 1 1 1 0 1 0 0 0 0 2 1 1 1 2 0 1 1
1 1 0 1 1 0 1 2 0 2 1 0 1 1 2 0 1 0 1 0 1 0 1 2 1 1 0 2 2 1 2 1 2 1 1 1 0 0 0 1 1 1 1 2 1 2 1 2 1 1 1 1
0 1 0 1 2 1 1 0 0 0 2 2 1 2 1 2 1 1 1 2 2 2 1 1 1 1 0 1 1 0 1 1 1 0 2 0 1 1 2 0 2 1 1 1 2 1 1 1 2 0 1 1
2 1 1 1 1 0 2 1 1 1 1 1 0 1 1 1 0 1 0 2 1 1 2 0 1 0 1 0 0 0 0 2 1 2 0 1 2 1 2 1 0 1 0 2 0 0 2 1 1 0 1 1
1 0 1 1 0 2 1 1 0 0 1 1 1 1 1 1 2 2 1 1 1 1 0 1 1 1 1 2 0 0 0 1 0 1 0 1 2 1 0 2 1 1 1 1 1 2 1 2 2 1 1 2
1 1 1 1 2 1 1 1 1 0 1 1 0 1 1 1 0 2 0 1 0 0 0 2 0 1 2 2 1 2 0 2 1 1 0 1 2 2 1 1 1 0 0 2 0 0 1 1 0 2 2 1
0 1 1 1 1 1 0 0 1 1 0 1 1 2 1 2 1 1 2 1 1 0 1 2 1 2 1 2 2 1 1 1 1 0 0 1 0 1 0 0 1 1 2 2 1 1 1 2 0 0 1 2
2 1 1 2 1 2 1 1 1 1 0 1 1 0 1 1 2 1 0 1 1 1 1 1 1 0 2 1 1 1 2 1 2 0 1 1 1 2 2 0 0 1 1 2 1 0 0 0 0 1 0 1
0 1 1 0 0 1 1 1 2 2 1 1 0 1 2 1 2 1 1 1 0 2 1 2 2 2 0 0 1 2 0 0 0 0 1 1 1 0 0 1 1 2 1 1 1 1 1 2 1 2 1 1
0 1 2 2 2 2 2 1 2 1 0 1 2 2 1 1 0 1 1 0 0 0 0 1 1 1 1 1 2 1 0 1 0 1 1 1 2 1 2 0 0 2 0 1 0 1 1 1 1 2 0 1
1 1 1 0 1 1 1 1 0 1 0 1 1 2 1 1 1 1 0 2 0 2 1 1 1 2 0 2 1 0 0 1 0 1 1 0 1 1 0 2 2 2 1 0 2 1 2 2 2 1 2 1
1 1 1 1 2 1 0 1 1 2 2 2 2 1 0 0 0 2 0 2 0 2 0 0 0 1 2 2 0 1 1 2 2 1 1 1 0 2 1 2 1 1 0 0 0 0 1 0 1 0 2 2
1 0 1 1 1 0 1 0 1 1 0 1 1 2 2 1 2 1 1 0 2 1 1 1 2 1 1 1 1 0 2 1 0 0 1 0 0 1 0 0 1 2 2 2 1 1 1 2 1 2 1 2
1 2 1 2 2 0 1 2 1 2 2 1 2 1 2 2 1 2 1 1 2 1 1 2 2 1 2 1 2 2 2 1 2 2 2 2 1 1 2 1 1 0 1 0 1 0 0 0 1 1 2 0
0 1 0 0 2 1 1 1 0 0 1 0 1 1 2 2 1 1 1 0 2 2 2 2 0 1 0 0 1 1 1 1 0 0 0 0 0 1 1 2 2 1 1 1 2 2 1 1 1 2 2 2
1 1 1 1 1 2 1 1 2 0 0 2 0 1 2 1 1 1 1 2 0 1 2 1 2 0 1 2 1 2 1 1 1 1 1 1 2 0 2 2 1 0 0 1 1 0 1 0 1 1 1 1
1 0 0 1 1 1 0 0 0 1 1 1 1 1 2 1 2 1 1 2 0 0 1 1 2 1 1 1 1 1 0 2 2 1 1 0 0 2 1 2 0 1 2 2 0 1 2 2 2 1 0 1
1 1 1 1 1 1 1 1 2 1 1 1 2 1 2 1 2 1 0 1 1 2 0 1 2 1 0 1 2 2 1 2 0 1 1 1 1 1 2 1 2 2 0 0 1 2 1 0 0 1 2 0
2 1 0 0 0 1 1 0 2 1 0 1 1 2 1 2 1 2 2 1 1 1 1 1 1 2 1 0 1 0 1 1 1 1 0 0 0 1 2 1 2 1 1 2 0 1 1 2 1 2 1 0
19 26 20 15
27 49 64 126 128 188 168 186 225 272 281 385 419 338 517 390 503 644 648 515 683 770 617 779 736 683 851 869 713 732 825 926 1140 876 1172 1036 1248 1238 1229 1109 1117 1444 1186 1531 1094 1575 1351 1547 1653 1508 1673 1522
