52
30
1 1 1 1 0 0 1 1 2 1 0 1 1 1 1 2 1 0 1 2 0 1 1 2 0 0 1 2 2 1 1 1 0 2 2 1 1 2 2 1 1 0 0 1 1 0 0 0 0 1 0 0
1 0 1 1 1 0 1 1 0 2 2 1 1 2 1 2 2 1 2 1 1 1 1 2 1 1 0 0 1 1 1 1 0 1 2 1 0 1 1 2 2 2 1 1 1 1 2 0 2 1 1 1
1 1 1 0 1 2 1 1 1 1 1 0 0 0 1 0 2 0 0 2 1 1 0 2 0 1 1 1 1 1 2 2 1 1 0 1 0 2 0 0 0 0 1 1 0 0 1 2 1 0 1 1
1 1 1 2 1 1 1 1 0 0 2 0 0 0 2 2 2 2 2 1 2 0 2 1 1 1 1 1 0 0 1 0 1 2 2 1 0 1 0 0 1 0 2 2 2 2 0 0 1 0 2 0
2 2 1 1 2 2 2 2 2 1 1 1 2 1 0 2 0 0 1 0 0 1 1 0 2 2 1 1 0 1 1 2 2 1 0 2 2 1 2 1 1 0 2 1 2 2 1 1 1 1 0 1
0 1 1 0 0 1 2 1 0 0 0 1 1 1 1 2 2 2 2 2 1 1 2 1 2 1 0 2 1 1 1 0 1 0 2 2 1 1 1 1 2 1 0 2 1 1 1 1 0 1 2 1
2 2 1 1 1 2 2 2 2 2 1 0 2 1 2 0 1 2 1 0 0 0 1 1 1 1 0 2 2 1 2 1 0 1 2 2 1 1 2 0 0 1 2 2 0 2 0 1 0 2 0 0
1 1 2 1 1 0 0 1 0 2 0 0 0 1 1 1 1 1 0 1 2 0 2 2 1 1 1 0 0 1 1 0 1 1 1 1 2 2 0 0 1 1 1 2 1 1 1 1 2 1 1 1
0 2 2 2 2 2 1 1 1 1 1 2 2 1 1 0 1 0 0 1 1 1 0 0 2 0 2 1 1 1 2 1 1 1 1 2 1 1 0 0 1 1 2 1 0 1 2 2 2 0 1 1
1 1 1 1 0 0 1 1 1 0 1 0 1 1 2 0 2 2 0 0 0 1 2 1 1 0 0 0 0 1 1 0 0 0 1 2 1 2 0 2 1 1 2 2 1 2 2 1 1 1 1 2
0 1 1 2 2 1 2 1 2 1 1 1 1 1 1 2 0 1 0 0 1 0 1 1 0 0 2 2 1 2 2 1 0 0 1 0 2 1 1 1 0 0 0 1 2 1 2 1 1 1 0 1
0 1 0 1 2 0 0 1 1 0 1 0 0 2 1 1 1 1 1 1 1 2 1 1 1 1 1 0 0 0 1 2 0 2 0 1 1 0 1 1 2 1 0 2 0 2 0 1 1 1 1 0
0 1 2 2 2 0 1 0 1 1 0 1 2 2 0 1 1 1 0 1 0 0 0 1 1 0 2 2 2 2 1 0 1 1 1 2 2 2 2 2 0 0 1 1 1 0 0 0 1 0 2 1
1 1 2 1 2 1 1 0 1 1 0 1 1 2 1 0 1 2 1 2 2 2 0 1 2 2 2 1 1 1 0 0 2 1 1 1 0 1 1 0 2 2 2 2 1 2 1 1 0 1 1 1
2 0 1 0 2 1 1 1 1 1 2 1 1 0 0 0 2 1 2 0 0 1 1 1 1 0 1 2 2 1 1 1 1 1 2 1 0 2 1 1 1 0 0 1 2 2 0 1 0 2 1 1
1 1 1 0 0 0 1 1 2 0 2 0 1 2 2 2 2 1 1 1 2 2 1 0 1 0 0 0 2 1 1 2 1 0 2 1 0 1 1 1 0 1 2 2 2 1 2 1 1 1 2 1
2 1 1 1 1 1 2 1 1 2 2 1 1 2 1 0 0 1 0 1 0 0 0 1 1 1 2 1 2 0 1 2 2 2 2 0 2 2 2 1 1 1 1 0 1 1 0 1 0 1 2 0
1 2 0 0 0 0 1 1 0 2 0 1 1 2 2 0 1 1 0 1 1 0 2 0 2 1 1 2 1 0 0 0 0 0 1 1 0 1 1 2 0 1 2 1 2 1 1 1 1 1 1 1
1 1 2 1 1 1 1 1 1 1 2 1 1 1 0 0 1 1 1 2 2 1 1 0 2 1 0 2 2 1 2 1 1 2 1 1 0 2 2 1 0 0 0 1 1 0 2 1 1 1 0 1
2 1 1 1 1 1 1 1 1 1 1 2 0 0 2 1 1 1 1 2 0 1 2 0 2 2 2 2 1 0 1 2 1 1 2 0 0 0 0 1 2 1 2 1 0 2 1 1 1 1 2 1
1 0 2 1 1 0 1 2 1 2 1 0 0 2 2 1 0 1 1 0 1 1 2 1 0 2 1 1 0 0 2 2 1 2 1 1 1 0 1 0 0 1 0 2 0 0 0 1 0 1 1 1
1 1 0 2 0 0 0 1 1 1 0 2 1 2 1 1 1 2 2 1 2 0 1 2 0 1 1 1 0 1 0 1 0 2 0 1 2 0 1 1 1 2 1 1 2 1 1 2 1 2 1 0
1 1 2 2 1 1 1 0 2 1 1 1 1 0 0 2 0 0 0 1 1 1 0 1 0 0 1 1 2 1 2 1 1 2 1 1 2 0 0 1 0 2 1 1 1 1 0 2 1 0 0 0
0 0 1 1 0 2 2 0 2 0 1 1 1 2 1 0 2 1 1 1 1 2 1 1 1 1 1 1 2 1 0 2 0 2 1 1 0 1 1 2 1 1 1 1 2 2 0 1 1 2 1 2
2 0 2 0 1 2 2 1 1 0 1 2 1 0 1 1 0 0 1 1 1 0 0 2 2 1 2 1 1 2 0 0 2 0 1 2 2 2 0 1 0 1 2 2 2 1 0 0 1 0 0 0
0 0 1 2 0 1 1 1 2 1 0 0 0 1 2 1 2 0 2 2 1 2 1 2 2 1 2 1 1 1 2 1 1 0 1 1 2 1 0 2 1 2 1 1 1 1 1 0 2 2 2 2
2 2 2 1 1 2 1 0 2 2 2 1 1 0 1 1 0 0 1 0 2 0 0 1 0 1 2 1 2 1 2 2 1 1 2 1 2 1 0 0 1 1 0 0 1 1 1 1 2 1 1 0
1 1 1 0 1 0 2 1 0 1 1 2 1 1 1 0 1 1 0 1 2 0 2 2 2 1 2 0 1 1 2 0 1 2 2 1 2 2 1 0 1 2 1 0 1 1 2 2 1 1 2 1
1 1 2 0 2 2 2 1 2 1 1 1 2 0 0 0 0 0 0 0 0 2 0 1 1 1 0 1 1 2 2 2 2 2 0 2 0 1 1 0 2 0 1 0 1 1 0 1 2 1 1 0
0 0 1 0 1 1 1 1 1 0 1 0 0 1 2 1 1 2 2 1 0 1 2 1 1 2 0 1 0 0 1 1 1 1 0 1 0 0 0 1 1 1 1 2 1 1 2 2 1 1 2 1
18 25 18 22
34 48 95 130 175 184 226 225 248 340 301 333 421 464 494 486 417 481 479 527 638 748 802 703 602 822 944 685 754 895 805 884 823 1137 1050 1178 915 1235 1082 1372 1463 1284 1115 1335 1285 1159 1565 1391 1426 1513 1564 1537
