52
30
2 0 1 1 1 1 0 0 2 1 1 2 1 1 0 0 1 1 0 0 0 0 1 1 1 0 1 1 1 1 2 1 1 2 2 1 2 1 1 1 1 2 2 2 2 1 1 1 0 1 2 0
2 0 1 1 0 1 0 0 2 2 1 2 0 1 0 1 1 0 2 2 1 1 2 2 1 2 0 0 1 0 1 1 1 1 0 1 0 0 0 1 1 1 0 2 1 0 2 2 1 1 1 2
0 0 1 2 1 2 0 2 1 2 1 1 1 1 0 0 1 1 1 1 0 2 1 1 1 1 1 1 1 1 1 0 1 2 1 1 1 0 1 1 2 1 1 2 0 1 1 2 1 0 0 1
1 0 1 1 1 0 0 1 2 1 0 0 1 0 0 1 1 2 2 1 1 0 1 2 1 0 1 0 1 1 1 0 1 1 0 0 0 0 2 1 1 1 2 2 1 0 0 0 1 1 0 2
1 1 1 0 2 1 1 1 1 1 1 0 1 1 2 1 1 0 0 0 1 1 1 0 2 0 2 0 1 1 2 2 1 1 1 0 1 1 1 0 0 1 1 1 1 1 1 0 0 1 2 0
0 2 1 2 0 0 0 0 0 1 0 0 0 2 2 2 1 2 1 2 2 1 2 1 1 1 1 0 0 1 1 1 0 0 1 1 0 0 1 1 1 1 0 2 2 2 0 1 2 1 2 2
0 1 2 2 2 1 1 2 1 2 2 1 0 0 1 0 1 1 0 1 1 2 0 1 1 2 2 1 2 2 1 1 2 1 1 1 2 2 2 1 0 2 1 1 2 0 1 1 1 0 1 1
0 0 1 0 2 1 1 0 0 0 0 1 1 0 0 1 2 1 2 0 1 1 1 1 2 1 1 1 1 1 1 0 1 2 1 0 0 2 2 2 1 1 1 2 1 1 1 1 1 2 1 1
0 1 1 2 0 1 0 2 1 1 1 1 0 1 0 0 2 1 2 1 1 1 1 1 0 2 2 1 2 2 2 2 1 2 1 1 1 0 2 1 1 1 1 0 1 1 1 1 0 0 1 2
1 0 2 1 0 0 0 1 1 1 1 1 1 2 0 2 2 0 1 1 1 1 0 2 2 2 0 0 0 1 0 1 1 0 2 2 1 0 0 0 1 2 0 2 0 1 2 1 1 2 1 2
0 2 1 2 0 2 1 1 2 1 1 0 2 2 0 1 0 1 0 1 0 0 2 2 0 0 0 2 1 2 2 1 1 0 1 1 1 2 2 2 1 0 0 0 2 1 1 0 1 0 1 0
0 1 2 1 1 1 1 1 0 0 0 0 1 1 0 2 1 1 1 0 1 2 2 1 1 1 1 0 1 2 0 1 1 1 1 1 1 1 1 1 2 0 1 1 2 0 1 1 2 2 1 2
0 0 1 0 0 1 1 1 2 1 2 2 0 1 1 0 2 1 2 0 1 1 1 2 1 0 2 1 2 2 2 2 2 2 2 1 2 1 0 0 1 0 0 1 1 1 1 2 0 0 1 0
0 1 1 0 1 0 1 1 0 1 1 1 0 1 1 1 0 1 0 2 1 2 1 2 2 2 0 1 1 0 1 2 0 0 2 1 1 0 0 1 1 2 1 1 1 2 0 2 1 1 1 1
2 1 1 1 2 2 1 1 2 2 1 2 2 0 1 1 0 1 0 1 0 1 0 0 0 1 1 2 0 1 1 1 2 2 0 1 2 1 2 0 1 2 1 1 2 2 0 0 0 2 2 1
0 0 1 1 0 2 0 0 0 0 1 0 1 1 2 1 0 2 1 1 1 1 1 1 1 1 1 1 0 1 1 2 1 1 1 1 1 1 1 2 0 1 1 1 2 2 1 0 1 1 2 0
2 1 0 2 2 2 1 1 1 0 0 1 2 1 2 1 1 0 0 2 0 1 2 1 0 1 1 0 2 1 2 1 1 1 1 1 2 0 2 1 0 1 1 1 2 2 0 1 2 1 1 1
1 1 0 0 1 1 0 0 0 0 0 0 2 1 1 2 1 2 2 1 1 0 0 0 2 0 1 1 1 1 1 0 2 1 2 1 1 2 0 2 1 1 2 1 1 1 0 2 2 1 1 1
2 2 1 1 2 2 2 1 1 1 1 0 2 1 2 0 0 0 1 0 0 1 0 1 2 2 0 0 1 2 1 2 0 1 2 2 1 1 2 0 2 1 1 0 0 0 1 2 1 2 1 1
0 1 1 0 1 0 0 0 0 0 2 0 1 0 1 1 2 1 1 1 1 2 1 2 2 1 1 1 0 1 0 0 0 1 1 1 0 1 0 0 2 1 2 1 2 1 1 2 1 0 1 1
1 1 1 1 1 1 1 2 1 1 1 2 1 0 0 0 2 1 2 0 0 1 1 1 1 1 1 0 1 1 1 0 1 1 1 2 2 1 2 1 1 2 2 0 0 0 1 2 0 0 2 0
0 0 1 0 2 2 0 1 0 1 1 1 0 2 2 1 1 2 2 2 1 2 1 2 1 0 0 0 0 2 0 2 1 0 0 1 0 1 0 1 0 2 1 2 1 1 1 0 2 2 0 1
1 2 2 1 1 1 1 1 1 1 0 1 2 0 0 1 0 1 1 0 1 1 1 1 1 1 1 0 1 1 1 2 1 1 2 2 2 0 1 2 0 1 0 0 0 1 0 0 0 0 0 1
0 1 1 1 0 1 2 0 0 1 2 2 2 1 2 1 1 2 1 2 1 1 1 2 1 1 0 1 0 2 0 0 1 0 1 0 2 2 1 2 2 0 2 2 0 2 2 2 2 1 1 2
0 2 1 1 1 1 1 0 1 1 1 0 1 1 1 1 0 1 0 1 1 1 1 0 0 1 1 2 1 2 2 1 1 1 2 1 1 2 2 1 2 1 2 0 1 1 0 1 0 1 1 1
0 1 1 1 0 1 1 1 2 0 1 0 0 1 1 2 0 2 1 1 1 1 1 1 2 1 1 1 1 1 1 2 0 1 1 2 2 2 2 1 2 1 2 2 1 2 2 2 1 2 2 0
2 1 2 0 1 0 2 2 1 1 1 1 2 1 2 0 0 0 1 1 1 1 0 2 1 0 2 0 2 2 2 2 0 2 1 2 2 1 1 1 0 0 0 1 1 1 1 1 0 0 1 1
0 1 0 0 2 1 0 1 0 1 0 0 1 2 2 2 2 0 1 0 0 1 2 0 2 2 2 0 0 2 1 0 0 1 0 1 0 2 1 1 1 2 1 1 1 2 1 1 0 1 2 1
1 1 1 1 2 1 2 1 1 1 0 2 1 2 2 2 2 2 2 0 0 1 1 0 1 0 0 2 2 1 1 2 1 1 1 2 1 1 2 1 1 1 1 1 1 2 0 1 1 1 0 1
0 1 0 1 0 0 1 0 0 1 1 1 1 2 0 1 1 2 0 1 1 2 0 2 0 2 1 2 1 2 0 0 1 1 0 1 0 0 0 1 2 0 2 1 1 1 1 1 1 2 0 2
16 22 18 17
21 45 79 83 117 192 158 250 234 306 305 249 321 335 449 496 521 471 486 642 481 490 554 765 635 713 636 837 645 899 884 899 829 774 954 905 1110 1196 1238 1377 1377 1307 1443 1042 1289 1292 1147 1403 1256 1446 1649 1535
