52
30
1 1 0 2 1 1 1 1 1 1 1 2 2 0 0 2 1 2 1 0 2 0 0 2 2 0 0 0 1 1 2 2 1 1 1 1 2 1 1 2 1 1 0 1 1 0 1 1 1 1 1 2
1 1 2 1 1 1 1 1 0 1 2 0 0 1 2 1 0 1 2 1 1 1 1 1 2 1 1 2 2 0 1 2 1 1 0 2 0 2 0 1 1 2 1 2 1 1 1 2 1 1 1 1
1 0 1 1 1 2 2 0 1 1 0 0 2 1 0 0 1 1 0 1 1 1 0 0 1 0 1 1 0 1 1 1 1 1 2 2 1 1 1 1 0 1 1 1 0 1 0 1 1 0 1 1
1 2 1 1 0 1 1 2 1 2 1 1 1 2 1 1 0 1 1 0 1 1 2 1 2 2 1 0 2 1 1 0 1 1 1 1 1 0 0 0 0 2 1 1 2 1 1 1 1 2 1 2
2 1 1 2 1 2 1 0 2 1 2 1 1 1 2 0 0 2 1 1 1 1 0 0 1 2 1 1 1 1 1 1 1 0 2 0 2 2 2 1 0 1 2 1 1 2 0 0 2 1 2 1
1 1 2 1 1 2 1 1 1 1 1 1 0 2 1 2 1 2 2 2 2 0 1 1 1 1 1 1 1 0 1 1 0 2 0 1 2 1 1 1 2 0 0 2 1 1 1 0 2 1 0 0
1 1 0 1 2 2 0 1 2 1 2 1 1 1 1 2 1 1 0 1 0 0 0 1 0 0 0 2 1 1 2 2 1 0 2 1 2 1 1 1 2 0 1 1 0 1 2 0 1 1 1 1
0 0 1 2 0 0 1 2 2 0 0 1 0 2 2 0 0 1 2 1 2 2 0 2 2 2 2 2 1 0 1 0 1 0 2 1 1 2 0 0 1 1 1 1 2 1 1 1 1 1 1 2
1 1 2 0 1 1 1 1 2 2 1 2 0 2 0 0 1 0 1 1 0 0 1 1 2 2 1 1 0 0 1 1 1 2 1 2 1 1 1 1 1 0 0 0 0 0 2 1 1 0 1 0
1 0 1 0 1 1 1 1 0 1 1 0 0 1 0 1 2 1 2 2 2 1 1 1 1 2 1 1 1 1 2 2 2 1 1 1 1 1 2 2 0 1 1 2 0 1 0 2 2 1 2 1
2 1 0 1 1 2 1 2 2 2 2 2 1 1 1 1 1 2 1 1 2 1 0 1 1 0 2 1 2 0 2 0 1 1 2 2 0 2 1 0 0 2 0 1 0 1 1 1 2 1 1 1
0 0 0 1 1 0 0 1 1 1 1 1 1 1 1 2 2 2 2 0 1 2 1 1 1 1 2 0 0 1 2 1 1 2 0 0 1 0 1 2 1 2 1 1 2 1 1 1 1 0 2 0
1 2 0 1 2 1 1 1 2 0 2 2 2 2 0 0 1 1 1 1 2 1 1 1 2 1 1 2 2 1 0 1 1 2 1 2 1 1 1 1 1 0 0 0 2 1 0 1 1 1 1 1
0 1 0 0 0 1 1 1 0 1 1 0 0 1 2 1 1 1 2 0 0 1 2 2 2 0 1 0 1 0 0 0 2 0 0 1 2 1 0 2 1 2 0 1 1 1 2 2 0 1 0 1
1 2 2 1 1 2 2 1 0 1 2 1 2 1 1 1 1 1 0 0 1 1 1 2 1 1 1 0 1 0 0 2 1 2 1 1 1 2 1 1 0 0 0 1 0 1 1 1 1 0 0 1
1 0 1 0 0 2 1 1 1 1 1 1 1 0 1 2 1 2 2 1 1 1 1 2 1 1 1 1 0 2 1 1 1 1 0 1 1 0 0 1 1 1 2 1 2 1 0 1 2 2 2 2
1 2 2 1 1 0 1 1 0 1 1 1 2 2 1 1 0 0 0 1 0 0 0 1 0 1 1 1 1 2 1 1 1 2 2 1 2 0 1 2 0 1 1 1 1 2 1 0 1 0 1 2
2 0 0 1 1 0 0 1 1 0 2 1 1 2 2 2 1 1 1 0 1 1 2 1 1 0 1 0 1 0 1 2 0 1 0 1 1 0 1 1 1 1 1 1 1 1 2 1 1 2 1 1
1 1 1 2 2 2 1 2 2 2 0 1 1 2 0 0 0 1 1 1 1 1 0 0 0 0 0 0 1 1 1 1 2 0 2 2 1 2 1 1 1 1 1 1 2 2 1 0 0 2 1 0
1 0 0 0 0 1 1 1 0 2 1 0 2 2 2 2 2 0 1 2 0 2 1 2 2 0 2 0 1 0 0 0 0 0 1 1 2 0 0 1 2 1 2 0 2 1 2 1 1 2 0 1
0 1 1 2 1 1 2 2 2 2 1 1 2 1 1 0 1 1 2 0 2 0 1 2 1 0 1 0 1 2 1 0 1 1 2 1 1 1 2 0 1 1 1 1 1 0 0 0 1 2 1 0
2 0 1 0 1 1 1 0 0 0 1 1 1 1 1 1 2 1 1 1 1 0 2 1 0 2 1 0 1 1 0 1 1 1 0 0 1 1 0 2 1 1 1 2 1 1 1 1 2 1 1 2
2 2 1 1 1 1 0 2 2 1 1 2 1 1 2 2 1 2 1 1 1 1 0 1 0 0 1 1 2 2 1 1 1 1 2 1 2 2 1 0 1 1 1 2 1 2 1 1 2 0 1 1
2 1 1 1 0 0 1 1 0 0 0 1 1 0 0 2 1 2 0 2 0 2 0 1 2 1 0 1 1 0 1 0 1 1 1 1 0 1 1 1 0 1 2 2 1 1 1 2 0 0 2 1
2 2 2 0 1 2 2 2 2 1 1 1 1 2 0 0 0 1 1 1 1 1 0 0 1 1 2 2 2 1 1 0 0 2 0 0 2 2 1 2 0 1 1 1 0 0 1 0 0 0 0 2
0 0 0 1 1 0 2 0 2 0 1 1 2 1 1 1 2 0 0 1 1 0 2 1 2 2 1 1 0 1 2 0 1 2 0 0 2 0 0 2 2 1 1 0 0 0 1 2 1 2 2 2
1 2 1 1 2 2 2 1 2 2 1 1 1 2 2 1 1 0 1 1 2 1 0 1 0 1 1 2 2 1 1 2 2 1 1 2 1 2 1 0 0 1 1 0 1 0 1 1 1 1 1 2
0 0 2 0 0 0 1 2 1 0 0 0 0 2 1 0 1 0 2 2 2 2 1 1 0 2 1 2 1 1 0 0 0 1 1 2 1 1 1 1 0 2 1 0 1 2 1 0 1 1 2 2
2 1 1 2 1 1 1 1 1 1 2 1 1 0 1 1 1 1 2 2 1 1 1 0 1 2 1 1 2 2 2 1 2 2 1 1 1 2 1 1 1 1 1 1 1 0 1 0 0 2 2 0
1 1 0 1 1 1 0 2 1 1 0 0 1 2 0 1 2 2 1 1 1 1 2 2 0 2 1 1 0 0 1 0 2 1 1 1 0 0 0 0 1 2 1 0 1 1 2 0 2 2 0 1
14 16 7 14
30 51 99 118 142 203 223 211 307 259 389 431 410 456 380 509 548 555 654 651 564 802 645 841 652 805 688 976 799 1036 1031 900 804 852 866 969 1125 1331 1318 977 1455 1457 1364 1268 1571 1291 1305 1487 1509 1690 1456 1664
