52
30
2 1 0 2 1 0 0 1 0 2 1 1 2 1 1 0 0 0 1 0 1 2 1 2 1 2 0 1 1 1 2 1 2 2 1 1 0 1 0 1 0 2 1 0 1 1 1 0 2 1 1 1
2 0 2 1 0 0 1 0 0 1 1 2 1 0 1 2 1 2 1 0 1 1 2 1 1 1 0 1 0 0 0 1 0 2 1 1 1 0 1 1 2 1 1 1 1 1 1 1 1 2 1 1
2 2 1 0 0 1 0 2 1 2 2 1 2 0 0 0 2 1 1 0 0 0 2 1 1 0 0 1 2 1 1 0 2 1 2 1 2 2 2 2 0 2 2 1 2 1 1 1 1 1 0 1
1 2 1 1 1 2 1 0 2 2 1 2 0 0 1 1 1 2 2 1 0 1 0 1 2 1 0 1 1 2 1 0 0 0 2 1 1 0 1 2 0 1 2 2 2 1 2 2 1 2 2 1
2 1 1 2 0 1 1 1 0 1 1 1 0 0 0 0 0 0 1 1 2 0 0 1 1 2 1 0 2 2 1 1 2 2 2 0 1 2 1 0 1 0 0 1 0 0 2 1 2 2 1 1
0 2 1 1 1 1 1 1 1 0 0 1 2 2 2 0 1 1 1 1 1 1 2 1 2 1 0 1 0 0 0 1 2 1 0 1 0 0 1 1 1 0 0 1 1 2 2 1 2 2 1 1
1 0 1 1 0 0 1 1 2 1 1 1 1 1 2 0 0 1 1 1 1 1 0 1 1 1 2 1 1 2 1 0 2 1 1 1 2 2 2 1 1 0 1 1 0 0 0 0 1 1 1 1
1 1 2 1 1 1 1 1 2 1 1 1 1 1 0 1 1 1 0 1 1 0 0 1 0 2 2 0 1 0 1 0 2 1 0 0 1 1 1 2 1 0 0 1 1 1 1 1 0 1 2 0
2 1 0 1 1 1 2 1 0 2 1 1 2 1 1 0 1 0 2 1 1 0 1 0 1 1 0 1 2 1 0 1 0 1 2 1 2 1 2 0 1 1 1 2 1 1 1 1 1 0 0 0
1 1 1 1 0 0 1 1 1 0 2 1 1 1 1 1 1 1 2 0 1 1 1 0 2 2 1 0 0 1 0 1 1 1 1 1 1 1 1 1 1 2 1 1 0 1 1 1 2 0 0 1
0 1 1 2 1 1 1 2 2 2 1 1 0 1 0 1 1 1 1 1 1 1 1 1 2 0 2 2 2 1 0 1 2 2 2 0 1 2 1 1 0 0 1 0 1 2 1 1 2 1 0 1
2 2 0 1 1 1 1 0 1 0 0 0 1 0 0 1 2 1 2 1 0 0 1 2 1 1 0 1 0 0 2 1 0 2 0 1 1 2 0 1 1 1 1 1 2 2 1 1 2 2 1 2
1 1 2 2 1 0 2 2 1 1 1 1 1 1 1 0 1 1 2 1 1 1 2 1 0 1 2 1 1 0 1 2 1 1 1 2 1 2 1 2 0 0 1 0 1 1 1 1 1 2 0 1
0 1 0 1 2 0 2 0 1 0 2 1 0 0 1 1 2 2 1 0 1 1 1 2 0 2 1 1 1 1 0 1 0 0 0 1 0 1 0 1 2 2 0 2 0 2 2 1 1 1 2 0
2 2 1 1 2 1 1 1 1 1 1 2 2 1 2 0 1 2 1 1 1 1 0 1 1 2 1 1 2 1 1 1 0 1 1 1 2 2 1 0 0 0 1 2 1 1 2 1 1 1 1 0
1 1 1 1 0 1 0 1 0 0 1 0 1 1 1 2 2 0 0 2 0 2 2 2 0 1 2 1 1 0 1 2 1 2 2 1 0 0 1 2 0 2 1 0 0 1 1 2 1 1 1 1
1 1 1 2 1 2 1 2 1 2 1 1 0 0 1 1 1 2 2 0 1 1 1 1 1 1 1 1 0 2 2 1 2 1 2 1 0 1 1 0 0 0 0 1 0 0 0 2 0 2 1 1
0 1 0 1 0 1 2 1 1 0 0 0 1 1 1 2 2 2 1 2 2 1 2 2 2 2 0 1 1 0 0 2 1 1 1 1 2 0 1 0 1 0 2 1 2 0 1 0 1 1 0 0
2 1 1 2 0 2 1 1 1 1 1 2 1 1 2 1 1 0 1 2 1 1 2 0 0 1 1 2 2 0 2 1 1 0 2 0 1 1 1 1 1 0 0 0 1 2 1 0 1 1 1 0
2 0 1 1 0 2 1 0 0 2 0 1 1 1 2 0 2 0 2 2 1 1 2 0 1 0 0 0 2 1 0 0 0 1 1 0 0 1 2 1 2 2 2 1 1 1 0 2 2 1 1 2
1 1 2 2 0 1 1 1 2 1 1 1 1 2 1 2 1 1 1 1 0 0 0 1 1 1 2 0 2 2 1 0 0 2 1 0 1 1 1 1 0 1 0 0 0 0 0 0 0 2 1 1
1 1 0 0 1 0 0 1 0 1 0 1 1 1 1 2 1 1 1 1 1 0 0 2 2 0 0 0 1 1 2 0 1 1 1 0 1 1 1 2 2 2 1 1 1 0 1 1 1 1 0 1
2 2 1 2 1 0 1 1 1 0 1 2 2 2 1 0 1 1 2 1 0 0 0 0 2 0 1 2 2 1 2 1 1 2 2 1 2 1 1 0 1 2 0 1 0 0 0 1 1 2 1 2
1 0 1 1 1 0 1 2 1 1 1 1 1 0 2 1 1 2 1 1 0 1 1 2 1 1 1 0 1 0 1 1 1 0 1 1 0 0 1 1 0 1 0 1 2 0 2 2 1 1 2 1
1 2 0 1 0 2 2 2 2 2 2 1 1 2 1 0 1 1 0 0 2 2 1 0 1 1 2 2 2 1 1 2 1 1 1 2 2 0 2 0 1 1 1 1 0 1 1 1 1 2 1 2
2 0 2 0 0 1 0 1 0 0 0 1 1 1 2 1 1 2 1 1 2 1 1 2 2 1 1 0 0 2 1 1 1 1 0 0 0 1 1 1 2 1 1 1 0 2 2 1 1 1 2 2
2 2 2 1 1 1 2 1 0 1 2 1 1 1 1 2 2 0 1 1 1 1 1 0 0 1 0 2 1 2 1 0 0 1 1 2 1 1 1 0 1 1 0 0 0 1 1 1 0 1 1 2
1 0 2 0 1 1 2 0 1 0 2 2 0 2 2 0 1 2 2 0 2 1 1 1 1 0 1 1 0 2 0 0 0 0 1 1 1 1 0 1 1 0 1 1 1 1 2 2 2 1 2 1
1 1 1 1 1 2 2 1 2 1 2 1 2 1 2 1 2 0 1 0 2 0 1 2 1 0 1 1 2 2 2 2 1 1 1 2 0 2 2 0 0 2 1 1 1 1 1 0 0 0 0 0
0 0 0 2 0 2 1 0 1 0 1 1 1 0 0 1 2 1 2 2 2 1 1 2 1 0 1 1 0 0 1 0 0 0 1 1 1 1 1 1 1 1 2 0 0 1 1 2 1 1 1 0
14 13 14 9
32 59 113 111 176 159 202 219 238 340 305 417 447 454 439 472 562 468 592 581 743 552 624 666 644 784 857 792 792 787 816 1102 1124 1045 998 1227 993 1025 931 1285 1429 1128 1304 1326 1198 1433 1379 1375 1360 1208 1440 1552
