52
30
2 1 1 2 0 2 1 1 0 0 0 2 0 1 1 0 2 0 1 1 0 1 1 0 0 0 1 2 2 1 2 1 1 1 2 0 2 0 1 1 0 1 0 2 0 1 0 2 1 1 1 1
0 1 1 1 1 0 1 2 0 1 1 0 1 1 1 1 1 2 0 1 1 0 1 2 1 2 0 0 0 1 1 1 2 1 0 0 0 1 0 2 1 2 1 1 1 1 2 2 1 2 0 1
2 2 0 2 2 2 0 2 1 1 0 0 1 1 0 0 1 1 1 1 0 1 1 1 2 0 2 2 2 1 1 1 1 2 0 2 1 1 1 0 1 0 1 1 0 0 0 2 1 2 1 0
2 0 2 1 0 0 0 2 1 1 0 1 2 1 1 0 2 1 1 1 1 1 1 0 1 2 0 1 1 2 1 1 1 1 0 1 2 1 0 2 0 1 2 1 0 1 2 1 1 2 2 2
2 0 2 1 0 1 2 1 2 1 1 1 1 0 1 1 1 0 0 1 0 0 0 1 2 1 2 2 1 1 1 2 0 1 1 1 2 1 1 1 2 2 1 0 2 0 1 1 0 1 2 1
0 1 1 1 0 0 1 2 1 0 1 0 0 0 1 2 1 1 1 1 1 1 2 2 1 2 1 0 1 1 1 0 1 0 1 0 2 1 1 1 1 2 1 1 2 1 2 1 1 0 1 1
1 1 2 1 1 2 1 2 2 2 2 1 1 0 1 1 0 0 2 1 0 1 1 0 1 1 1 1 2 0 1 1 2 1 1 1 2 1 0 1 0 0 1 0 0 1 2 2 1 0 1 1
0 1 2 1 2 1 1 1 0 2 0 2 1 0 0 2 1 2 0 1 1 1 2 1 1 0 0 2 1 2 1 0 1 2 0 0 0 2 0 1 1 1 1 0 1 1 1 1 0 1 2 1
1 1 2 1 1 1 1 1 1 1 0 2 1 2 2 0 1 2 0 0 1 0 1 2 1 2 1 2 0 1 1 2 2 1 2 1 2 2 1 1 1 0 2 1 1 0 1 1 0 2 1 0
0 1 0 2 1 0 1 1 2 0 2 2 0 2 0 2 0 1 2 1 2 1 1 2 1 2 0 0 0 0 1 1 2 1 0 1 0 1 1 1 2 1 1 1 1 2 2 1 1 1 1 0
2 2 1 1 1 1 1 1 1 0 0 2 1 0 0 1 1 1 1 0 1 1 0 1 1 1 2 1 2 2 2 1 1 1 2 0 2 2 0 1 1 2 1 1 0 1 0 1 1 1 0 0
1 1 1 2 1 1 1 2 2 1 1 1 0 1 1 1 1 1 2 2 2 2 2 2 2 2 2 1 1 1 1 1 1 2 0 0 0 0 1 0 1 2 1 1 1 2 1 2 0 1 2 1
1 2 1 0 2 1 1 1 1 0 0 1 2 1 1 0 1 1 0 2 1 2 1 2 1 2 0 2 1 2 1 2 1 0 2 1 1 1 1 0 0 0 0 1 1 1 2 1 1 1 0 0
0 0 2 0 2 1 0 1 1 1 2 0 2 1 1 1 1 1 2 1 1 2 2 2 1 2 2 2 2 1 1 1 1 1 1 0 1 1 1 0 2 0 2 2 1 2 1 2 2 1 2 1
1 2 1 1 1 1 1 1 0 1 1 2 1 0 1 1 2 1 1 1 1 2 1 0 1 1 1 1 2 2 1 1 1 1 2 1 0 0 1 1 2 1 1 0 0 0 2 1 2 1 0 1
1 2 0 0 0 2 1 0 1 1 1 1 1 1 1 2 1 1 1 1 1 1 1 1 1 1 2 0 2 1 2 1 1 0 0 0 0 1 1 2 2 1 2 2 1 1 2 1 2 0 2 1
2 2 1 0 1 1 1 0 1 0 2 2 2 0 1 1 1 2 1 1 0 2 0 0 0 1 2 2 1 1 2 2 0 0 1 1 2 2 1 2 1 0 1 0 0 1 2 1 1 1 0 2
2 1 2 1 1 1 1 0 2 0 0 0 1 2 1 1 1 2 1 0 1 1 0 1 2 0 2 2 1 1 0 1 0 2 1 2 0 1 1 2 1 1 0 0 2 2 0 1 1 2 1 2
1 2 1 0 0 0 2 2 2 1 0 1 2 1 1 0 1 2 1 1 2 1 1 0 1 1 2 0 1 1 2 1 2 1 2 0 1 1 2 0 1 0 1 1 1 0 0 1 1 1 1 1
0 1 0 2 0 1 1 0 1 1 1 0 1 1 0 1 1 2 0 0 1 1 2 0 1 0 1 0 0 1 1 1 0 0 1 0 1 1 1 1 1 1 2 2 2 1 1 1 2 1 2 1
0 1 1 1 1 2 1 1 1 1 0 2 1 0 1 1 1 0 1 2 1 0 1 0 1 2 0 1 2 2 2 2 2 2 2 1 1 1 2 1 1 1 1 1 0 1 1 1 1 0 1 0
0 1 1 0 0 0 1 1 1 0 1 1 0 2 1 0 1 1 2 1 2 1 2 2 1 2 1 0 0 1 1 1 1 1 1 1 1 1 0 0 2 2 1 2 0 0 1 1 2 1 1 1
1 1 2 0 2 2 2 2 1 2 1 2 1 1 0 1 1 0 1 1 1 2 1 2 2 2 0 0 2 2 1 1 2 1 2 1 2 0 2 1 0 1 0 1 0 0 1 0 1 0 1 0
1 2 1 0 1 1 0 0 2 0 0 0 0 0 2 2 0 1 2 1 2 0 1 0 1 0 0 0 2 2 1 1 1 0 2 1 2 0 1 1 1 2 2 1 1 1 2 1 1 1 2 2
2 1 1 1 2 1 2 1 1 1 2 1 2 1 1 2 0 1 0 1 0 1 0 1 1 1 1 0 1 0 1 1 1 0 1 1 1 1 1 1 1 1 1 1 1 1 0 0 1 1 1 0
1 1 0 1 0 1 2 1 1 0 1 0 0 1 2 1 2 0 1 2 2 1 1 2 0 1 1 0 0 1 1 0 1 0 1 1 1 0 0 1 2 1 0 1 1 2 2 1 1 1 1 2
1 2 2 1 1 1 1 1 2 2 1 2 1 0 0 0 2 0 1 1 0 0 1 0 1 1 1 1 2 2 1 2 1 1 1 2 1 2 2 0 0 1 1 1 1 0 0 1 2 1 1 0
1 1 1 2 1 0 0 0 1 1 1 2 1 2 2 0 0 2 0 1 1 1 1 1 1 1 2 1 1 1 1 0 0 2 1 0 0 1 0 1 2 1 1 1 2 1 1 2 2 1 1 2
0 2 1 0 0 0 1 0 1 1 1 0 1 2 1 2 2 1 2 0 2 1 0 0 0 0 2 1 1 1 2 2 0 1 2 2 1 1 2 2 0 0 0 1 1 1 1 2 1 1 0 1
0 0 1 0 0 1 1 1 0 0 0 1 1 1 1 1 1 2 1 1 2 2 0 0 0 1 0 0 1 0 1 1 1 0 1 1 0 1 0 1 2 1 1 1 0 2 2 1 2 2 2 1
12 6 10 8
26 57 107 143 148 155 204 194 257 253 301 381 420 369 360 377 491 502 646 506 533 561 779 634 873 752 949 714 887 763 822 814 815 974 894 1204 925 1054 1245 1226 1252 1061 1265 1120 1278 1482 1525 1411 1503 1538 1772 1546
