52
30
1 1 0 1 2 2 0 2 1 0 0 2 2 1 2 1 1 1 1 0 0 1 1 1 1 1 0 2 0 2 1 1 2 1 2 2 1 0 2 1 1 1 2 0 0 1 0 1 1 2 1 2
1 1 0 0 1 2 1 0 0 0 1 1 0 1 1 1 0 1 2 1 2 1 1 1 0 2 1 0 0 1 2 1 0 0 1 0 1 0 1 2 1 2 1 1 0 1 1 1 2 1 1 1
1 0 1 2 0 2 1 0 0 1 0 2 2 1 1 1 0 1 2 1 1 1 2 2 0 2 0 1 0 1 1 0 1 1 2 1 2 1 2 1 0 1 0 2 1 1 1 1 1 1 2 0
1 1 0 2 1 0 1 0 1 2 0 0 0 1 1 1 1 1 1 1 0 0 0 0 2 2 1 2 0 0 0 2 1 1 0 1 2 0 0 2 1 1 2 2 1 2 2 0 1 1 2 0
1 1 1 1 2 1 2 0 1 1 1 1 1 0 1 2 0 1 0 1 1 0 0 2 1 1 1 1 0 1 2 2 2 0 1 2 2 2 1 0 1 1 0 0 0 1 1 1 0 1 1 0
1 0 1 2 1 0 1 1 2 1 1 0 1 0 2 1 1 0 2 2 1 2 2 1 1 2 0 1 2 0 2 1 1 0 0 1 1 1 1 1 1 1 1 1 2 1 0 1 1 0 1 0
2 0 2 0 0 2 0 1 1 1 1 2 1 0 1 1 0 0 0 0 1 1 1 0 2 1 1 1 2 2 0 1 2 1 0 0 2 2 1 1 1 2 2 0 1 1 0 1 0 1 1 1
2 1 1 1 1 1 1 1 1 1 0 0 0 1 1 1 1 0 2 2 2 2 0 1 2 2 2 1 0 0 0 1 0 2 1 1 1 1 1 0 2 2 1 1 1 2 1 1 1 0 2 1
1 0 1 1 1 0 1 2 1 1 2 0 0 1 1 1 0 0 1 1 1 2 1 0 2 2 0 1 2 1 2 2 2 1 1 1 1 1 1 1 1 0 1 0 2 0 1 2 1 0 1 1
1 1 1 0 2 2 0 0 0 1 2 1 0 2 1 1 0 0 1 1 1 2 2 1 2 1 0 0 0 0 1 0 2 1 0 1 1 0 2 2 1 2 2 0 0 1 0 1 1 2 1 2
2 2 2 1 1 2 1 0 1 2 1 0 1 0 1 2 1 0 0 0 1 0 0 2 0 1 2 1 2 0 2 2 1 2 2 0 2 2 0 1 0 0 1 2 2 1 0 1 1 1 1 1
0 0 1 1 0 0 0 1 1 1 0 0 2 1 2 1 0 2 2 2 1 2 0 1 2 0 1 0 1 2 1 1 1 2 2 1 0 0 1 1 1 0 2 1 1 1 0 1 0 1 2 0
2 2 0 1 2 1 0 1 1 0 1 1 1 1 0 0 0 0 0 0 1 1 0 1 1 0 1 0 1 0 1 1 2 1 0 2 2 2 2 0 2 0 1 1 0 1 0 1 0 0 0 0
1 1 1 2 1 1 1 0 2 2 0 0 1 1 1 1 0 0 2 1 2 1 2 2 1 1 1 0 0 0 1 0 0 2 0 1 1 1 1 0 2 2 1 2 1 1 2 0 1 0 1 1
2 1 2 2 1 1 1 2 0 1 1 0 0 1 1 1 0 1 1 0 0 1 1 0 1 1 1 0 0 2 2 2 1 1 0 0 1 1 0 1 1 1 1 0 1 1 2 0 1 1 1 0
1 1 1 1 0 0 0 1 1 2 1 1 1 0 1 1 0 0 1 0 2 1 1 1 1 2 1 0 0 2 1 1 0 1 0 1 1 1 0 1 1 1 1 1 1 2 2 1 0 1 2 1
1 1 2 1 1 1 1 0 0 2 0 1 1 1 1 1 2 2 2 1 2 0 1 2 0 1 2 1 1 1 2 1 1 1 1 1 0 1 1 0 0 2 0 0 1 1 1 1 2 1 1 0
2 1 2 0 1 1 1 1 2 0 1 1 0 1 1 0 1 1 1 1 1 1 2 1 1 1 0 2 1 1 2 0 1 0 1 1 2 0 1 2 1 1 2 0 2 1 1 1 2 0 1 2
2 2 1 1 2 0 2 2 2 1 1 2 1 1 2 1 2 1 0 1 1 0 0 0 1 1 1 2 2 2 0 2 0 2 1 1 1 1 1 1 0 1 1 1 1 1 1 1 2 2 2 0
1 1 1 1 0 2 1 0 2 2 1 0 1 1 1 1 1 1 2 1 1 1 2 2 0 0 1 2 1 1 1 1 0 1 0 1 1 1 0 1 1 2 1 2 1 2 1 1 0 0 1 1
0 2 0 1 1 1 1 1 2 0 2 2 1 1 0 1 1 1 1 0 0 1 0 1 1 1 1 1 1 1 1 2 1 2 0 2 1 1 1 1 0 0 1 1 2 1 1 1 0 0 2 0
1 1 2 1 0 1 0 2 1 1 1 1 0 1 1 2 1 2 2 2 1 2 1 2 0 1 1 1 1 0 2 2 1 1 1 1 2 1 2 1 1 2 1 1 1 1 1 2 1 1 2 1
2 1 0 1 1 1 1 2 0 1 0 1 1 1 0 2 1 1 1 1 0 1 1 0 0 2 1 2 1 2 0 1 2 2 1 1 0 1 1 1 1 1 1 2 0 1 1 2 0 0 2 0
0 1 1 1 1 1 1 0 1 1 1 1 1 1 2 2 1 2 1 1 1 2 1 1 2 0 1 0 1 0 1 1 2 1 2 1 1 1 0 0 2 1 1 1 1 1 2 0 1 2 1 2
1 1 1 1 2 1 1 1 1 2 2 1 1 1 2 1 2 1 0 1 1 1 1 1 2 1 2 2 2 2 2 1 1 0 1 2 2 1 2 2 2 1 1 0 0 1 0 2 2 1 1 1
1 1 1 1 0 1 1 1 2 1 1 0 1 2 1 2 2 2 1 1 1 2 2 2 1 0 1 0 1 2 1 1 0 1 1 1 1 0 1 1 1 2 1 0 1 0 1 2 2 1 2 0
2 2 2 1 1 2 0 2 1 2 1 1 2 1 0 1 0 0 2 1 0 1 0 0 0 0 2 2 0 0 1 2 2 1 2 1 0 1 2 1 1 0 1 0 0 0 1 2 0 2 0 1
0 1 2 0 0 1 0 1 1 1 1 1 0 2 1 2 2 1 2 1 0 0 2 1 2 1 0 1 0 0 0 0 0 1 0 1 1 1 1 1 2 1 2 1 1 1 1 1 2 2 1 1
2 0 1 1 1 2 0 2 2 1 2 2 2 0 0 1 1 0 0 1 0 1 1 0 2 0 2 2 1 0 2 2 1 0 0 0 2 0 2 0 0 1 1 1 1 1 1 1 0 0 0 1
1 1 2 1 0 0 1 2 1 1 2 2 1 2 2 1 1 1 1 2 2 1 0 1 1 1 1 1 0 0 2 1 2 2 2 2 2 0 2 1 0 2 1 2 2 2 2 2 1 2 2 1
11 10 14 11
41 77 81 114 148 223 183 230 302 256 296 343 376 484 484 484 532 486 533 661 695 518 737 569 829 916 942 752 758 861 873 987 825 843 1060 880 1124 1092 1156 1346 1105 1498 1107 1521 1382 1351 1133 1162 1441 1733 1612 1272
