52
30
0 1 2 2 2 0 2 2 1 2 1 2 2 1 1 0 2 1 2 0 0 1 0 2 1 1 1 2 2 2 1 1 0 1 2 0 2 1 2 0 0 0 0 0 0 0 0 1 0 1 0 2
1 1 0 1 1 1 1 1 1 1 0 1 0 1 2 2 0 1 2 0 0 2 1 0 0 0 0 1 1 0 1 1 2 0 1 2 2 2 0 1 1 1 2 0 2 1 0 1 0 1 1 1
2 1 2 1 2 2 2 1 2 2 1 2 0 0 0 0 0 1 0 0 1 0 1 0 1 1 1 1 2 2 1 1 2 1 1 1 1 2 0 1 1 1 1 0 0 1 1 1 2 1 1 1
1 1 0 1 1 1 0 2 2 0 2 1 0 1 1 2 1 1 1 1 1 2 1 1 1 0 2 1 1 0 0 0 0 1 1 0 0 2 1 1 0 2 1 2 0 1 2 1 0 1 0 0
0 1 1 1 1 1 2 2 1 2 0 1 2 0 2 0 0 2 1 0 1 1 1 0 1 0 2 0 1 1 1 1 1 0 2 1 1 0 1 1 2 1 1 1 2 0 0 0 1 2 1 1
2 1 0 0 1 1 0 0 1 1 0 0 2 1 1 1 0 0 2 1 2 1 2 2 2 1 1 1 0 1 0 2 2 2 1 1 1 1 0 1 1 1 0 0 1 2 2 2 0 1 2 1
1 1 0 1 2 2 1 0 0 0 1 1 2 1 2 1 0 1 1 2 2 1 0 1 1 1 2 2 2 1 1 1 0 0 2 1 1 2 0 0 1 2 2 1 0 1 0 1 0 0 1 0
2 1 1 2 0 1 0 1 1 2 0 0 2 1 1 1 1 2 1 2 1 1 1 0 1 1 1 1 1 0 1 1 1 0 0 1 0 1 0 2 2 1 1 2 1 1 2 1 2 0 1 2
1 2 1 1 2 1 1 1 1 1 1 1 2 0 0 2 1 2 0 1 2 1 1 1 0 2 1 0 0 1 1 1 0 1 1 0 1 0 2 1 1 1 2 1 2 2 1 1 1 1 1 1
0 1 1 1 2 1 1 0 0 0 1 1 0 1 1 1 1 2 2 1 2 0 0 2 1 0 1 0 2 0 2 0 0 2 0 1 0 0 1 2 0 2 1 0 1 1 2 1 1 1 2 1
2 1 1 2 1 1 1 2 2 1 2 2 0 1 1 1 0 2 0 0 2 2 1 0 1 2 1 2 2 1 2 1 2 2 1 1 2 1 0 1 1 0 1 0 0 0 2 1 1 1 0 1
1 2 0 1 1 0 1 1 0 0 0 0 2 2 2 1 1 0 1 1 2 0 2 1 1 2 1 1 0 1 1 1 1 1 1 1 1 1 0 1 1 2 2 1 2 2 2 2 2 2 2 2
1 1 1 2 1 2 0 1 1 1 0 1 2 2 1 1 1 1 2 1 0 1 1 1 1 0 2 1 2 2 1 1 1 1 2 2 2 0 2 1 1 0 0 2 0 1 2 0 0 0 0 1
1 0 1 2 1 1 0 0 1 1 2 2 1 2 2 1 1 0 1 0 1 1 1 1 1 1 0 0 1 0 1 1 0 0 1 1 1 1 1 1 2 2 2 1 1 2 1 0 2 2 1 0
1 0 0 1 2 2 2 2 1 2 0 1 2 1 0 1 0 0 0 1 0 0 1 0 0 1 2 0 1 1 1 1 1 2 1 1 0 1 1 1 0 1 1 0 1 2 1 0 1 1 1 2
2 1 1 1 2 1 1 0 1 0 0 1 1 2 1 1 1 2 2 1 2 1 2 1 1 2 2 2 2 0 0 2 2 1 0 1 0 1 2 2 1 1 1 2 2 2 1 1 0 0 0 2
2 1 2 2 0 0 2 1 0 2 0 1 1 2 1 0 0 1 1 2 1 0 0 0 0 1 1 1 2 1 1 2 0 2 0 2 2 2 0 0 1 0 1 2 1 1 0 2 1 1 0 1
0 1 1 1 1 1 1 1 1 1 1 1 1 1 1 2 1 1 2 2 1 1 1 1 2 1 1 1 0 0 1 1 2 1 0 2 1 0 0 1 1 1 0 1 1 0 1 2 2 1 2 2
0 1 2 1 2 2 1 2 2 2 1 2 1 0 1 1 1 2 1 1 2 0 0 1 1 0 2 0 2 1 1 1 0 1 1 1 0 1 1 1 0 1 0 1 2 1 0 0 1 1 1 1
0 2 1 1 1 1 1 1 0 1 1 1 0 1 2 2 0 2 0 2 1 1 1 2 0 2 0 1 1 0 1 2 0 0 0 2 0 1 1 2 2 2 1 2 1 2 1 2 1 2 0 0
2 0 0 2 2 0 1 1 2 2 0 2 1 1 1 1 1 1 1 0 0 1 1 1 1 0 0 1 2 1 2 1 2 1 1 2 1 1 1 0 1 1 0 0 2 2 1 1 1 0 0 2
1 0 1 0 1 0 1 1 2 2 1 1 0 0 0 2 1 2 2 1 1 1 1 1 1 2 1 1 0 2 0 1 1 0 1 1 1 1 0 0 2 1 1 0 2 2 2 0 2 1 1 0
2 2 1 2 1 2 1 2 2 1 0 2 2 0 1 1 0 0 1 1 1 0 1 2 1 0 1 0 1 1 1 0 2 2 1 1 1 0 2 1 1 1 1 1 0 1 1 1 2 0 1 0
0 0 2 0 0 1 0 1 1 1 1 1 1 2 2 1 2 2 2 1 2 0 1 0 1 1 0 1 0 1 1 1 2 1 2 0 1 0 2 1 1 1 1 1 2 1 0 2 1 1 2 1
2 0 2 1 1 1 2 2 1 0 2 1 1 2 2 1 0 1 0 2 1 0 2 0 1 0 1 1 1 0 2 1 1 2 1 2 1 1 1 2 1 2 2 2 1 1 1 2 0 0 1 1
0 1 1 2 1 2 1 2 1 0 1 1 2 1 0 1 1 0 1 1 2 2 2 0 2 0 0 1 1 0 0 2 1 0 1 1 1 0 1 1 1 2 0 1 1 0 1 2 1 2 2 0
2 2 1 1 1 1 0 2 2 0 0 1 1 0 1 2 2 1 0 1 2 1 0 1 1 0 2 0 0 2 1 0 2 1 2 1 1 0 0 1 1 1 1 1 1 0 2 0 0 0 1 0
0 0 1 2 0 2 0 0 0 2 1 0 1 1 1 1 2 1 2 2 1 1 2 1 1 1 1 0 0 2 2 1 2 1 1 1 0 0 1 1 1 2 1 1 1 0 2 1 1 0 1 1
1 1 1 2 2 0 1 1 1 2 1 2 0 1 1 0 1 0 2 2 0 0 1 1 1 1 2 2 1 0 2 1 1 0 2 2 1 1 1 2 1 1 1 1 1 0 1 1 0 0 1 2
1 1 2 1 2 1 1 0 1 1 2 1 1 1 1 2 1 0 1 2 0 2 2 1 0 0 1 0 2 1 0 0 0 1 1 1 1 2 1 2 2 2 2 1 2 1 1 1 1 0 2 1
15 20 16 11
31 49 75 118 152 188 184 250 289 263 285 340 423 363 463 500 519 661 499 575 664 655 625 851 745 691 678 1008 920 884 842 1086 805 1099 1101 1157 961 1087 1294 1302 1417 1186 1245 1314 1391 1513 1236 1362 1255 1530 1564 1497
