52
30
0 1 0 1 1 1 1 1 0 0 2 1 1 1 1 0 1 2 1 0 0 1 0 1 0 0 1 1 0 2 0 1 1 1 1 1 2 1 0 1 0 0 1 0 1 1 2 1 0 0 0 0
0 2 1 0 1 1 0 0 0 0 2 1 1 2 2 1 2 0 0 2 0 0 2 2 2 1 1 1 1 1 2 0 1 1 1 1 1 1 0 0 2 2 1 1 2 2 0 0 2 2 1 1
1 2 2 2 1 1 0 1 0 2 1 1 1 1 1 0 1 0 0 1 1 2 1 1 1 1 1 1 1 1 2 1 1 2 2 2 1 0 0 1 1 2 0 0 0 1 0 0 0 0 1 0
0 1 0 2 2 1 0 2 1 0 0 1 1 1 1 1 0 1 1 1 2 1 2 1 2 1 1 1 0 1 2 1 2 2 1 0 1 1 1 1 2 2 1 2 1 1 2 2 2 1 0 1
1 1 0 1 1 2 2 1 1 1 1 1 2 0 1 1 0 0 1 1 0 0 0 1 1 1 2 0 1 2 1 1 1 2 2 1 2 2 2 1 0 1 2 2 1 2 1 2 0 1 1 1
0 0 0 2 0 0 0 1 1 2 1 1 0 1 1 1 1 1 1 2 2 0 2 1 2 1 1 2 0 0 0 1 0 1 0 1 2 1 0 1 2 0 1 2 2 1 1 1 0 0 2 1
0 2 0 0 1 0 1 1 2 2 1 0 1 2 2 1 1 1 0 2 1 0 1 1 0 1 1 0 1 1 1 2 1 2 1 0 1 1 2 1 1 1 0 2 1 0 0 1 1 1 1 2
2 0 1 0 1 2 1 0 1 0 0 1 0 1 1 1 2 1 2 1 1 0 1 2 1 1 0 0 0 2 0 1 1 2 1 1 1 2 0 1 1 2 0 0 1 1 2 1 2 1 1 0
2 1 2 1 0 1 1 1 2 2 2 2 0 1 0 1 1 2 0 2 1 0 1 1 1 0 2 1 2 0 1 1 1 1 1 1 2 1 1 2 1 0 1 0 2 1 1 1 1 1 2 1
1 1 0 1 1 0 0 1 0 2 1 2 1 1 2 2 1 1 2 1 1 0 1 0 1 2 1 1 0 0 0 2 1 1 1 2 2 1 2 2 0 1 2 2 2 1 1 1 2 1 2 1
2 1 0 2 2 2 0 1 2 1 1 2 1 0 1 2 1 0 2 2 1 0 1 1 1 0 1 1 1 0 2 0 2 2 1 1 2 1 1 0 0 0 1 1 1 0 2 0 1 1 0 0
1 1 1 1 1 0 0 1 1 0 1 0 0 2 0 1 2 2 2 2 1 1 1 0 2 2 1 1 2 1 1 1 0 1 1 1 2 1 0 2 1 1 1 2 2 2 2 1 0 1 2 0
1 1 2 2 1 0 1 1 1 1 1 2 2 1 1 0 0 1 0 1 0 0 1 0 0 1 2 0 1 1 1 2 1 1 1 1 1 1 0 0 1 0 1 0 2 0 0 1 1 1 1 2
2 1 2 0 0 0 1 0 0 0 1 0 0 1 1 2 1 1 1 2 1 2 1 0 1 2 1 0 1 1 0 1 0 0 0 0 2 1 0 0 1 1 1 1 1 2 0 2 2 0 0 1
1 0 2 1 2 1 1 0 1 1 2 1 1 1 1 2 1 2 0 1 1 2 0 1 0 1 2 0 1 1 1 0 2 1 1 0 2 2 1 1 0 1 1 0 1 0 0 0 2 2 0 1
1 1 1 1 0 1 1 1 0 1 0 1 1 2 1 0 1 2 0 2 1 1 1 1 0 1 1 2 0 0 1 1 1 1 1 1 2 0 2 2 2 1 1 1 0 1 1 0 2 0 1 1
0 0 2 2 1 1 1 2 1 2 1 1 1 2 0 0 1 1 0 0 1 2 0 0 1 1 0 0 1 1 1 1 2 1 2 1 1 1 2 1 2 2 1 1 1 1 1 0 1 1 2 0
1 1 1 1 0 1 0 1 1 0 2 1 1 1 2 1 2 1 0 2 1 1 1 2 1 1 2 1 1 1 0 1 2 1 0 0 0 2 0 1 0 1 2 2 2 1 2 2 0 0 2 1
1 2 2 2 0 2 2 1 0 2 1 1 0 0 0 1 2 1 1 0 0 1 0 1 1 2 2 2 2 0 2 2 2 1 1 0 0 0 2 1 0 2 2 1 2 2 0 0 1 2 1 1
1 0 1 0 0 1 1 1 1 0 0 1 1 1 1 1 2 1 0 2 2 2 0 2 2 2 1 1 2 1 1 1 1 1 1 0 0 0 2 0 1 1 0 1 1 2 2 2 1 2 2 1
2 1 2 1 1 2 0 2 2 2 2 2 1 0 1 0 0 1 1 1 2 1 1 1 0 0 1 1 2 2 2 2 1 1 1 1 1 2 2 2 1 1 1 0 2 1 1 0 0 1 1 1
1 0 1 2 0 0 0 2 0 0 1 0 1 2 1 1 1 1 2 1 2 1 1 1 0 2 0 1 0 2 0 0 2 0 1 1 1 1 1 1 0 2 2 1 2 1 1 0 1 2 1 1
2 1 2 1 1 0 1 1 0 1 1 0 2 0 1 0 0 1 1 1 0 2 1 1 2 2 2 1 0 1 0 1 2 0 1 2 1 1 1 1 1 1 1 1 1 0 1 1 0 0 0 1
0 1 0 0 0 0 2 1 2 2 1 1 1 2 2 2 0 1 1 1 2 2 2 1 2 1 0 1 0 1 2 2 1 1 0 0 0 2 1 2 2 0 1 1 0 1 2 2 2 1 0 0
1 1 1 1 0 2 2 1 2 1 2 2 2 1 1 0 1 1 0 0 1 0 0 1 2 0 1 1 2 1 1 0 2 0 1 1 2 1 1 2 1 2 1 2 0 0 1 2 2 0 1 2
0 1 1 1 2 0 0 2 2 0 0 1 0 2 1 0 2 1 2 0 0 1 1 0 0 1 1 1 1 1 2 0 1 1 0 1 0 2 1 1 1 1 1 1 2 1 1 0 1 0 2 1
0 1 2 2 1 1 1 0 1 2 0 0 1 2 0 0 1 2 1 0 1 1 1 1 1 0 2 1 1 1 0 1 0 1 2 2 2 2 0 0 1 2 0 1 1 1 0 1 1 1 2 0
0 1 0 0 2 1 0 1 0 1 1 0 1 1 1 2 2 2 1 2 1 2 1 0 0 1 1 0 1 1 0 0 0 1 1 2 1 0 2 2 0 1 1 2 2 1 0 1 1 1 1 1
1 2 2 2 1 0 1 1 1 2 1 0 1 0 0 1 1 0 0 0 1 0 1 0 1 1 1 1 2 2 1 0 1 1 2 1 2 0 2 0 0 0 1 1 2 0 2 2 0 0 0 1
0 1 2 1 2 2 0 1 0 0 1 1 1 1 0 1 2 1 2 1 2 1 1 2 2 2 1 1 0 0 0 2 1 1 2 0 2 2 2 1 1 2 2 0 1 2 1 2 0 1 1 2
19 13 26 11
30 46 88 98 156 140 219 192 258 284 349 365 387 336 484 394 497 590 486 576 539 646 671 685 674 717 772 881 952 890 770 1068 1143 1012 916 1237 948 1203 1047 1282 985 1435 1396 1229 1297 1135 1265 1191 1212 1427 1674 1500
