52
30
1 2 0 1 1 2 1 2 2 1 1 1 1 1 1 1 0 0 2 0 0 2 0 1 2 2 2 2 1 2 1 1 1 2 2 2 2 0 2 0 1 0 2 1 1 0 1 0 0 0 1 0
1 2 1 0 1 0 1 0 0 2 2 2 1 0 1 0 1 0 1 2 1 1 2 1 0 2 2 1 1 2 0 1 0 1 1 2 0 1 0 2 1 0 0 2 1 1 1 1 1 1 1 1
1 2 1 1 2 2 2 1 0 1 1 2 1 1 0 1 0 1 2 1 0 1 0 1 1 0 2 2 0 0 2 1 1 0 1 0 1 2 2 1 1 1 1 1 1 1 0 1 2 1 1 0
1 0 0 1 0 1 1 1 0 0 2 1 2 2 2 0 2 2 2 1 0 2 1 2 1 0 2 1 0 1 0 1 0 1 1 0 1 0 1 1 2 1 0 0 1 2 2 1 1 1 2 1
0 1 2 2 2 2 0 1 0 2 1 2 1 1 0 1 2 0 1 0 1 1 1 0 2 1 0 1 2 1 1 1 0 1 2 1 2 1 1 0 1 1 2 0 2 1 2 1 1 1 0 1
0 1 1 0 1 1 1 0 0 0 2 1 1 1 1 1 1 1 2 2 0 1 0 0 0 1 1 0 2 1 1 2 1 1 2 1 0 0 0 2 2 1 1 1 2 1 2 1 0 1 1 1
1 1 1 1 2 1 1 0 1 2 1 1 1 0 1 1 1 0 2 1 1 0 0 1 1 1 2 1 2 2 0 2 1 2 0 2 2 2 0 1 1 2 0 1 1 0 1 1 0 0 1 0
1 0 0 0 1 0 1 0 1 2 1 0 2 0 1 1 1 1 2 2 2 0 2 2 1 1 1 0 0 0 1 0 1 1 1 1 1 1 0 0 1 1 1 1 1 0 1 2 1 2 2 0
1 1 0 2 2 2 2 1 2 1 2 0 1 1 1 0 0 1 2 1 0 1 2 0 0 0 1 1 0 0 2 1 2 0 1 0 2 0 1 1 1 1 1 0 0 2 1 1 0 1 0 0
1 1 1 1 1 1 2 0 0 1 1 1 0 0 1 1 1 1 2 1 1 2 1 1 1 2 1 1 1 0 2 1 2 1 1 0 1 0 0 0 1 1 1 2 1 0 2 1 1 0 2 1
0 2 2 2 1 1 0 1 2 1 1 1 1 0 1 0 1 2 1 0 1 2 0 1 0 1 1 1 2 2 2 1 1 2 1 0 2 1 1 0 0 1 1 0 1 2 0 0 0 2 1 0
0 0 0 0 1 1 1 0 1 0 0 2 1 1 1 2 0 1 2 0 2 1 1 1 2 1 1 1 0 0 1 1 1 1 0 0 1 1 0 1 1 2 1 2 1 1 2 0 2 1 2 2
2 0 1 0 1 2 2 1 0 1 1 2 1 1 0 1 1 1 1 0 0 2 0 1 1 1 2 0 1 1 2 0 1 2 2 2 0 2 1 1 1 1 1 1 1 0 1 1 0 0 0 0
0 1 1 1 0 1 0 0 2 1 1 0 1 1 2 0 0 0 0 1 1 1 1 1 0 1 2 1 1 1 0 1 1 2 2 1 0 1 1 2 2 2 1 2 1 1 1 1 0 1 2 1
1 1 0 1 1 2 1 2 1 2 1 2 2 1 1 0 1 1 2 1 1 2 0 1 1 0 2 2 2 1 0 2 1 1 1 2 1 2 1 1 1 1 1 1 1 1 0 0 0 0 0 0
2 0 0 1 1 0 1 1 0 2 1 0 2 1 1 1 0 1 1 0 0 1 0 2 2 1 1 1 1 0 1 0 0 0 1 1 1 1 1 1 2 1 0 2 0 1 2 1 1 0 1 1
2 0 0 0 1 0 0 2 2 1 1 1 1 1 2 0 1 1 1 0 1 2 1 2 2 0 0 1 2 2 1 0 2 0 2 2 0 1 1 1 1 0 2 1 2 0 2 1 0 1 0 1
1 1 1 2 1 1 1 0 0 0 0 0 1 0 2 1 1 2 1 1 1 1 2 2 2 0 0 1 2 1 1 1 1 1 0 1 0 1 1 1 1 1 1 1 1 1 1 1 0 0 0 1
1 1 2 2 1 0 1 2 0 2 0 1 1 1 2 1 0 0 1 0 1 1 2 2 1 1 0 1 2 0 1 1 1 1 2 2 2 1 2 0 2 2 0 0 1 1 0 0 1 0 0 0
0 2 0 0 0 1 1 1 2 2 1 1 1 1 1 2 1 2 2 2 0 1 2 2 2 1 2 1 0 0 0 0 0 0 2 0 1 1 1 1 1 1 1 2 1 2 1 1 2 2 0 1
1 0 1 1 0 1 2 2 1 1 1 2 1 1 0 2 2 2 0 2 1 1 1 0 1 1 2 1 1 1 1 1 2 1 2 2 1 1 1 0 1 2 1 1 0 1 0 2 1 1 1 0
1 1 1 1 1 1 1 1 1 1 1 1 1 1 0 1 1 1 2 1 1 2 0 2 1 2 1 1 1 1 0 1 1 1 0 1 1 0 1 2 1 1 1 1 2 1 2 2 1 0 0 2
1 1 1 1 2 1 1 2 1 1 2 1 2 2 0 1 1 0 1 0 1 0 0 1 1 2 1 1 1 2 2 1 1 2 1 1 0 1 0 0 1 1 0 1 0 1 1 0 1 1 1 0
0 0 1 1 1 1 1 0 0 1 1 2 1 0 1 1 2 1 1 1 2 1 0 1 1 0 0 1 0 2 0 2 1 1 2 0 1 1 1 1 2 1 0 2 2 0 1 1 2 2 2 0
1 2 1 0 1 1 1 1 1 1 0 2 0 1 2 0 2 0 0 1 1 1 0 1 1 1 2 1 1 1 1 1 1 1 2 2 0 2 2 2 2 2 0 1 1 1 1 2 0 2 1 1
1 1 0 0 1 0 1 1 0 0 1 0 0 2 2 2 1 0 2 2 2 0 1 1 1 2 0 0 1 0 0 1 1 2 1 1 0 2 1 2 2 1 1 2 1 1 1 1 1 2 1 2
2 0 1 0 1 0 2 1 2 1 2 1 2 1 0 1 0 1 1 1 0 1 0 0 1 1 1 2 1 1 2 1 1 2 2 0 0 2 1 0 0 0 1 1 0 0 0 1 1 1 1 0
0 2 0 0 1 1 0 1 1 0 1 1 1 0 1 1 0 2 2 2 0 2 1 1 1 2 1 0 0 2 0 1 0 0 1 0 2 1 1 1 2 2 1 1 1 1 2 2 2 2 0 1
1 1 1 2 2 1 0 0 1 1 0 0 2 0 1 1 1 0 1 1 0 1 1 1 1 0 1 1 2 1 1 1 0 1 2 2 1 0 2 0 1 2 0 1 1 0 1 2 0 0 0 1
1 1 1 0 1 0 0 1 1 0 0 1 1 2 1 1 2 1 2 1 0 1 0 0 1 1 0 2 0 2 1 0 1 1 2 1 1 1 1 0 1 1 0 1 1 1 2 1 1 2 1 2
17 25 12 17
28 61 85 86 120 173 202 204 283 285 302 272 345 406 392 362 519 490 604 641 527 565 522 657 826 721 629 915 747 840 966 774 1131 1012 1223 1157 921 934 1189 1111 1340 1232 1343 1358 1228 1184 1453 1318 1226 1204 1498 1459
