52
30
1 2 1 1 0 1 2 2 2 1 1 0 1 0 2 0 1 0 1 1 0 1 0 1 1 1 0 1 1 1 1 1 1 1 0 1 1 1 2 1 0 0 1 2 1 0 1 0 0 1 0 0
0 0 2 0 0 0 1 0 1 1 1 0 0 1 1 1 2 2 1 2 0 1 1 1 1 1 1 1 2 2 0 1 0 1 0 1 1 0 1 2 1 1 1 0 2 1 2 2 2 2 1 1
0 1 2 1 1 1 2 2 2 2 1 2 1 0 1 2 0 2 2 1 0 1 1 1 0 1 1 0 1 2 1 0 0 1 2 1 1 1 1 1 1 0 1 1 0 0 1 0 2 2 1 2
2 1 0 0 0 1 0 2 1 1 2 1 1 1 1 1 1 2 2 2 0 1 0 2 2 0 1 0 1 1 0 0 2 1 1 0 1 2 2 1 2 1 2 1 0 0 1 2 2 1 2 1
1 2 0 1 2 1 2 1 0 1 2 0 2 1 1 1 1 1 0 0 0 0 1 1 1 0 2 2 1 1 2 1 1 0 1 1 1 1 2 1 2 1 1 1 1 0 0 0 2 1 0 1
1 1 1 0 0 1 1 2 1 0 0 0 1 2 2 1 2 2 1 1 2 1 2 2 1 0 0 2 1 1 0 0 0 1 1 2 2 0 0 0 1 1 1 1 1 0 0 0 1 2 1 2
2 1 0 2 1 1 2 1 1 0 2 1 1 1 0 0 1 0 2 0 0 1 1 1 1 0 1 0 2 0 1 1 0 1 1 1 1 0 0 0 0 1 1 0 2 0 1 1 1 0 0 1
0 2 0 0 0 1 0 1 1 0 0 1 2 1 2 0 2 2 1 0 1 1 1 1 1 1 2 2 2 1 1 1 1 1 0 1 1 1 0 1 1 2 1 2 2 1 1 2 1 1 1 1
2 0 2 0 1 1 1 1 2 1 1 1 1 0 2 0 1 1 1 1 1 1 1 2 0 0 2 1 1 1 1 0 1 1 1 2 1 1 1 0 2 1 1 1 0 1 1 1 0 2 0 2
0 0 1 1 1 0 0 0 1 1 2 1 1 0 1 1 2 1 2 2 1 1 2 0 2 1 1 1 0 1 2 0 0 1 1 0 0 1 0 1 1 2 2 1 1 1 1 1 2 1 1 0
1 2 1 1 0 0 2 0 1 2 0 0 1 1 1 1 1 2 0 1 1 1 1 0 1 0 0 0 0 1 0 2 2 1 2 2 0 1 2 1 1 1 1 1 1 0 0 1 1 1 1 0
1 0 1 0 1 1 2 1 1 1 1 1 1 1 0 1 2 2 1 0 0 0 0 2 2 1 2 1 1 1 1 1 0 0 1 2 0 2 1 1 1 2 2 2 2 0 0 1 0 1 2 1
2 0 1 1 1 1 1 2 2 0 1 1 1 0 2 0 1 1 1 1 2 0 2 1 1 1 1 2 2 1 1 2 0 1 1 1 1 1 1 2 1 2 1 2 1 1 1 1 1 0 0 0
2 1 1 1 1 0 1 1 1 2 0 0 1 1 1 1 2 1 2 1 2 0 1 1 0 1 1 1 0 1 1 1 1 1 0 0 2 0 0 1 2 2 1 1 1 0 2 2 2 1 1 2
2 1 1 1 2 1 1 2 2 1 1 1 2 1 0 1 1 1 1 0 2 1 2 0 0 0 1 1 0 1 1 1 2 1 2 1 2 1 1 0 1 1 0 0 1 0 1 1 1 2 2 2
1 0 1 2 1 2 0 0 2 1 0 1 2 2 2 2 1 1 1 1 2 2 2 0 1 2 1 0 2 0 1 0 1 1 2 1 0 1 1 1 1 2 2 1 1 1 1 1 2 1 1 2
2 1 1 1 2 1 1 2 0 1 1 1 0 1 2 2 1 1 1 1 0 1 1 1 0 2 1 2 1 2 0 1 1 2 1 1 1 1 2 0 0 1 1 0 0 2 0 0 0 0 1 1
2 0 1 0 1 0 1 0 0 2 0 1 1 1 1 2 0 1 1 2 1 1 0 1 1 1 0 1 1 1 1 1 1 1 1 1 2 1 0 1 1 1 2 1 2 1 2 1 2 1 2 2
2 1 1 1 2 2 1 2 1 2 2 1 2 1 1 1 2 0 1 0 1 2 1 0 2 1 2 1 2 2 1 2 0 1 0 0 1 1 1 1 1 0 1 1 0 1 2 0 2 1 2 0
1 0 2 1 0 1 0 0 1 1 1 1 0 2 1 0 1 0 1 1 2 0 1 1 1 2 0 0 0 1 1 1 2 0 1 0 0 1 1 1 2 2 1 2 2 0 1 1 1 2 2 1
1 1 2 2 2 1 1 2 2 1 1 2 0 1 2 0 1 0 0 1 0 1 2 2 0 1 1 0 1 1 1 1 0 2 1 1 1 1 1 0 1 1 0 2 0 1 0 1 1 0 1 2
0 0 0 0 1 1 1 0 1 0 1 2 1 0 2 1 0 1 0 2 0 1 2 1 0 1 0 0 0 1 1 0 0 0 2 1 0 0 0 2 2 2 1 2 1 1 2 2 1 2 0 1
1 2 1 1 1 2 0 1 1 1 1 2 1 1 0 1 1 1 1 1 1 1 1 0 0 1 0 1 2 1 2 2 2 2 2 2 1 1 1 1 1 2 2 1 0 1 0 1 1 1 0 1
1 1 0 0 1 0 1 1 0 0 0 0 0 2 1 0 1 0 1 2 2 1 1 1 1 2 1 2 1 1 1 0 1 1 0 2 1 0 0 2 0 1 1 0 2 1 1 0 0 2 1 2
1 0 0 1 0 1 2 2 2 1 1 1 1 0 0 2 0 1 2 1 2 2 1 1 2 0 2 1 2 2 1 1 1 0 2 0 2 1 1 1 0 0 0 0 0 0 2 0 1 0 2 1
1 2 2 1 0 0 0 0 1 1 0 0 1 1 1 2 2 2 1 2 1 1 1 1 1 2 1 0 1 2 1 0 1 1 1 1 2 1 0 1 2 1 0 1 0 1 1 2 2 1 1 1
1 2 2 1 2 1 2 1 1 2 1 1 2 0 1 1 1 1 2 0 1 1 0 0 1 1 2 1 1 1 0 0 1 2 0 1 1 0 2 2 1 1 1 0 0 1 0 1 2 0 0 1
1 1 1 0 1 0 0 0 1 2 1 2 2 2 2 0 0 2 2 2 0 1 1 1 2 2 0 1 1 0 1 0 1 1 0 1 1 1 0 1 1 2 2 1 1 1 1 1 2 2 1 1
2 2 1 2 1 1 1 2 2 1 2 2 2 1 2 2 0 2 1 0 1 0 2 0 1 1 1 1 0 1 2 1 1 1 0 0 1 2 1 1 1 1 0 0 1 1 1 0 1 0 1 1
2 0 1 0 0 1 1 1 2 0 0 2 1 1 1 1 1 1 0 1 2 1 1 2 1 0 0 0 0 1 0 1 2 1 1 0 2 1 0 2 1 0 1 2 1 0 1 0 2 2 0 1
14 14 15 20
41 54 82 122 165 190 177 215 296 321 281 381 424 358 520 464 482 587 636 680 717 704 621 781 643 723 891 719 948 1062 903 1032 955 905 1096 1036 1234 896 1060 1074 1340 1277 1439 1290 1100 1596 1509 1164 1359 1217 1441 1298
