52
30
1 1 1 0 1 0 2 0 2 2 1 2 1 1 1 0 1 2 0 1 1 1 1 0 1 1 0 2 0 1 1 2 2 2 1 1 2 1 0 1 1 1 0 1 1 1 1 2 0 1 1 1
0 0 2 2 0 0 1 0 0 1 1 1 0 2 1 2 1 2 1 1 2 2 2 0 2 1 1 0 1 1 1 0 2 0 1 1 0 1 1 2 1 2 0 1 1 1 1 1 1 2 1 2
2 2 1 1 1 1 2 1 2 1 1 2 0 1 1 1 1 1 1 2 1 1 1 1 1 1 2 1 0 1 2 1 2 2 0 2 0 0 1 1 1 1 0 0 0 0 2 1 1 1 0 1
1 0 1 0 1 0 0 1 0 2 0 0 0 1 2 1 0 1 2 1 2 1 1 1 0 1 2 2 1 1 1 2 1 2 0 2 1 0 0 2 1 1 2 2 1 2 1 2 2 1 1 1
0 2 0 2 1 2 1 2 2 1 0 0 2 2 2 2 2 2 1 1 2 1 0 1 0 0 0 2 1 2 1 2 2 0 1 1 2 2 2 0 2 1 1 1 1 0 1 0 1 0 2 1
1 1 1 0 0 0 0 1 1 0 1 1 2 1 2 1 1 2 2 1 1 1 0 2 1 2 1 1 2 0 2 1 1 2 0 1 2 0 1 2 1 0 0 1 2 1 1 0 2 0 2 2
1 2 2 2 2 0 1 1 1 2 0 1 1 1 1 1 1 0 0 1 1 0 1 1 1 1 2 1 1 2 1 2 2 2 1 1 2 0 2 2 2 1 1 2 1 2 1 1 1 0 0 1
0 2 1 1 1 1 1 1 2 1 1 1 1 1 1 2 1 1 2 0 2 1 1 2 2 1 0 2 2 1 1 1 1 1 1 0 1 2 1 0 0 1 2 1 2 1 1 2 2 1 2 2
1 1 1 0 1 1 1 1 2 1 2 2 2 1 0 2 1 1 1 0 1 0 1 2 2 1 1 1 2 0 2 0 0 1 1 2 1 1 0 0 1 1 2 1 1 0 0 1 2 1 0 0
0 1 0 0 2 0 2 1 1 0 1 0 0 1 2 2 1 2 2 1 2 2 2 1 0 1 1 1 0 1 1 1 0 1 0 1 0 1 1 1 0 2 0 2 1 2 1 1 2 2 2 0
0 1 1 2 1 1 2 2 1 0 1 2 1 1 2 1 1 1 0 0 0 1 1 0 0 1 2 2 2 1 0 1 2 1 1 1 1 1 1 2 1 1 0 1 1 0 1 1 1 0 0 1
1 0 1 1 1 2 0 1 1 2 0 1 1 1 1 2 2 1 2 1 2 1 1 2 0 2 1 1 0 1 0 1 1 1 0 1 1 1 2 1 0 0 2 0 1 2 1 2 2 2 1 1
2 0 1 1 2 0 2 1 0 2 1 2 1 0 1 2 0 2 1 0 1 1 0 1 1 1 2 1 1 0 1 1 2 1 2 1 1 0 1 1 0 1 1 0 1 0 0 2 0 0 1 0
1 2 1 0 2 2 0 1 0 1 0 1 1 2 1 1 1 2 2 2 2 2 2 1 2 2 0 2 0 2 0 0 2 2 2 0 2 1 1 2 2 1 2 1 2 2 1 2 1 1 1 2
1 0 2 1 2 1 2 1 2 1 2 2 1 1 0 0 0 0 1 0 2 2 2 0 0 0 1 1 1 1 0 2 2 1 2 1 1 2 2 1 0 1 1 1 1 0 1 1 1 1 0 1
0 0 1 0 1 1 2 1 0 0 0 1 0 2 2 2 1 1 2 2 1 2 0 1 1 2 2 1 1 2 0 1 1 0 1 1 0 1 1 1 1 1 1 1 1 0 1 1 1 1 1 1
1 1 1 1 1 2 1 1 2 1 1 1 1 1 0 1 1 2 0 0 2 2 2 1 0 1 1 1 2 2 2 1 0 2 0 2 1 0 0 0 1 1 1 2 2 0 0 1 1 1 1 1
1 1 1 1 0 2 0 1 0 1 2 1 1 1 2 1 2 1 2 2 1 1 2 1 1 2 1 1 1 0 1 2 1 2 1 2 1 0 0 1 2 2 1 2 0 0 2 1 1 2 2 2
1 2 2 2 1 2 1 1 1 1 2 1 1 2 0 0 2 0 1 0 1 0 1 1 2 1 0 1 0 2 2 0 2 2 1 1 1 0 1 0 2 1 1 1 1 2 1 1 1 2 2 1
0 0 1 0 1 1 2 2 2 1 2 0 0 1 2 1 1 1 1 1 0 1 1 0 0 1 2 1 1 2 1 1 0 1 0 1 1 2 2 1 1 1 2 1 0 0 0 1 2 1 1 1
2 2 0 0 2 0 2 1 2 0 2 2 2 2 1 0 1 0 1 1 2 0 1 1 1 1 0 1 2 1 1 1 2 1 1 1 1 2 2 1 2 1 0 2 2 1 1 1 1 1 0 2
1 1 2 1 0 1 0 1 0 1 2 0 2 1 2 1 2 1 1 2 2 2 1 1 2 0 1 1 0 2 1 1 1 0 1 1 1 0 2 1 2 2 1 2 1 1 2 1 1 1 1 1
2 1 1 0 2 1 1 1 2 0 1 1 2 1 1 1 0 2 1 1 0 0 1 0 1 1 1 1 0 0 1 1 2 1 1 2 2 1 1 1 0 0 1 1 0 0 1 0 0 0 1 0
1 2 1 0 0 1 1 0 0 1 0 0 0 1 2 2 1 1 1 1 1 2 1 0 2 1 1 2 1 1 0 0 2 1 1 0 0 1 0 2 1 1 2 2 2 0 1 1 2 2 2 2
0 1 1 1 1 2 1 2 0 1 1 1 1 0 2 0 1 0 1 0 1 2 1 1 2 1 2 1 0 0 0 1 2 1 1 1 1 1 1 2 1 1 0 2 0 0 0 0 0 0 0 0
1 1 0 1 0 0 1 1 0 1 1 2 2 2 0 1 1 2 0 0 2 1 1 1 1 1 1 0 2 0 0 0 1 1 0 0 0 2 1 0 2 1 1 2 2 1 2 2 1 0 1 2
2 1 0 2 1 2 2 0 2 1 0 2 1 0 2 1 0 1 0 2 0 1 1 1 1 1 2 1 0 1 1 2 1 2 2 1 1 1 1 0 1 1 1 1 0 0 1 0 1 0 1 0
2 0 1 0 1 1 0 2 0 0 1 0 0 1 2 2 2 1 1 1 1 1 2 1 1 2 0 1 2 1 1 0 1 0 1 0 0 0 0 1 2 1 2 1 2 1 1 1 1 2 0 1
1 0 1 1 1 1 2 1 2 1 1 2 0 2 0 0 1 1 1 1 1 1 0 0 1 0 1 1 1 2 1 1 2 1 1 1 1 1 1 1 0 0 0 1 1 1 0 0 1 1 2 0
0 0 1 1 1 1 1 1 2 1 1 1 1 1 0 2 1 1 0 2 2 1 2 1 1 2 1 0 1 1 0 2 1 1 1 0 0 2 0 2 0 1 0 1 2 1 1 2 1 1 1 1
15 9 10 18
29 58 87 109 165 169 186 210 310 275 303 328 399 416 543 588 594 536 519 526 763 568 690 721 913 926 997 961 809 862 1152 1105 909 1280 1179 957 1023 1326 1249 1331 1400 1062 1380 1259 1608 1282 1160 1567 1340 1491 1380 1353
