52
30
1 0 0 1 2 2 2 1 1 1 0 1 1 1 0 1 0 1 1 0 1 0 2 1 1 0 0 2 2 1 2 1 1 0 2 1 1 1 1 1 1 0 0 1 0 1 0 1 2 1 0 1
1 1 0 0 1 1 2 0 1 1 1 0 0 2 1 1 2 1 2 2 0 0 1 2 2 1 1 0 1 1 1 0 1 0 1 2 0 1 0 1 1 1 2 1 2 1 0 2 0 1 1 1
1 1 2 1 1 2 2 1 2 1 1 0 1 1 2 1 1 2 1 1 2 1 1 1 1 0 1 0 2 2 2 1 0 1 1 1 2 1 1 1 1 1 1 1 0 0 1 1 2 1 2 1
0 0 0 1 0 0 1 0 1 1 1 0 1 2 0 1 1 2 2 1 1 2 2 2 1 2 1 0 2 1 1 0 0 1 0 1 0 1 1 1 1 2 2 2 2 2 1 1 1 1 0 2
0 1 2 1 2 0 2 2 2 2 2 0 1 1 1 0 1 1 0 0 1 2 0 1 1 2 1 2 0 1 2 2 1 2 1 2 1 1 0 2 0 0 1 1 1 1 2 0 1 1 1 2
1 0 1 1 0 1 1 0 1 1 1 2 1 1 2 1 1 1 1 1 2 2 1 1 1 1 2 2 0 0 2 1 1 2 1 0 0 0 0 1 2 2 1 2 0 2 1 2 1 2 1 2
2 2 2 1 1 0 1 2 2 1 1 1 2 2 2 2 1 2 1 1 1 0 0 1 1 0 2 0 1 1 2 1 2 2 1 2 1 2 1 2 2 0 2 1 0 0 0 1 1 1 0 0
0 0 0 1 1 1 1 0 1 1 1 1 1 0 0 2 2 2 1 0 1 1 1 1 2 2 0 1 1 0 1 1 1 1 0 1 0 1 0 0 2 2 1 1 1 1 1 1 2 1 0 2
1 2 1 1 2 1 1 2 1 1 2 1 1 1 1 1 1 0 1 1 1 1 0 2 1 0 1 2 2 1 1 1 1 0 1 2 2 1 0 1 1 1 0 0 1 2 0 0 1 1 2 1
1 0 0 0 0 0 0 1 2 0 2 1 1 2 1 1 2 0 2 1 2 2 1 1 1 0 1 1 1 1 1 1 0 2 1 0 2 1 1 2 2 1 2 1 0 1 2 2 1 2 1 1
1 2 2 1 2 0 1 2 2 2 1 2 1 2 0 2 0 0 1 0 1 2 2 0 1 0 2 2 1 1 1 1 1 1 1 1 2 2 2 1 0 1 0 2 1 1 2 0 0 1 0 0
1 1 1 1 0 1 2 0 0 1 1 1 0 0 1 1 2 1 2 1 1 1 1 2 1 1 1 0 0 0 1 0 0 0 1 1 1 0 0 0 0 1 1 2 1 1 1 1 2 1 2 2
2 2 0 2 1 1 0 2 2 2 1 2 2 1 0 0 1 0 0 1 2 1 1 2 1 1 1 1 1 1 2 2 1 1 1 0 1 2 2 2 0 1 1 0 2 1 1 1 2 0 1 2
1 1 0 2 2 0 1 0 0 1 1 2 0 1 2 1 1 1 1 1 2 1 1 1 1 0 0 2 2 1 0 1 1 2 0 0 1 2 2 0 1 2 1 1 1 1 1 1 1 2 2 2
2 1 0 1 1 0 0 1 0 2 0 1 1 1 1 0 0 0 1 1 1 1 1 0 1 0 1 1 1 0 2 2 1 1 2 2 2 1 2 1 2 0 1 1 2 0 1 0 0 1 0 1
0 0 2 0 1 2 1 1 0 0 2 0 0 2 2 2 2 1 2 1 2 1 1 1 0 2 1 0 1 2 0 2 0 1 0 0 0 2 0 1 1 2 1 2 1 1 1 2 1 0 1 2
2 1 2 2 2 1 2 1 1 1 1 0 1 0 1 1 1 0 0 1 1 1 0 1 1 1 2 2 2 0 1 1 1 2 2 1 2 1 1 0 1 2 0 1 0 0 1 2 1 0 1 1
0 2 1 0 0 1 1 2 0 0 0 2 1 1 2 2 2 2 0 1 0 2 2 0 1 2 0 0 1 1 0 0 0 0 1 1 1 1 0 2 1 1 1 0 2 1 1 0 1 2 1 2
0 0 1 2 1 1 1 0 1 1 0 1 1 1 1 1 1 0 0 0 1 1 0 1 1 1 1 2 1 2 0 2 2 0 1 2 1 1 2 1 1 2 1 0 0 0 1 0 0 1 2 1
1 1 0 1 0 1 1 1 0 1 2 1 1 2 1 2 1 1 1 1 2 1 2 1 1 1 1 1 1 0 1 0 0 2 0 1 0 0 1 2 2 2 1 0 1 0 1 1 2 1 2 2
1 2 1 1 2 0 1 2 1 0 1 1 1 1 1 0 0 1 1 2 1 1 2 0 1 1 1 1 2 2 1 1 2 1 1 1 0 1 1 1 1 1 1 2 1 2 1 0 2 1 1 1
1 0 0 1 0 0 1 1 1 1 2 2 1 2 2 2 2 1 0 0 1 1 1 0 1 2 0 0 0 1 0 1 1 2 0 1 0 2 2 1 0 1 2 1 2 1 1 1 1 2 0 1
0 1 1 1 0 0 1 1 1 2 0 1 0 1 1 1 0 1 1 0 0 1 1 2 0 1 2 0 1 1 1 2 1 2 2 2 1 1 2 1 1 2 2 0 1 2 1 1 2 2 1 0
0 0 2 1 0 0 2 1 1 2 0 1 1 1 1 1 1 0 1 1 1 2 2 2 2 0 1 1 2 1 0 1 0 1 0 1 0 0 1 0 1 2 1 2 2 1 0 2 0 0 1 1
1 2 2 1 1 1 2 1 2 2 2 2 0 0 0 1 1 2 1 1 1 0 0 1 0 0 0 2 1 1 1 1 2 1 0 2 1 0 2 0 1 1 0 1 0 1 1 1 2 1 1 0
0 0 0 1 1 1 1 1 0 1 0 0 1 2 1 2 1 2 2 1 2 1 1 2 2 1 0 0 0 1 1 2 1 0 0 1 0 1 0 1 2 1 2 1 2 0 0 1 2 2 1 1
1 1 1 1 1 0 1 1 2 1 1 0 1 2 0 1 1 0 1 1 0 0 0 2 1 0 0 1 2 2 2 2 2 1 2 1 2 1 1 1 0 0 0 2 2 2 1 1 2 1 0 1
1 1 1 2 1 1 0 1 1 0 1 0 1 1 1 0 2 2 1 2 2 1 1 1 2 2 1 2 0 0 1 0 1 1 2 0 1 0 0 1 2 2 2 1 1 2 1 2 2 0 1 2
1 0 0 2 0 0 2 2 2 1 2 2 1 0 0 0 0 1 1 1 1 1 1 2 0 1 1 1 2 1 2 1 0 0 1 2 0 1 1 0 0 2 1 0 1 0 2 0 0 0 1 1
1 1 1 2 1 0 1 1 2 2 0 1 0 1 1 2 2 1 2 1 2 0 1 1 2 1 0 1 1 0 2 2 1 1 0 1 1 1 0 1 1 1 1 1 2 2 2 1 2 2 0 2
17 12 18 22
25 45 71 102 150 143 221 180 289 324 321 379 341 482 485 475 597 491 565 671 615 768 667 845 726 661 673 762 945 1023 999 1014 1024 867 1250 1014 1072 1241 1071 1354 1057 1367 1073 1452 1556 1154 1625 1581 1554 1516 1277 1728
