52
30
2 0 2 1 1 1 0 1 1 1 2 0 1 2 0 1 1 1 0 2 2 1 0 0 0 0 2 2 1 2 1 1 1 1 1 2 1 2 1 1 2 0 1 1 2 2 1 0 1 0 1 1
1 1 1 2 0 1 0 0 1 1 1 0 1 1 2 0 1 2 2 2 1 1 0 2 1 1 1 1 2 1 0 1 0 1 1 0 1 0 1 1 1 2 1 1 2 0 1 2 0 1 2 2
0 1 2 0 2 1 1 1 2 1 2 2 1 1 1 2 2 1 1 1 0 0 0 1 1 1 1 2 2 2 1 1 2 2 1 0 2 1 0 0 1 2 0 0 1 1 0 0 0 0 1 0
1 2 1 1 0 1 0 1 1 0 0 1 1 2 2 1 1 2 1 1 2 0 2 2 1 0 1 1 0 1 1 0 0 1 1 2 0 2 1 0 1 1 0 1 1 2 1 1 2 1 1 2
1 1 2 1 2 1 1 2 1 1 1 1 0 1 1 1 0 1 1 2 1 1 0 0 1 0 1 2 2 1 1 1 1 0 1 1 2 2 2 0 1 0 1 1 1 1 1 1 1 1 1 1
1 0 0 1 1 1 0 1 0 0 0 2 1 1 2 1 1 2 1 1 1 2 1 2 1 1 0 1 1 1 1 1 0 0 2 0 1 0 0 2 1 0 1 1 1 1 1 0 2 0 0 2
1 1 1 2 2 2 2 1 0 1 1 2 2 0 0 0 1 1 1 1 2 1 0 2 1 1 2 0 0 1 1 2 1 2 2 1 1 2 1 1 1 1 1 1 1 1 0 1 1 2 0 0
2 1 0 0 1 2 0 1 0 0 0 0 1 2 2 2 2 1 2 1 2 1 2 1 2 0 0 1 1 1 0 1 2 0 1 0 1 1 2 2 2 0 2 1 1 1 1 1 2 2 2 2
1 1 0 1 0 1 0 0 1 2 2 2 2 1 0 0 0 0 1 0 1 1 1 2 1 0 1 2 2 2 0 2 1 0 2 2 2 1 2 2 1 0 0 2 0 2 1 0 2 2 1 0
0 0 2 1 0 1 1 2 1 0 2 0 0 2 0 1 0 0 1 1 2 1 1 1 1 1 1 2 0 0 1 1 0 0 1 1 0 0 1 0 0 2 0 2 2 1 1 2 2 2 2 2
1 1 2 1 2 1 2 0 2 1 1 2 1 1 2 1 1 0 1 0 0 0 0 2 0 2 1 1 0 2 1 1 0 1 1 2 0 2 2 0 0 0 0 0 1 0 2 1 2 2 2 1
2 1 0 2 1 0 2 1 1 0 1 1 1 2 0 1 2 1 1 2 2 2 1 1 2 1 1 0 1 1 0 0 1 1 1 1 0 0 1 2 2 1 0 1 0 1 1 1 2 0 1 1
1 2 2 1 1 1 0 2 1 1 2 1 2 1 0 0 0 0 0 0 1 1 1 2 1 1 0 0 1 0 1 1 1 0 2 1 1 1 1 2 2 0 1 1 1 1 0 2 1 1 0 1
1 2 0 0 1 1 2 0 2 1 1 1 2 1 1 2 2 1 0 2 1 1 0 2 0 1 1 0 1 1 1 0 1 1 2 0 1 0 1 1 2 0 1 1 1 1 1 0 2 1 1 2
2 2 2 1 1 1 1 2 1 1 1 1 1 2 2 0 1 1 1 0 2 1 0 0 2 0 1 2 1 1 2 0 2 1 0 2 1 2 2 1 2 0 0 0 0 2 1 1 1 1 0 1
1 0 2 1 1 0 0 2 1 0 1 0 1 1 2 0 1 1 0 0 1 1 2 2 0 1 1 1 0 0 1 1 1 0 1 1 1 1 0 1 1 2 2 2 2 2 1 2 0 2 1 1
2 0 2 0 2 2 0 1 2 1 1 1 1 0 1 0 1 1 1 1 2 2 0 1 0 1 2 2 1 2 1 2 1 2 0 2 2 1 1 1 1 1 0 0 1 1 1 0 1 1 0 0
1 0 1 0 2 1 1 1 1 0 1 1 0 2 1 2 1 2 2 0 1 1 2 2 2 1 0 1 1 2 1 1 1 2 1 1 0 1 2 1 2 2 1 1 2 1 1 0 0 1 1 2
1 2 2 0 1 1 1 1 0 1 1 2 2 1 0 1 0 1 0 0 1 0 1 1 2 0 2 1 2 2 0 1 0 2 1 1 0 2 2 1 2 0 1 0 0 0 1 1 1 0 0 1
0 0 1 1 1 2 1 1 1 0 1 0 0 2 1 1 1 1 2 2 1 1 1 1 0 0 2 0 1 1 1 2 2 0 2 0 1 1 0 2 2 1 2 2 2 2 2 1 1 2 2 1
2 1 2 1 1 2 1 1 2 1 1 1 2 1 1 1 1 1 1 0 1 1 1 1 1 0 0 2 1 2 1 2 2 1 2 1 0 2 1 0 0 1 1 0 2 1 1 0 0 2 1 0
0 0 0 1 0 0 1 0 1 0 0 1 0 2 1 1 1 2 0 1 1 1 2 1 2 1 2 1 0 1 2 1 1 0 1 2 1 0 1 0 1 1 1 2 1 2 1 1 2 0 1 1
2 0 0 0 1 2 2 1 1 2 1 1 0 1 0 1 0 0 0 1 1 1 0 1 0 0 2 2 1 2 2 1 1 2 1 0 1 1 0 2 1 1 2 0 0 1 2 1 2 1 0 1
1 1 1 0 0 1 2 1 1 0 2 1 2 1 1 1 1 1 2 2 2 1 2 0 1 0 2 2 0 0 1 1 1 1 1 0 2 2 1 2 2 2 1 2 1 0 1 1 1 2 1 1
2 0 1 2 1 1 2 1 1 0 1 1 0 1 0 1 1 1 0 1 1 0 0 0 1 0 1 2 2 1 1 2 2 2 1 1 1 1 1 0 1 0 2 0 0 1 1 0 0 1 0 1
0 0 1 2 0 1 1 1 1 1 1 1 0 2 2 0 2 0 1 1 2 0 1 1 0 1 1 1 2 1 0 0 1 1 1 1 2 1 1 1 0 1 1 1 1 2 1 1 2 2 0 1
0 2 1 2 0 1 2 2 1 0 2 2 0 0 1 1 1 2 1 2 0 2 0 1 1 1 1 0 2 1 1 2 1 2 1 0 1 1 1 0 1 2 0 0 0 2 0 0 1 0 1 0
1 0 1 1 1 0 1 1 1 0 0 0 2 2 2 1 1 2 1 0 2 1 2 0 1 2 1 1 0 0 1 0 0 1 1 0 1 2 1 1 2 2 1 1 0 2 2 1 2 2 1 1
1 0 2 2 1 0 0 1 1 1 1 2 1 0 1 0 1 0 1 0 0 1 0 0 1 0 2 2 2 1 2 0 1 1 2 2 1 0 1 1 1 0 1 2 0 1 1 1 1 1 1 0
2 0 2 0 0 0 2 2 0 0 0 0 1 1 1 2 2 1 0 1 1 1 0 1 2 2 0 1 1 0 2 1 0 1 1 1 2 1 0 2 0 0 1 2 1 1 1 1 1 0 1 0
15 15 18 18
28 66 107 134 132 163 220 261 272 288 327 367 330 491 490 542 426 506 637 549 684 648 628 681 858 869 785 922 892 890 806 978 1039 977 907 1214 937 1207 1061 1188 1188 1435 1177 1116 1304 1424 1482 1216 1734 1447 1214 1643
