52
30
2 1 1 0 1 2 2 1 2 2 2 0 2 1 2 1 1 2 0 1 0 2 1 0 2 1 1 0 1 0 2 2 2 0 1 1 1 2 0 1 0 0 0 0 1 0 0 0 0 1 1 2
1 1 2 1 1 0 0 2 1 0 1 2 1 0 1 1 2 2 2 1 2 0 2 1 0 0 1 1 0 2 1 1 1 1 0 2 1 0 2 1 1 2 2 1 1 0 2 2 2 1 2 2
0 1 1 1 1 1 1 0 2 2 2 2 0 1 1 1 1 0 1 1 0 2 1 1 0 0 2 2 1 2 0 1 1 1 2 1 1 1 0 1 0 1 0 1 1 1 1 0 1 1 1 1
0 1 0 0 1 2 1 1 2 1 2 0 1 1 2 1 1 2 2 1 1 1 1 2 2 0 0 1 1 2 1 1 0 0 2 0 2 1 0 2 1 0 2 1 1 1 1 2 2 2 2 1
1 1 2 2 1 1 0 1 2 1 1 1 2 1 1 2 1 0 1 1 2 1 1 2 2 1 1 2 2 1 1 2 1 1 1 1 1 1 2 0 1 0 1 0 1 0 1 0 1 1 1 1
0 1 0 1 2 0 1 0 1 0 2 0 1 1 1 1 1 1 0 1 1 1 1 1 1 1 1 2 1 2 1 2 1 1 1 1 2 0 0 2 1 2 0 2 0 2 1 1 0 2 1 1
2 1 1 1 1 0 2 2 2 1 2 1 2 1 0 1 0 0 1 1 0 0 1 0 2 1 2 2 1 2 1 0 1 2 0 0 0 1 2 0 0 0 1 0 1 0 1 2 0 2 1 1
1 1 1 0 1 0 1 2 1 1 0 0 0 2 0 2 0 2 1 2 1 2 2 1 0 2 1 1 0 0 1 1 1 1 0 0 0 1 0 0 1 2 1 1 2 1 0 1 1 1 1 2
1 2 2 1 1 2 0 2 2 2 0 0 1 0 1 2 0 0 0 1 1 1 1 0 0 1 1 1 2 2 1 1 2 2 2 1 2 2 1 0 0 0 1 2 2 0 2 1 1 2 0 0
0 2 0 1 2 0 2 0 2 1 0 2 1 2 1 1 1 1 1 2 2 1 1 2 1 2 2 0 1 0 0 0 2 2 0 2 2 1 0 1 0 1 1 2 0 0 1 1 2 1 1 0
1 2 2 1 0 1 1 0 2 1 0 1 0 1 1 0 0 2 0 0 1 1 1 1 1 1 2 0 1 1 2 1 2 2 1 2 2 2 2 1 2 1 2 0 1 2 1 1 1 0 1 1
0 1 0 2 1 0 0 1 0 1 0 1 1 0 1 2 2 2 1 1 0 1 0 2 1 0 1 1 1 0 0 0 0 1 1 0 2 0 1 1 1 2 2 1 1 1 1 1 1 1 2 2
2 2 1 1 1 0 1 1 1 2 2 1 1 1 2 0 1 0 0 1 2 0 2 1 0 1 0 1 1 0 1 1 1 1 1 1 1 2 1 0 1 0 0 0 1 1 1 1 0 0 2 1
1 1 1 0 1 1 0 1 0 1 0 1 1 1 1 1 2 2 1 1 2 1 1 2 2 2 1 1 0 1 0 1 0 1 2 1 1 1 0 2 1 1 1 1 0 1 2 2 2 0 1 2
1 0 1 1 1 2 1 1 2 2 2 2 1 0 0 0 0 1 0 0 1 1 0 1 1 0 1 1 1 2 2 1 1 0 2 2 0 1 1 2 1 1 1 0 0 1 0 1 1 2 0 0
1 0 1 1 1 1 1 1 1 1 0 1 1 2 2 0 2 1 2 0 1 2 2 1 1 1 0 0 0 0 0 1 1 2 1 0 0 2 0 1 2 0 0 0 1 0 2 1 1 0 2 1
1 2 1 2 2 2 1 1 1 1 1 2 2 0 1 1 1 1 0 0 1 2 1 1 1 0 1 1 2 1 1 1 1 2 1 2 2 1 2 0 0 1 1 0 1 0 2 0 1 1 2 1
1 0 1 2 1 1 2 0 2 1 1 1 0 1 1 1 1 1 1 1 1 2 1 1 1 2 2 1 1 0 0 1 1 1 1 0 0 0 1 2 1 1 2 1 2 1 1 2 1 1 1 2
0 1 2 1 2 0 1 1 0 1 1 0 1 2 2 2 0 2 1 0 1 1 1 2 0 2 0 1 1 1 1 2 2 1 1 0 1 1 1 1 2 1 0 0 0 0 0 1 1 0 1 1
0 1 1 0 1 1 1 0 1 1 1 0 0 2 1 2 2 1 1 1 1 2 2 2 0 2 1 0 1 2 1 1 2 0 1 1 2 2 0 1 1 1 0 1 2 1 1 1 1 2 2 2
1 2 2 1 1 1 0 1 0 1 1 1 1 0 0 0 1 1 1 0 1 1 1 0 1 1 1 2 2 2 1 1 0 2 1 2 1 1 2 0 0 0 2 0 0 0 0 0 0 1 1 1
1 2 1 0 0 2 2 1 0 1 0 1 1 1 1 1 2 2 2 1 1 1 1 1 0 0 2 1 1 1 1 1 1 1 0 1 0 2 1 1 1 1 2 1 2 2 1 2 2 1 1 1
1 0 1 0 0 1 1 1 1 2 1 1 0 1 1 2 0 0 1 1 1 1 0 2 0 0 0 2 0 1 2 1 2 0 0 2 2 2 1 0 0 1 1 1 1 1 1 1 0 1 1 1
0 1 1 1 2 2 1 1 1 1 1 0 2 0 1 1 2 2 2 2 1 1 0 2 2 0 2 1 0 2 1 1 0 2 0 1 0 1 0 0 1 1 0 2 1 2 2 1 2 2 2 2
0 1 1 1 1 1 1 1 1 2 0 1 1 1 0 2 2 1 0 0 1 0 2 1 0 2 1 0 1 2 1 2 2 0 2 0 2 2 2 0 1 0 1 0 2 0 0 0 1 2 0 0
2 2 1 1 1 1 0 1 1 1 1 1 1 0 1 2 2 2 1 2 2 1 0 1 1 1 0 1 1 1 1 1 2 1 0 1 1 0 1 2 1 2 1 2 2 1 1 2 0 1 2 2
0 0 0 2 1 1 2 1 2 1 1 1 0 2 1 0 1 1 2 0 0 1 1 1 0 1 2 2 2 2 1 0 1 1 0 1 1 1 1 1 0 0 0 1 0 1 2 1 1 0 0 1
0 2 0 1 0 0 1 1 1 0 0 1 1 1 2 1 1 1 1 1 2 2 1 2 0 1 1 0 1 1 0 1 0 1 0 1 0 0 1 1 1 0 2 1 2 2 2 1 2 1 1 1
1 0 1 1 1 1 1 2 0 1 1 1 2 1 1 2 1 1 2 1 0 1 0 0 1 0 2 1 2 2 0 1 2 1 2 1 2 0 2 0 0 0 1 1 0 0 1 0 2 0 2 1
1 2 0 1 2 0 1 1 1 1 0 2 1 1 1 1 2 0 2 2 1 1 1 1 1 2 1 1 1 0 0 0 2 0 0 1 1 0 0 2 2 1 2 0 0 2 2 2 1 2 1 1
14 10 8 12
20 62 71 121 120 180 181 189 228 245 288 308 333 401 407 548 565 487 605 534 755 722 635 702 664 664 755 702 1020 847 758 1080 875 1005 913 869 1306 1185 1169 1031 1155 1320 1278 1078 1579 1327 1472 1152 1556 1620 1427 1709
