52
30
1 0 2 1 1 2 2 1 1 1 1 1 1 1 1 1 1 0 2 0 0 0 1 0 1 1 0 0 1 0 2 0 2 2 2 1 1 1 2 0 0 0 0 0 1 1 0 1 1 1 1 0
1 1 0 0 1 1 1 0 1 0 1 0 2 1 0 0 1 2 2 2 1 1 0 1 1 2 1 1 1 0 2 2 1 0 1 0 1 1 1 0 2 2 2 1 0 0 1 0 1 1 1 0
1 1 0 2 1 1 2 1 1 1 1 0 1 0 0 1 2 2 1 1 0 1 1 0 1 0 2 2 0 0 2 2 1 2 2 1 2 2 2 1 1 2 1 0 2 0 2 0 2 1 0 1
0 2 2 1 1 1 0 1 2 1 1 1 1 1 0 1 1 1 1 0 2 2 1 1 2 2 1 1 2 1 0 0 0 2 1 1 2 1 1 1 1 2 1 1 1 1 0 0 1 2 1 2
1 2 2 2 1 2 2 1 1 1 2 2 1 2 1 0 0 2 2 0 0 0 0 2 1 0 1 2 1 1 1 0 2 0 2 1 2 0 1 2 1 2 2 0 1 1 1 1 1 0 0 0
1 0 2 1 2 1 1 0 2 1 0 2 0 2 2 1 2 2 0 0 2 1 1 1 1 1 0 1 1 1 1 0 2 0 2 0 0 0 1 1 2 1 1 1 1 1 1 1 1 1 1 1
2 0 0 1 2 1 1 1 1 1 1 1 2 0 1 0 2 1 0 1 1 1 0 1 2 2 0 2 1 2 1 1 0 2 2 0 1 2 2 1 1 0 2 1 1 0 1 1 2 0 1 0
0 1 1 1 0 0 1 0 1 0 0 1 0 2 2 1 1 2 2 0 1 2 0 1 1 2 0 2 1 1 0 1 1 2 1 1 1 1 0 2 1 2 1 1 1 1 1 1 0 1 2 2
1 0 2 2 0 2 2 2 1 2 1 2 1 0 0 1 1 1 1 1 0 2 1 2 1 1 1 2 1 1 1 1 1 2 2 1 1 1 2 0 1 0 1 0 1 2 1 1 1 0 1 1
0 1 0 1 1 2 1 1 1 1 1 1 0 1 0 2 0 1 1 2 1 2 2 1 0 1 1 1 1 2 1 0 1 2 0 0 0 2 1 2 1 1 0 2 0 2 2 2 1 1 0 1
1 2 1 0 2 1 2 1 2 2 1 0 0 0 1 1 2 1 2 1 1 1 2 2 1 0 1 0 1 1 0 1 2 1 1 0 1 1 1 1 2 2 0 2 0 1 1 0 2 1 1 1
1 1 1 0 1 1 0 0 0 1 2 1 0 2 1 2 1 2 1 1 0 1 1 2 1 2 1 1 1 1 0 0 1 2 1 1 1 1 1 1 0 2 1 1 0 2 2 1 2 1 2 2
2 2 1 1 1 1 1 1 2 2 1 1 1 0 0 0 1 1 0 1 1 0 1 0 0 1 2 2 1 2 1 1 0 2 1 1 1 0 1 0 0 2 0 0 1 2 1 1 1 1 0 0
1 1 1 0 1 1 2 1 1 0 0 0 1 0 1 1 0 2 1 2 2 1 1 0 1 2 0 0 0 1 1 1 0 1 1 1 0 0 0 1 2 2 2 2 1 0 2 0 0 2 0 1
2 2 1 0 2 1 2 2 2 2 1 1 2 1 0 1 0 1 1 1 1 1 1 2 1 1 2 2 0 1 2 1 0 1 0 1 0 2 1 2 2 0 0 1 2 1 0 0 0 1 2 2
0 0 1 1 0 1 1 2 0 1 1 1 2 2 1 1 2 1 1 2 1 0 1 0 2 0 0 1 1 0 0 0 0 0 0 1 0 0 2 0 0 2 1 2 0 2 1 2 2 2 0 1
1 2 2 1 1 2 1 1 1 1 2 1 1 1 0 1 0 1 0 2 1 1 1 2 0 2 2 2 2 1 2 2 1 1 2 0 1 2 1 0 1 1 0 1 2 1 0 0 0 0 0 1
1 2 1 1 0 1 1 1 2 0 1 1 1 1 1 0 1 1 1 2 2 1 0 1 1 2 0 1 1 2 2 0 1 1 0 2 1 0 2 1 2 2 2 2 2 1 0 1 1 2 1 1
1 1 2 2 0 1 0 1 2 0 2 1 0 1 1 0 1 0 1 1 1 0 1 1 1 1 2 2 0 0 2 1 1 1 2 1 1 1 1 0 1 1 1 1 0 1 1 1 0 1 1 0
1 1 0 1 1 1 1 2 2 2 1 0 1 1 0 1 1 2 1 1 2 1 1 1 2 0 1 2 1 1 1 1 0 2 0 2 0 1 1 1 1 0 0 1 2 2 1 1 0 1 1 2
1 1 1 1 2 1 0 2 1 2 1 2 1 0 1 1 1 1 0 1 0 1 1 1 1 1 1 2 1 1 2 1 1 1 1 1 1 2 2 0 1 1 1 1 1 1 1 0 1 1 1 2
1 2 0 0 1 1 0 0 1 1 1 0 1 2 0 2 0 1 2 0 2 1 1 2 2 0 2 1 2 1 0 2 1 1 1 1 2 0 1 1 2 1 1 2 2 1 1 1 2 2 2 1
1 1 2 2 1 0 1 0 1 1 1 2 1 0 1 0 1 0 0 1 1 0 1 1 1 1 1 1 2 1 1 2 1 1 1 1 1 1 2 0 0 0 2 0 1 0 2 1 1 1 2 1
1 2 1 0 1 2 1 1 1 0 2 0 0 1 1 0 2 1 2 1 1 1 2 2 1 2 1 1 2 1 0 1 2 0 1 2 0 1 1 0 1 1 1 0 1 1 0 1 1 1 1 1
2 0 0 1 2 1 1 1 2 1 0 1 1 1 1 2 0 2 1 0 1 1 1 0 0 0 2 0 1 1 0 1 2 2 1 0 2 1 2 0 1 1 0 1 2 0 1 1 2 0 1 0
2 0 1 0 0 1 1 0 2 2 1 2 2 2 2 0 2 2 2 1 1 1 0 2 1 0 0 0 1 1 1 0 0 0 1 2 1 1 1 1 1 1 1 2 2 2 1 2 2 2 2 2
2 1 1 2 1 1 2 2 1 2 1 0 2 2 1 1 1 1 1 1 0 0 0 1 1 0 1 0 1 0 1 0 2 2 1 2 1 2 0 0 0 1 1 1 0 1 1 2 1 1 1 2
1 2 2 1 0 1 1 0 1 1 1 2 0 2 1 2 2 1 2 2 1 2 2 2 1 2 0 2 1 1 2 1 1 0 1 1 1 2 1 1 0 0 2 0 2 1 1 0 2 1 1 2
0 1 1 2 2 2 2 2 2 1 2 2 2 1 0 0 1 1 0 1 0 0 0 0 1 0 1 2 2 1 1 0 1 2 1 1 2 1 2 0 0 1 1 1 1 1 1 1 0 1 1 0
1 2 1 1 1 1 0 0 0 1 2 1 0 1 1 1 2 2 1 2 1 1 1 1 2 2 1 2 1 1 0 0 1 1 0 1 1 1 0 1 2 2 2 2 2 0 1 1 0 2 2 1
15 17 8 9
26 57 95 121 185 161 221 214 307 326 388 460 354 443 532 425 507 640 564 551 531 783 733 864 633 797 968 1035 784 774 944 1007 903 1230 1060 1160 1031 1253 1389 1431 1045 1182 1062 1412 1109 1188 1427 1434 1217 1521 1785 1499
