52
30
1 1 1 2 2 0 2 2 1 0 2 1 1 2 1 0 1 1 1 1 0 1 2 1 0 2 1 2 1 0 0 1 1 0 1 2 1 2 1 1 0 1 0 2 2 1 2 2 1 1 1 2
0 1 2 0 1 1 1 1 1 2 0 1 0 1 2 2 0 2 2 1 2 1 1 2 1 1 0 2 1 1 1 2 1 0 1 1 1 0 1 2 2 1 1 0 1 2 1 1 0 1 1 1
1 1 1 2 1 1 0 2 1 2 1 1 2 1 0 0 1 1 1 0 0 0 0 2 1 1 1 2 1 1 1 1 2 0 1 1 1 2 2 2 1 1 1 1 1 0 0 1 0 2 1 1
0 0 1 0 0 0 0 1 2 2 2 1 0 2 0 1 0 2 2 1 2 0 1 1 2 1 1 1 1 2 0 1 0 1 2 0 1 1 2 1 0 0 0 0 1 1 1 1 1 2 1 1
1 1 0 1 1 1 0 2 2 1 1 1 0 1 2 0 1 1 1 0 1 0 0 0 2 0 1 1 1 1 1 1 2 1 1 1 1 1 1 1 0 1 0 2 0 0 0 0 1 0 0 2
1 1 1 0 1 0 2 2 1 1 0 0 0 2 1 2 1 2 1 2 2 1 1 1 1 1 2 1 1 1 2 1 2 1 0 1 2 1 1 1 0 1 1 1 2 1 2 2 2 1 0 2
0 1 1 0 2 1 1 2 2 1 1 1 2 0 0 0 1 1 0 1 2 1 2 1 0 0 1 2 1 0 2 0 1 1 1 2 1 1 2 1 1 1 1 1 2 1 1 1 2 1 0 1
1 0 1 0 1 1 1 1 1 0 0 0 2 1 2 2 1 0 2 0 1 2 2 2 1 1 1 1 1 0 1 1 0 1 2 1 2 0 1 1 1 1 0 2 2 2 1 0 2 2 1 2
1 1 0 0 2 0 2 2 1 1 2 2 2 1 0 0 0 1 1 1 2 1 1 1 0 1 1 2 1 2 2 2 1 1 0 1 0 1 1 1 2 1 2 1 1 0 1 1 0 2 0 0
2 1 1 1 1 1 1 1 1 1 1 0 1 1 1 2 0 2 2 2 1 1 1 2 1 1 0 0 0 1 1 2 0 1 0 0 2 1 0 2 2 1 1 1 2 1 1 2 0 1 2 1
1 1 2 1 2 0 1 2 1 1 1 2 1 0 1 1 1 0 0 0 2 1 0 1 1 0 1 2 2 2 1 1 0 1 0 1 1 1 1 1 1 2 0 2 0 1 0 2 1 1 0 2
1 1 0 0 0 1 1 0 1 0 1 1 0 1 0 0 0 1 2 1 1 1 1 2 2 2 1 1 1 1 0 0 1 1 1 1 0 2 1 0 1 2 0 1 0 2 1 2 2 2 0 0
0 1 2 1 1 0 1 1 0 2 1 2 1 0 0 0 0 1 1 1 1 0 1 1 0 1 1 1 1 2 1 1 1 1 2 0 1 2 1 0 1 2 1 1 1 0 1 1 0 0 1 0
0 0 0 0 1 1 1 1 0 0 1 1 1 1 1 1 1 1 0 0 2 0 2 1 1 0 0 0 0 1 1 1 0 1 0 1 0 1 1 2 1 1 2 1 1 1 2 1 1 1 2 2
1 0 2 1 2 2 1 2 2 1 2 2 0 1 1 1 1 0 2 0 2 0 0 0 1 2 2 2 1 1 1 2 1 1 1 1 0 1 2 1 1 0 1 2 2 1 0 0 1 0 1 0
2 1 1 1 2 1 0 1 1 0 1 2 1 2 2 1 2 1 2 1 1 0 2 1 1 1 1 2 1 2 1 1 0 0 2 1 1 0 1 0 1 2 0 2 0 2 2 2 2 2 2 0
1 2 1 2 2 2 1 0 2 0 2 2 1 0 1 0 0 1 2 1 1 1 0 1 2 2 1 2 2 1 0 2 1 1 2 1 1 2 2 1 2 0 1 0 1 1 0 2 1 1 0 1
0 1 1 0 0 1 0 0 0 0 0 1 0 1 2 1 2 2 2 2 1 2 1 1 2 0 0 0 2 1 0 1 0 1 1 0 1 1 1 1 0 0 1 2 2 1 2 1 1 0 2 1
2 1 1 1 2 0 1 2 1 1 1 2 0 2 0 1 1 2 0 1 0 0 1 0 1 0 2 0 2 1 0 1 2 2 0 1 1 1 0 0 1 0 0 1 0 0 1 1 0 1 1 1
0 0 2 2 1 1 1 0 1 2 0 0 0 0 1 0 1 0 1 1 1 2 2 2 2 1 1 1 2 2 0 0 0 1 1 1 1 1 1 2 1 1 1 2 1 1 1 2 2 0 0 2
1 1 2 1 2 1 1 1 1 2 2 1 1 0 0 1 0 0 0 1 1 1 0 1 1 0 2 2 2 2 1 2 1 0 2 2 1 2 1 0 0 0 2 1 1 1 0 0 0 1 1 0
1 0 1 1 0 1 1 1 0 1 0 1 1 1 1 1 1 1 1 1 1 1 1 2 2 1 1 1 1 1 2 0 1 0 2 1 2 1 1 1 1 1 1 1 1 1 2 2 1 0 2 1
0 0 1 1 1 0 0 2 0 1 2 1 2 1 1 0 0 0 0 1 2 1 2 1 1 0 2 1 0 2 2 0 2 2 1 2 2 1 2 1 1 1 1 0 0 0 1 0 1 0 1 0
1 0 0 0 0 1 1 2 1 1 1 1 0 1 2 1 2 1 1 1 1 2 1 2 2 1 2 1 0 1 0 1 0 1 1 0 1 1 2 1 2 2 1 1 1 1 0 0 1 2 2 1
2 1 2 1 1 1 1 2 0 1 0 2 0 1 0 0 0 1 0 0 1 1 1 1 1 1 1 0 1 0 2 0 1 1 2 0 0 1 0 0 2 1 0 0 0 1 1 0 0 0 1 1
0 1 2 1 0 1 1 1 0 1 1 0 0 0 2 0 1 1 1 0 1 2 1 1 2 1 1 1 1 0 0 1 1 1 1 1 0 1 1 1 2 1 1 1 2 1 1 1 1 1 2 2
1 0 2 2 1 0 2 2 1 1 0 1 1 0 2 2 1 1 0 0 1 0 2 1 0 1 2 1 2 1 1 1 1 2 2 1 1 1 2 1 2 1 1 0 1 0 2 1 0 0 0 1
0 1 1 1 0 1 1 1 2 1 0 2 0 1 2 1 2 0 1 0 2 1 2 2 2 1 0 0 1 1 1 1 1 2 0 1 1 1 1 0 1 1 1 0 1 1 1 2 1 1 1 1
2 1 1 0 1 1 1 0 0 1 1 0 1 1 0 2 0 0 1 0 0 1 1 0 1 1 1 1 1 1 2 1 1 2 2 2 2 2 1 1 1 0 2 0 0 1 1 0 0 0 1 1
1 1 1 0 1 0 1 0 1 0 2 1 1 1 0 0 1 1 1 1 1 1 1 0 1 2 0 2 1 0 1 0 1 0 0 1 1 1 1 1 2 1 1 1 0 2 1 1 0 1 0 2
14 19 18 11
21 46 67 109 136 157 170 213 247 263 367 324 333 439 497 399 457 456 462 479 513 670 578 572 577 731 659 769 990 981 919 886 1043 942 904 858 1046 895 1018 1080 1076 1086 1437 1121 1135 1406 1566 1226 1511 1250 1563 1793
