52
30
0 2 1 1 1 1 2 2 2 2 2 2 0 1 1 2 0 0 1 0 1 0 0 0 1 0 1 1 1 2 2 2 2 1 1 1 2 1 1 0 1 0 1 1 1 1 0 1 2 0 0 1
1 1 1 2 1 2 1 0 0 0 0 2 0 2 2 1 2 0 2 0 2 0 1 1 2 2 0 1 0 0 1 0 1 2 2 1 2 2 2 1 1 0 1 1 2 1 1 1 1 2 2 0
1 1 0 1 0 2 2 1 2 1 1 2 1 1 1 0 0 0 1 0 1 0 0 1 1 0 2 0 2 2 2 2 2 2 0 2 2 1 1 0 1 1 1 1 2 1 0 1 1 2 0 0
0 1 1 2 2 0 0 1 1 1 0 2 1 1 1 2 1 2 2 1 2 1 1 1 1 1 0 1 1 2 2 1 2 2 0 0 0 0 0 0 2 1 0 1 0 1 2 2 1 1 2 0
2 1 1 1 1 0 0 1 1 1 1 1 2 2 1 0 0 0 1 1 1 2 0 1 2 1 2 1 2 2 1 2 0 1 1 1 2 0 1 2 2 1 1 1 2 1 1 2 1 0 2 1
2 0 0 0 0 2 0 0 0 2 0 1 1 0 1 1 0 2 1 2 1 1 1 1 2 0 1 1 1 2 1 1 1 1 1 0 1 1 2 0 1 1 2 1 0 1 2 0 1 1 0 2
1 1 1 1 1 1 2 2 2 1 2 1 0 1 1 0 1 2 1 0 1 1 1 2 0 0 2 0 1 1 0 1 1 1 2 1 1 0 1 0 0 1 1 2 0 2 1 1 1 0 2 2
0 1 0 1 1 0 0 2 1 1 1 2 0 1 2 2 1 0 2 1 1 1 2 1 2 0 1 0 2 1 0 0 0 2 2 1 0 1 1 1 1 0 0 1 2 1 2 1 2 2 1 1
0 1 1 1 1 1 0 1 0 2 1 1 1 1 0 0 0 0 2 0 1 1 1 0 1 0 1 0 1 1 1 0 1 1 1 1 1 0 2 0 0 1 0 2 1 2 0 1 1 1 0 1
0 2 0 2 2 1 2 1 0 1 0 0 1 1 0 1 2 1 2 2 0 1 2 1 2 1 1 2 0 1 1 1 1 0 1 1 2 0 1 0 1 1 2 0 2 2 1 2 2 0 1 1
1 2 1 1 2 1 0 2 1 1 2 1 0 1 1 1 2 1 0 1 1 2 0 2 0 0 1 2 1 1 1 0 1 1 2 1 1 1 1 1 1 0 1 1 0 2 1 1 1 2 1 0
0 2 0 0 1 1 1 1 0 0 1 1 0 1 1 1 1 1 1 2 1 1 0 2 0 0 1 1 0 0 0 0 0 2 1 0 0 1 0 0 2 1 2 1 2 0 2 1 0 2 0 1
0 2 1 2 2 1 2 2 0 2 2 1 2 2 1 1 1 0 0 1 1 1 1 1 1 2 1 2 2 1 1 1 1 0 2 2 1 2 0 0 0 1 1 2 0 1 0 0 0 1 1 1
0 0 1 0 1 1 1 1 0 1 0 1 1 1 1 1 2 1 1 0 2 1 0 0 2 0 1 0 0 1 1 0 1 0 1 0 0 2 1 1 0 2 2 1 2 1 2 1 2 0 2 1
2 1 1 1 1 1 1 2 2 1 1 2 1 2 1 0 1 2 1 2 1 2 1 1 0 0 2 1 1 1 1 2 1 2 1 1 2 2 0 2 0 2 0 0 0 0 1 1 2 0 1 1
0 0 2 2 0 1 1 1 1 0 1 1 1 1 1 1 1 1 0 2 1 0 1 0 1 2 2 1 1 1 0 1 0 1 1 1 0 0 1 2 2 0 1 2 2 0 2 2 0 1 1 1
1 1 1 2 2 0 1 2 1 2 2 2 1 0 1 0 2 2 1 1 1 1 1 0 1 0 1 1 0 2 1 2 0 0 2 1 1 1 2 1 2 2 0 1 1 0 1 1 1 1 2 1
0 1 1 0 0 1 1 2 1 2 1 0 0 1 2 1 1 2 1 1 0 0 1 1 1 0 1 1 0 1 2 1 0 1 2 1 0 2 1 0 1 1 2 1 2 1 2 1 1 2 1 1
2 2 2 1 2 0 2 0 0 0 1 2 1 1 1 0 1 0 2 0 0 1 2 0 0 0 2 1 1 2 1 0 1 1 1 2 2 2 1 2 2 2 2 1 1 0 0 1 0 1 1 0
0 0 1 1 1 0 1 2 0 0 1 1 0 2 1 2 0 1 0 2 1 1 0 1 2 1 2 1 0 0 1 1 1 0 1 0 1 1 1 1 2 1 1 1 2 2 1 1 2 1 2 1
0 1 2 1 1 1 0 1 1 1 1 2 2 1 1 1 1 1 1 0 1 1 0 2 1 1 2 1 0 1 1 2 1 2 2 1 1 1 0 0 2 2 1 2 0 1 1 1 2 1 0 1
1 0 1 0 1 1 0 1 1 1 2 2 0 1 2 1 1 1 1 1 1 1 1 2 1 1 2 1 1 2 1 1 0 1 2 1 2 1 1 2 0 1 2 1 2 2 2 2 0 1 2 1
2 1 0 1 1 1 0 1 1 2 2 2 2 1 1 0 1 1 0 1 1 1 1 1 2 0 1 0 2 2 2 1 1 1 1 2 1 1 0 0 1 1 1 0 0 0 1 1 1 0 0 1
1 0 1 1 0 1 1 1 0 1 2 1 1 2 1 0 0 2 1 1 1 2 2 2 2 1 2 0 0 1 0 1 2 1 0 0 0 0 1 1 2 1 0 1 1 2 1 2 0 1 0 2
2 1 1 1 1 2 2 1 1 1 1 1 0 0 2 0 0 0 1 0 1 1 2 0 1 1 1 0 0 0 1 1 1 2 2 2 1 1 2 1 0 1 1 1 2 1 1 1 1 2 1 2
1 1 2 0 1 2 0 1 0 0 1 1 1 2 2 1 2 2 1 1 1 1 0 1 1 2 2 0 0 1 0 1 2 0 0 1 1 1 1 1 0 2 1 1 1 2 1 1 1 2 2 1
1 2 1 1 1 1 1 1 2 2 1 1 1 1 0 0 1 0 2 2 2 1 1 1 1 1 0 1 0 1 1 2 1 2 2 2 1 0 1 0 1 0 1 1 1 1 1 2 0 2 1 1
0 1 1 2 1 1 1 0 1 0 1 1 2 1 2 0 0 1 1 0 1 1 1 1 0 0 1 1 0 1 0 0 2 1 1 0 1 0 0 1 2 2 0 1 1 0 2 1 2 1 1 2
1 1 2 1 1 0 2 0 2 1 2 1 1 1 1 1 1 0 2 1 1 1 0 2 1 1 1 2 1 0 0 2 2 2 1 1 1 2 1 2 1 1 1 1 0 0 0 0 0 1 0 1
1 0 1 1 1 1 2 0 0 2 2 0 0 1 0 1 1 0 2 2 1 2 1 1 2 1 1 2 1 1 0 1 1 2 1 1 2 0 2 1 0 1 2 2 2 1 1 1 2 0 0 2
11 14 7 11
22 49 71 99 132 188 186 207 207 321 299 363 318 363 477 387 555 457 577 558 641 658 605 800 775 683 792 703 679 705 937 920 1044 878 1207 1185 1202 920 977 1225 1127 1444 1322 1311 1385 1631 1331 1613 1527 1313 1256 1385
