52
30
1 1 1 0 2 1 1 2 1 1 0 2 2 0 1 1 1 1 1 1 1 1 1 2 0 0 2 2 2 2 1 0 1 1 1 2 0 1 2 1 0 0 0 1 0 0 1 1 0 1 0 1
1 1 1 1 0 1 0 1 1 2 1 2 1 1 2 0 2 2 2 0 1 1 2 1 2 1 0 0 1 0 1 1 1 1 1 1 2 0 0 1 2 1 2 0 1 1 1 2 1 1 2 2
2 1 1 1 2 1 1 2 0 1 1 0 2 1 0 2 0 1 0 1 0 0 0 0 1 0 2 2 2 1 2 2 2 1 1 2 1 2 0 0 2 0 1 0 0 0 1 0 1 1 0 0
0 1 1 1 1 1 2 0 0 2 1 0 1 1 1 1 1 2 1 1 1 0 2 0 1 2 1 1 1 0 2 0 1 0 2 1 1 1 1 2 2 2 0 2 2 0 1 1 1 1 0 1
1 1 1 1 1 1 1 2 1 2 2 2 1 0 2 0 0 1 1 0 1 1 0 1 1 2 1 2 1 1 1 1 0 0 1 1 1 1 1 2 0 1 0 0 0 1 2 2 1 0 2 0
1 1 1 0 0 0 0 1 2 0 1 2 0 2 1 1 1 2 0 2 1 1 1 1 2 2 1 1 0 0 0 1 2 1 1 1 0 2 1 2 2 1 1 2 1 2 2 1 1 1 0 2
1 2 1 2 2 2 2 1 1 2 2 2 1 2 2 0 0 0 1 1 1 1 0 2 0 1 2 1 1 1 1 2 2 1 1 1 1 1 1 1 1 0 0 0 1 0 1 2 0 1 1 1
1 1 0 0 0 0 1 1 2 0 0 0 0 1 2 1 1 1 0 1 2 1 0 1 2 2 0 0 1 1 0 1 0 2 1 0 1 0 1 1 2 1 1 1 2 2 0 1 0 2 0 1
1 1 0 1 2 2 1 2 1 2 1 2 1 1 1 2 1 1 2 2 0 0 1 1 0 1 2 0 1 1 0 1 1 1 1 0 1 0 1 2 0 0 1 0 0 2 0 1 1 1 0 2
1 0 0 0 1 1 1 1 2 0 0 0 0 1 1 2 1 1 2 1 2 2 0 2 0 2 1 0 2 1 2 0 1 1 1 1 1 1 2 1 2 2 1 1 1 1 1 2 1 0 2 0
2 2 2 1 1 0 1 0 2 1 2 1 2 2 0 2 1 2 1 1 2 0 0 2 0 0 2 1 1 1 1 0 0 2 2 2 1 1 0 2 2 1 1 0 2 1 0 1 1 0 1 0
1 1 0 1 1 0 1 0 2 1 1 2 2 2 1 2 2 2 1 1 1 1 1 2 1 0 1 1 0 0 1 0 0 1 1 0 1 0 2 0 1 1 1 2 1 0 1 1 0 2 0 1
1 2 1 1 1 1 1 2 1 2 1 1 2 2 1 1 0 0 0 0 1 0 0 1 0 0 1 1 1 1 1 0 2 1 2 2 0 0 1 1 1 2 1 0 1 1 2 0 1 0 0 2
1 2 2 2 0 2 1 1 0 0 1 0 2 1 1 1 2 2 1 0 2 2 2 1 2 2 1 1 2 1 1 1 0 1 1 2 0 1 1 1 1 2 2 1 1 0 1 0 2 0 2 0
1 0 2 1 1 2 1 1 2 0 1 2 1 0 1 1 0 1 1 2 2 0 1 2 2 1 1 2 2 1 0 2 0 0 1 0 2 2 1 0 0 1 0 0 1 1 0 0 1 0 1 0
1 0 1 1 2 2 1 1 0 1 1 2 2 2 1 1 2 1 1 0 1 1 1 1 1 1 2 1 1 1 0 0 0 1 1 1 0 1 0 1 2 1 1 0 1 1 0 2 1 2 0 2
1 2 1 1 2 1 1 1 1 0 1 2 1 0 1 1 2 2 1 1 0 0 0 1 1 1 1 2 2 0 1 2 2 1 1 1 2 2 1 2 0 1 1 1 0 0 1 1 0 1 1 1
0 2 0 1 1 0 0 1 0 1 2 0 2 1 1 1 2 2 0 2 1 2 1 2 0 2 2 1 0 2 1 0 1 0 1 1 2 1 1 1 1 0 1 1 2 1 0 0 2 1 1 1
1 2 2 1 2 1 2 2 1 2 1 1 2 1 1 0 1 1 0 1 1 0 2 1 0 1 2 2 2 1 1 1 1 1 0 1 1 2 1 0 1 0 0 1 1 2 1 1 0 0 0 0
1 1 1 0 1 0 0 1 1 1 1 1 1 2 1 1 2 2 1 1 0 1 2 1 1 2 2 1 1 1 2 1 1 1 2 1 0 1 1 2 1 1 0 1 2 1 1 1 2 2 1 1
1 1 2 0 1 1 1 2 0 1 1 2 2 1 1 1 1 0 1 1 2 0 2 2 1 1 1 2 1 2 1 1 2 1 2 1 0 2 1 0 1 0 2 0 2 0 1 1 0 2 0 1
1 2 1 1 1 1 1 0 0 1 1 0 0 0 2 0 0 0 1 2 1 2 1 2 1 0 0 1 1 0 0 0 1 1 0 2 2 1 1 1 0 2 1 0 2 2 2 1 2 2 1 1
0 1 2 1 1 1 1 2 0 1 2 0 2 1 2 0 1 0 2 1 1 1 1 0 2 0 2 2 0 1 2 1 1 1 1 2 1 0 1 1 1 1 1 1 1 1 0 2 1 0 1 1
1 2 1 1 2 0 1 0 1 0 1 0 0 1 2 2 1 1 2 2 0 2 1 2 2 2 1 1 0 2 1 2 1 1 1 1 0 0 0 1 1 1 1 1 2 0 2 1 2 0 0 1
0 2 2 1 2 1 1 2 2 0 2 2 1 0 1 1 0 0 0 0 2 0 2 1 0 0 1 0 1 1 2 2 1 1 1 1 2 2 1 0 0 1 0 2 0 2 2 2 1 0 0 0
0 0 1 1 2 1 1 1 0 1 0 0 1 1 1 0 2 1 2 1 1 1 1 2 2 2 1 1 1 2 1 1 1 0 1 1 1 0 0 2 1 2 2 2 1 0 2 2 1 1 1 2
1 2 2 1 1 2 1 1 2 2 0 0 1 0 0 1 1 1 1 1 1 1 0 1 0 0 1 1 2 1 0 2 2 2 1 2 1 1 2 0 0 1 1 0 1 1 1 1 1 0 2 1
1 1 1 1 0 0 0 1 1 1 0 1 0 0 2 1 1 2 0 0 2 2 1 2 2 2 0 1 0 0 1 1 1 1 2 0 2 1 1 2 1 2 1 2 1 2 1 1 1 2 1 1
1 1 1 2 1 2 0 1 1 1 1 1 1 1 0 0 2 1 1 2 1 1 0 1 1 1 1 1 1 1 0 2 0 2 2 1 1 1 1 0 0 0 1 2 0 0 0 2 0 1 1 1
1 1 2 1 1 0 1 1 0 0 2 1 1 1 2 0 1 1 1 1 1 1 1 2 1 1 2 1 1 1 1 1 1 1 1 1 0 1 1 1 2 2 2 2 1 2 1 1 1 1 1 1
17 12 22 17
23 53 91 111 172 177 201 212 227 351 380 391 332 419 507 433 465 534 476 540 693 766 601 650 778 806 683 1006 755 1062 805 805 1164 1191 1048 1040 1165 1260 1219 1305 1206 1270 1438 1537 1416 1337 1363 1238 1479 1565 1818 1416
