52
30
1 2 1 2 1 2 1 0 1 2 2 1 1 1 2 1 0 1 0 1 1 1 0 0 1 1 2 1 2 1 1 1 0 1 1 2 1 2 2 1 0 1 2 1 1 0 1 0 0 2 0 1
0 2 1 1 1 0 0 1 0 1 2 1 1 1 1 2 1 2 1 1 2 1 0 2 1 2 0 1 1 2 1 1 1 0 0 1 2 2 0 1 2 2 2 1 1 1 2 2 1 2 0 1
0 1 0 2 1 1 2 2 2 1 2 1 0 1 1 1 2 1 1 1 0 1 1 1 1 1 1 0 2 2 2 1 2 1 1 2 2 1 1 2 1 0 1 1 0 0 2 2 0 0 2 1
2 1 2 1 0 1 0 0 0 1 0 1 1 1 2 2 1 1 1 1 1 2 1 0 1 1 1 0 1 0 2 1 1 0 1 1 0 2 0 2 0 2 1 0 1 0 1 0 1 1 1 2
0 1 1 2 2 1 2 1 2 2 1 1 0 0 1 0 1 1 1 0 1 0 1 1 0 0 0 1 1 1 0 0 1 2 1 2 0 1 2 0 1 2 1 2 0 1 1 0 1 1 1 0
1 0 0 0 1 1 0 0 0 0 0 0 1 2 1 2 0 1 1 1 1 1 1 2 2 2 0 1 1 1 0 0 1 1 1 1 0 0 1 2 0 2 2 1 1 1 1 0 1 2 1 0
1 1 1 1 1 1 1 0 1 1 1 1 0 2 1 0 0 1 1 0 0 1 1 1 0 0 1 1 1 2 1 1 0 0 2 2 1 2 0 2 0 1 1 0 0 1 0 1 1 0 1 1
1 1 1 1 1 1 0 0 1 2 2 1 0 1 2 0 2 1 1 1 2 1 0 2 2 1 1 1 2 2 2 1 1 2 0 1 2 0 2 2 2 0 2 1 1 0 0 2 2 1 1 2
1 1 1 1 1 2 1 2 1 2 1 1 2 1 0 0 0 1 1 1 0 1 2 1 1 1 2 1 1 1 1 0 0 1 2 2 0 1 2 1 0 0 0 2 0 1 0 0 0 0 1 1
0 1 1 1 0 1 0 1 1 1 1 1 1 1 1 0 2 1 1 0 1 2 1 2 1 1 2 0 2 1 2 1 0 2 0 0 1 2 1 1 2 1 1 2 2 1 1 1 1 1 1 2
1 1 1 1 1 1 1 1 2 1 0 1 1 1 0 1 0 0 0 1 2 1 0 1 1 1 1 0 1 1 1 0 1 1 2 1 1 2 1 1 0 1 1 0 0 0 0 1 0 0 1 1
1 1 1 0 1 1 1 0 1 2 1 1 0 1 1 0 2 2 2 1 0 1 2 1 0 0 1 1 1 1 2 1 1 2 0 1 1 1 0 1 2 2 2 0 1 0 2 0 0 2 1 1
0 1 0 2 2 1 1 1 1 1 1 2 1 2 0 0 0 1 1 0 0 0 1 1 0 0 2 0 0 2 1 2 0 1 1 2 0 1 1 2 0 0 2 1 0 2 2 1 0 1 1 1
1 1 2 1 2 1 1 0 2 0 1 2 1 2 2 2 1 1 1 1 1 1 1 0 2 1 2 1 1 0 1 2 1 0 0 2 0 1 0 2 2 1 0 1 2 2 1 1 1 0 2 2
1 2 2 1 0 1 0 1 1 1 1 2 1 2 0 0 1 1 0 1 2 1 0 0 0 1 1 1 0 1 2 1 2 2 1 0 1 2 1 0 1 0 2 2 1 1 0 1 1 1 0 2
0 2 0 1 1 1 1 1 1 0 1 1 2 1 1 2 2 0 0 2 2 1 0 2 1 0 0 2 1 1 0 1 1 1 0 1 1 0 0 1 0 0 1 2 2 1 1 1 2 0 2 1
2 1 2 1 1 1 1 1 2 1 1 2 1 1 1 0 0 0 0 0 1 1 1 1 0 0 2 2 2 1 2 2 1 0 2 2 2 2 1 1 1 1 0 1 1 0 1 1 1 1 1 0
1 1 1 0 1 0 1 0 1 1 1 1 1 1 1 2 1 2 2 0 2 1 1 2 1 2 0 0 1 2 1 1 1 2 1 0 0 1 0 0 0 1 1 0 2 1 0 1 2 2 1 2
2 1 1 2 2 1 2 1 1 1 1 2 1 0 0 1 1 0 0 1 1 0 1 0 1 1 0 1 1 2 1 1 1 1 1 0 2 1 1 0 1 1 1 0 0 0 1 2 1 0 1 1
1 1 2 0 1 2 1 0 1 0 1 0 0 1 1 2 1 1 1 2 2 2 1 1 2 2 0 1 0 0 1 0 1 1 2 1 0 0 0 0 1 1 1 2 0 1 0 1 0 0 1 0
2 2 0 1 1 1 1 2 2 1 0 2 1 1 2 2 1 1 2 0 0 2 2 1 0 2 2 1 2 2 1 1 0 2 2 1 1 1 1 1 1 2 2 1 1 1 1 0 1 1 1 1
2 1 0 1 1 1 0 1 1 1 0 2 0 1 2 1 1 1 1 0 1 1 2 1 0 1 0 1 1 2 0 2 1 0 1 0 1 2 1 1 1 2 1 1 2 1 0 0 0 0 1 0
2 1 1 1 0 2 1 1 2 2 2 2 0 1 1 2 0 0 0 2 2 1 0 0 1 0 2 2 1 0 1 2 2 1 0 1 2 2 2 1 0 1 1 1 1 1 0 0 2 0 1 1
1 0 0 0 1 1 1 0 1 1 2 1 1 1 1 0 2 1 1 1 0 1 1 2 2 1 0 2 1 1 0 0 0 0 0 0 0 0 2 2 1 1 2 1 2 1 1 1 1 0 2 1
1 2 2 0 2 1 1 1 1 1 0 2 0 2 1 1 2 0 1 1 1 1 0 2 2 2 0 1 0 1 1 1 0 2 1 0 1 1 1 0 0 0 1 1 0 2 1 1 0 0 0 0
0 1 1 0 1 0 0 0 0 2 1 1 1 0 1 1 2 0 2 2 1 1 0 1 1 1 0 0 0 0 2 1 1 1 1 1 0 0 1 2 2 0 1 1 2 0 1 0 1 1 2 0
1 2 0 0 1 1 0 1 1 2 1 1 1 0 0 2 1 1 2 1 0 2 1 0 0 2 2 2 2 2 2 1 1 2 2 2 0 2 2 1 1 0 2 1 0 1 0 1 1 0 1 1
0 0 0 1 1 0 0 2 0 1 1 1 1 0 1 2 1 2 1 1 0 2 0 2 2 1 0 0 1 0 0 1 0 1 2 0 0 0 1 1 2 1 2 1 0 1 1 2 1 2 2 1
1 0 1 2 2 0 1 1 1 0 0 2 2 1 1 1 1 0 1 0 1 1 0 1 0 1 1 0 2 2 1 2 0 2 2 2 2 2 2 0 2 1 0 1 1 1 1 1 1 1 1 0
1 1 1 0 0 1 0 0 1 1 1 0 1 2 2 1 2 1 0 1 1 1 1 2 2 1 2 0 1 1 1 1 1 2 2 1 0 0 0 1 0 0 2 0 2 1 2 2 1 2 1 1
14 14 12 11
22 72 83 98 146 186 183 244 262 312 372 355 325 363 418 434 513 547 466 549 520 525 755 809 854 688 701 844 854 930 824 985 1112 890 1001 1210 950 1228 978 1276 1122 1160 1424 1155 1536 1362 1424 1327 1383 1273 1761 1660
