52
30
1 1 1 2 2 1 0 1 1 1 2 0 1 1 2 1 0 1 0 1 1 0 0 0 2 0 1 1 1 1 1 2 1 2 2 2 0 1 2 1 1 0 2 1 1 1 2 1 0 1 0 2
0 1 1 1 0 1 1 1 0 0 1 0 1 1 2 2 2 2 0 1 2 2 2 0 0 1 0 0 0 1 1 1 0 0 2 0 1 2 2 1 1 1 0 2 1 1 1 0 1 2 1 2
2 2 2 1 0 0 2 0 1 2 2 2 1 1 1 0 0 1 0 1 2 1 1 1 0 1 2 1 1 2 2 1 1 1 1 2 2 0 1 1 2 0 0 0 2 1 0 1 0 0 2 1
1 0 1 0 0 1 0 0 0 2 0 1 1 1 1 1 2 1 0 0 1 1 1 1 2 0 1 0 1 1 2 1 1 1 1 0 1 1 1 0 1 0 2 1 0 1 1 2 1 2 1 1
2 1 0 0 1 1 1 1 2 2 1 2 1 2 1 1 1 1 0 1 1 1 1 0 0 0 0 0 0 1 2 1 1 2 1 1 1 2 1 0 0 2 1 2 2 1 1 0 0 1 1 1
0 1 1 1 1 0 0 2 1 1 0 1 1 2 1 1 1 2 2 1 2 0 0 1 0 0 1 1 1 2 0 1 0 1 1 0 1 1 0 1 1 1 0 1 1 1 1 1 1 2 1 0
2 1 1 2 0 2 1 0 2 2 1 1 1 1 0 2 1 0 1 2 2 0 0 1 1 1 1 1 1 2 1 2 1 1 1 1 0 1 2 2 1 1 1 1 1 1 1 1 0 0 0 0
0 0 1 0 1 1 1 0 0 0 0 2 1 2 0 2 1 2 1 0 2 1 2 2 1 1 1 0 1 1 0 0 1 1 0 1 0 0 2 1 2 1 1 1 2 2 2 2 2 1 1 1
1 0 1 1 1 0 1 1 0 1 1 2 1 1 0 2 2 1 0 1 1 1 1 1 1 1 1 1 1 0 1 2 1 2 1 2 1 1 1 0 2 0 2 0 2 1 1 0 1 1 0 0
2 1 2 0 1 1 0 0 1 0 1 0 1 1 0 2 1 1 2 1 1 1 1 1 1 1 0 1 1 1 0 0 1 1 1 1 2 1 0 1 0 2 1 1 1 1 2 0 2 1 1 1
1 0 1 2 2 2 1 1 0 2 1 1 2 0 1 1 1 1 1 1 2 1 0 1 1 0 1 2 1 1 1 2 2 1 1 2 2 1 1 1 2 0 0 0 1 1 2 1 1 1 1 0
1 0 0 2 1 1 2 0 1 1 0 1 2 1 2 1 1 1 0 1 1 2 1 1 1 2 1 2 0 0 1 0 0 1 1 0 2 0 2 1 1 0 2 1 1 2 2 1 2 0 1 1
1 1 0 2 2 1 1 1 2 2 0 0 1 1 1 1 1 0 0 1 1 0 1 0 1 0 1 1 2 2 1 0 2 2 1 1 1 1 0 1 0 0 1 1 0 1 2 0 0 2 0 0
0 1 1 1 0 2 1 1 0 0 2 1 1 1 1 1 2 1 1 2 2 1 1 2 0 1 1 0 0 0 2 2 0 1 0 1 0 1 1 0 1 2 0 2 0 1 1 1 1 1 1 1
2 1 0 2 2 1 1 1 1 1 1 2 2 0 1 1 1 1 1 0 0 1 2 1 0 1 1 1 0 1 1 1 0 2 2 1 2 2 1 0 1 0 0 1 1 0 2 2 0 2 0 1
1 1 0 0 0 1 1 1 1 1 1 1 0 2 2 1 1 1 0 1 0 1 1 1 2 0 1 1 0 1 1 1 0 1 0 2 1 1 1 1 1 2 2 1 1 1 1 2 2 0 0 1
2 1 2 1 1 1 1 2 1 1 1 2 1 0 1 1 1 1 0 0 1 1 1 2 2 1 1 2 2 2 1 0 0 2 1 1 2 0 1 1 1 0 1 0 1 1 0 1 1 1 1 2
2 0 2 0 2 1 0 1 1 0 1 0 1 0 2 1 1 1 1 1 1 1 2 1 2 1 0 1 0 1 1 1 1 0 0 0 1 1 1 1 1 2 1 1 2 1 1 0 1 2 1 1
1 1 1 0 1 1 1 2 0 0 1 1 2 1 2 1 0 1 1 0 0 0 0 1 1 1 2 2 2 1 2 2 1 1 1 1 1 2 1 0 1 1 1 1 0 0 0 0 2 0 1 1
1 0 0 1 1 0 0 0 1 1 0 1 0 2 2 2 1 0 1 2 2 1 1 1 1 2 2 0 0 0 2 0 1 1 1 1 1 0 2 1 1 2 1 1 0 2 2 0 1 1 2 2
2 1 2 2 1 1 0 2 2 0 0 2 0 0 1 1 0 0 1 2 1 2 1 1 2 1 2 1 1 0 2 1 0 2 2 1 0 1 2 1 2 0 1 0 0 1 1 0 2 1 2 2
0 0 1 1 1 1 1 1 0 2 0 1 1 1 1 1 2 1 1 1 1 1 1 1 1 0 0 1 1 0 0 1 1 0 1 2 0 0 0 2 0 2 0 2 1 2 1 1 0 2 1 0
1 2 1 0 1 1 2 2 1 0 2 0 1 1 1 1 1 0 1 0 0 1 1 0 0 1 1 2 1 2 2 2 1 1 1 0 1 1 2 1 1 1 1 0 0 1 1 0 0 0 1 0
0 0 0 2 0 0 1 2 0 1 1 0 1 2 0 1 0 1 1 1 2 1 1 0 2 2 1 1 2 1 1 2 1 0 0 1 1 0 2 2 1 1 1 2 2 1 1 2 0 1 2 1
1 1 0 1 2 0 1 2 2 1 2 1 2 2 2 0 2 1 0 0 1 1 0 0 1 1 0 1 2 1 1 2 2 2 0 0 2 1 2 1 1 0 1 1 1 2 1 0 0 1 0 1
0 1 2 0 0 0 0 1 1 0 1 0 0 1 1 0 1 1 1 1 1 1 1 2 1 2 1 0 1 1 1 0 1 1 1 1 1 2 2 1 2 1 1 2 1 1 1 1 1 1 2 1
2 0 2 1 1 1 1 2 1 2 2 2 0 1 0 2 1 1 1 1 1 0 2 0 2 0 1 1 2 1 0 1 1 2 1 2 0 1 1 2 1 0 1 1 1 0 0 0 1 2 1 0
1 1 2 1 0 2 0 1 1 0 1 1 1 1 1 1 1 2 0 2 2 1 2 1 0 2 1 2 1 0 1 1 1 1 1 1 1 1 0 2 1 1 1 0 1 2 0 1 2 1 0 2
1 2 1 2 2 0 2 2 1 2 1 1 1 0 0 0 1 1 1 2 0 1 1 1 0 2 2 0 1 1 1 2 0 2 2 1 2 0 1 1 0 1 0 0 0 1 0 1 1 1 1 1
1 1 1 2 1 2 1 1 1 2 1 1 0 1 2 1 2 1 1 2 1 1 1 1 1 1 0 2 0 2 0 2 0 1 0 1 1 1 2 1 2 1 1 1 2 2 1 1 1 1 1 2
16 15 18 14
26 64 73 127 142 150 193 189 252 301 269 361 349 477 369 499 549 464 598 640 617 649 795 714 792 809 756 789 962 911 996 1117 1085 1008 1050 1240 919 1164 1156 1373 1142 1329 1320 1156 1314 1542 1273 1239 1566 1582 1510 1416
