52
30
1 0 0 2 2 1 0 1 1 1 2 1 1 1 1 0 0 1 2 2 1 2 0 0 1 1 2 2 1 1 2 0 1 1 2 1 1 1 1 0 0 2 1 0 1 0 1 0 1 1 1 1
2 1 0 1 1 1 0 0 1 0 0 0 0 1 0 0 0 1 1 2 1 1 0 0 1 1 0 2 1 1 2 0 0 0 1 2 0 0 0 1 1 1 1 1 2 1 0 1 2 2 0 2
0 1 1 0 0 1 1 2 2 1 2 1 1 0 0 1 1 1 1 0 1 1 1 0 1 0 1 1 1 0 1 0 0 1 1 1 1 2 2 1 1 1 2 0 1 0 1 1 1 1 1 2
1 1 2 1 2 1 1 0 1 1 1 2 1 1 1 1 1 2 2 1 2 0 1 2 1 2 2 0 1 2 2 0 1 0 1 1 0 2 1 1 1 2 1 1 2 2 1 1 2 1 1 1
1 2 2 1 2 1 2 0 1 2 2 0 1 1 0 0 0 2 1 1 1 1 0 1 0 1 1 1 1 1 1 2 0 2 1 2 0 1 1 1 0 0 1 1 1 0 1 1 1 1 0 1
0 0 0 1 0 1 1 0 1 2 0 1 1 2 1 1 1 1 2 1 1 1 1 1 2 2 0 0 1 1 0 1 0 2 1 1 0 1 0 1 2 0 0 1 1 1 1 0 2 2 1 0
2 1 1 1 2 2 2 0 1 0 1 2 1 1 1 0 1 1 0 2 2 1 1 1 0 0 2 2 1 1 2 1 2 0 1 2 1 0 2 1 1 0 1 0 2 1 1 0 1 1 0 0
1 0 2 2 0 2 1 1 1 0 1 1 1 2 2 1 1 1 2 1 2 0 1 0 1 1 1 0 1 0 0 1 0 0 1 0 1 1 1 1 1 1 2 1 1 1 2 1 1 2 2 2
2 1 1 1 2 1 2 2 1 2 1 1 1 1 1 0 2 2 0 1 1 1 1 0 1 0 0 1 1 1 1 0 2 2 1 2 1 2 2 2 0 1 2 0 1 2 1 1 0 0 1 2
0 1 1 1 1 0 1 0 1 0 2 1 1 2 2 1 0 0 2 1 1 2 1 2 1 1 1 1 1 1 1 1 0 0 1 1 1 2 1 1 0 0 1 0 0 1 1 1 2 1 1 1
2 2 2 0 2 1 2 2 1 1 1 1 2 2 1 0 1 0 0 1 0 0 0 2 1 2 2 2 0 1 2 2 1 1 2 2 1 0 2 1 0 1 1 0 0 0 0 1 1 0 1 1
1 1 0 1 1 1 1 0 1 1 1 0 1 1 0 0 2 2 2 2 1 2 2 0 1 2 1 1 0 2 1 1 0 2 2 1 1 2 1 1 1 1 2 2 1 1 1 1 0 2 0 2
1 1 1 2 2 2 2 1 0 1 2 1 1 0 0 0 2 1 1 1 2 0 0 1 2 0 1 1 2 1 0 1 1 2 1 2 2 2 1 1 1 0 0 2 0 1 0 1 1 0 1 1
2 0 0 0 1 0 1 1 1 1 0 1 1 2 2 1 0 2 1 2 1 1 2 1 2 2 1 1 0 0 0 0 2 1 2 2 2 0 1 2 1 0 1 2 1 0 2 1 1 1 2 1
1 2 1 2 1 1 2 1 1 1 2 2 2 2 1 1 1 1 0 0 1 1 0 1 1 1 2 2 0 2 1 1 2 2 2 2 2 2 2 2 2 1 1 2 1 0 2 0 1 1 1 1
0 1 2 2 0 2 0 1 1 1 1 1 0 2 0 2 1 0 2 1 1 2 1 1 1 0 0 1 0 2 0 2 1 2 0 1 1 1 0 2 0 0 1 1 1 0 2 2 0 1 0 2
1 2 1 1 2 1 2 0 1 1 1 1 1 1 0 2 2 0 2 1 1 0 1 0 1 1 2 2 0 1 1 1 1 1 1 2 2 1 1 0 1 1 0 1 1 0 1 2 2 1 2 0
1 1 0 0 0 0 1 0 1 2 1 0 1 1 1 2 1 1 1 2 1 1 1 1 2 1 0 0 0 0 0 1 1 0 1 0 1 2 1 2 1 1 1 2 1 1 2 0 1 2 1 1
2 1 1 2 1 2 2 0 2 1 0 1 1 0 0 1 1 2 0 1 0 1 0 1 0 0 1 0 0 1 1 1 1 1 2 2 2 2 2 1 1 2 2 0 0 0 0 0 1 0 0 0
2 1 1 1 1 1 0 2 0 2 1 1 1 1 1 2 1 2 1 1 1 2 2 1 1 1 1 0 0 2 1 0 2 1 0 0 2 1 2 1 0 1 1 1 0 1 1 2 2 1 2 1
2 1 2 1 1 0 2 2 1 2 1 1 2 1 1 2 1 0 1 2 0 2 1 0 1 0 2 2 1 1 1 1 2 2 1 2 2 2 2 1 1 0 0 0 2 2 0 2 1 1 0 1
0 0 0 1 1 1 0 2 2 1 1 0 1 2 2 1 1 2 1 2 1 2 1 2 1 1 2 0 2 0 0 1 1 2 1 1 1 2 1 0 1 1 1 1 2 0 0 2 0 2 1 1
1 1 2 0 2 0 2 1 0 2 2 1 1 0 0 1 1 1 1 1 0 0 1 1 1 2 0 1 1 1 1 2 1 2 2 0 1 1 0 0 1 2 1 1 1 2 1 1 1 1 1 0
2 1 1 1 1 0 1 1 2 1 0 1 1 1 1 2 0 0 2 2 1 1 1 1 2 2 0 1 1 0 1 1 1 0 0 1 0 0 1 1 2 0 1 1 2 1 0 1 0 0 1 1
0 1 2 2 1 1 1 2 2 1 1 0 1 2 2 0 1 1 0 0 0 0 2 2 1 1 1 2 2 2 1 1 2 0 1 0 2 1 2 1 1 0 0 0 0 1 1 1 1 0 1 1
0 0 1 0 2 0 0 0 1 1 1 1 0 1 0 1 2 1 1 2 2 2 0 0 0 1 0 0 2 0 1 0 1 1 0 1 1 0 1 2 2 1 1 1 1 2 2 0 1 1 2 0
1 1 2 0 0 1 1 2 1 1 2 0 2 0 2 1 0 0 1 1 1 0 1 1 2 1 2 2 1 1 2 2 2 0 1 2 2 1 0 1 0 0 1 1 1 0 0 0 0 1 0 2
1 0 0 2 2 2 0 1 1 0 0 0 1 1 0 2 2 0 0 1 1 2 0 1 0 1 1 1 0 0 0 1 2 2 1 1 1 0 0 0 1 2 1 1 1 1 2 2 2 2 2 1
1 1 0 2 1 1 1 2 1 1 1 1 1 0 1 1 2 0 0 1 0 2 0 1 0 0 0 2 2 1 1 0 1 1 1 0 1 1 1 1 2 2 1 0 1 1 0 1 2 2 0 0
0 1 1 0 1 0 1 1 1 0 0 2 0 1 0 1 1 2 1 1 2 2 1 1 2 2 2 2 2 1 1 1 1 1 2 2 0 0 1 2 2 2 2 2 2 1 1 1 1 0 2 2
16 10 13 23
32 48 85 139 177 182 175 279 266 303 377 343 340 483 407 429 423 588 487 708 659 674 830 780 893 642 734 768 794 731 764 1054 1097 1091 1067 1089 1166 1341 1299 986 1333 1170 1476 1370 1130 1326 1628 1469 1316 1274 1522 1459
