52
30
1 2 1 0 1 2 2 2 1 1 2 2 1 1 0 1 1 1 2 1 0 2 0 1 2 1 2 0 0 1 2 2 1 2 1 0 2 0 2 1 0 1 0 0 0 0 1 1 0 0 2 0
1 0 0 1 1 1 1 1 1 1 2 0 0 2 1 1 1 1 1 1 2 0 1 2 1 2 1 2 2 1 0 1 1 1 0 0 0 1 1 2 2 1 1 1 2 2 1 1 1 1 2 2
0 1 1 1 1 1 2 0 1 1 2 2 2 0 1 0 1 1 0 1 0 0 1 1 0 2 2 1 1 1 1 1 1 2 0 1 0 0 1 1 1 1 2 1 1 0 0 1 0 1 0 1
1 0 1 1 1 0 2 0 2 1 1 0 0 0 1 0 1 2 1 1 1 1 1 1 1 1 1 1 0 1 2 0 0 0 0 1 1 0 1 0 0 2 2 1 2 2 1 1 1 1 1 1
2 1 2 2 1 2 0 1 2 2 1 2 1 1 0 2 2 0 1 1 0 1 2 1 1 2 2 2 1 2 2 2 1 1 1 1 1 1 0 1 2 1 1 2 1 1 1 1 1 1 0 0
1 1 0 2 0 1 1 2 1 2 1 0 1 2 2 1 0 1 2 1 2 1 0 1 1 2 0 0 0 1 0 0 0 1 0 2 1 1 1 1 1 1 2 1 1 1 0 1 1 0 1 2
2 0 1 2 2 1 0 1 2 1 1 1 1 0 1 0 1 1 1 1 0 2 0 1 2 1 1 1 1 1 0 2 0 2 2 1 0 2 1 2 1 0 0 2 1 2 2 0 1 0 0 1
0 1 1 0 1 1 1 1 1 1 1 2 1 1 1 2 1 2 0 2 0 2 1 2 1 1 1 0 0 0 1 0 2 2 1 2 0 1 1 1 1 0 1 2 1 1 0 1 1 1 1 1
2 1 2 1 1 2 1 2 1 2 1 2 2 0 0 0 1 2 0 0 2 0 2 2 0 1 0 0 1 1 1 2 0 0 0 2 0 0 1 2 2 2 0 1 2 0 1 1 2 1 1 1
1 2 0 1 2 0 0 1 2 0 1 1 0 2 2 1 1 2 2 2 0 2 2 1 2 1 1 1 1 1 0 1 1 0 1 0 0 1 1 1 1 0 1 1 1 2 2 0 1 1 2 1
1 2 1 2 1 1 1 2 1 2 1 1 1 0 1 1 2 1 0 0 1 1 0 1 1 0 1 0 1 2 1 2 2 1 1 0 1 2 2 0 1 1 2 2 0 2 1 1 1 1 1 0
0 1 0 2 0 1 1 0 0 1 0 0 1 0 2 2 0 1 1 2 1 1 2 1 1 0 0 0 2 1 2 0 0 1 0 1 0 0 0 0 1 2 0 1 0 1 0 1 1 2 2 0
2 1 2 1 1 0 0 1 2 1 1 2 1 1 2 2 1 0 0 0 1 0 0 0 1 0 1 2 1 2 1 0 1 2 2 1 2 0 2 1 1 1 1 1 0 1 1 0 1 0 1 1
0 1 1 2 1 0 1 0 0 2 2 1 2 2 2 2 1 2 1 1 1 1 1 1 1 1 0 1 0 0 0 0 0 0 0 1 1 1 1 1 1 2 2 1 1 0 1 2 1 0 1 1
0 0 1 1 1 1 2 1 2 1 2 1 2 1 1 1 1 0 1 1 1 1 1 1 1 0 2 2 0 1 2 2 2 0 0 1 2 2 2 2 1 1 1 2 1 1 1 0 0 1 1 0
0 0 1 2 1 1 2 1 1 1 0 1 0 0 1 2 1 2 2 1 1 1 1 2 2 1 2 1 1 1 1 1 0 0 1 1 1 0 0 0 2 1 2 2 1 1 0 1 1 1 1 1
2 0 1 2 0 2 1 2 1 2 0 0 1 1 1 1 1 1 1 0 0 0 1 1 1 1 0 1 0 1 2 0 2 2 0 1 1 1 1 0 0 0 0 1 1 1 0 1 0 0 1 2
0 0 1 0 1 2 1 1 1 2 0 0 0 2 1 1 2 1 1 1 1 1 0 1 1 1 1 0 1 0 0 0 2 0 1 1 1 1 1 2 0 2 1 1 0 1 1 2 1 2 2 1
1 1 1 2 2 1 0 2 1 2 2 2 0 1 0 0 0 1 0 1 1 2 0 1 0 1 1 1 2 2 1 1 1 2 2 0 1 1 1 1 1 2 1 1 0 0 1 2 0 2 1 1
2 1 0 1 1 1 1 1 1 1 2 2 1 1 2 1 1 1 1 0 1 1 2 2 2 2 1 1 1 0 2 1 2 1 1 1 0 1 1 1 1 1 1 1 0 1 2 1 2 2 2 2
2 1 1 2 1 1 1 2 2 2 2 1 1 1 1 1 0 1 1 1 2 0 0 1 0 1 2 1 2 1 1 0 1 1 2 1 2 2 2 2 0 1 0 1 1 0 1 1 2 0 0 1
2 2 0 1 0 1 1 0 0 0 0 0 1 1 0 2 2 0 2 1 2 1 1 1 1 1 1 1 0 1 0 2 1 0 1 1 2 2 1 1 1 1 1 1 1 2 1 2 0 1 1 1
2 1 1 0 1 0 2 1 2 2 1 1 0 1 0 1 1 1 2 2 1 1 0 1 2 2 1 0 2 2 1 2 1 1 0 0 2 1 1 0 0 0 0 1 1 1 1 0 1 1 1 2
1 2 0 0 2 0 1 1 2 0 1 1 2 0 2 1 2 1 0 2 0 0 1 1 2 1 2 1 1 1 2 0 1 1 1 1 0 2 2 2 2 1 1 0 1 1 1 1 0 2 2 1
0 0 2 0 1 1 1 2 1 1 1 2 1 1 1 0 0 0 1 1 0 1 0 0 0 1 0 2 1 1 1 1 0 1 2 1 1 1 1 1 1 2 1 1 0 2 0 1 0 2 0 1
1 1 0 2 1 2 1 1 1 0 0 1 0 1 1 1 0 1 0 2 1 0 0 0 2 2 2 2 0 1 1 1 1 1 0 1 1 1 2 2 1 0 1 1 1 2 2 0 1 0 2 1
1 1 1 2 2 1 1 2 2 0 2 0 1 2 0 1 0 1 0 0 1 1 1 2 0 1 2 0 1 0 1 2 1 0 2 2 2 1 1 1 0 1 0 0 1 2 0 0 0 0 1 0
2 1 1 2 1 2 0 1 0 0 1 2 0 2 2 1 1 1 1 1 2 2 2 2 0 1 0 1 1 0 0 0 2 0 2 1 1 1 1 2 2 0 2 1 2 2 1 1 2 0 2 2
0 1 1 2 2 1 0 2 2 2 1 0 1 0 1 1 1 0 1 1 0 1 0 2 0 1 1 2 0 1 2 1 1 0 2 1 0 1 1 1 1 1 0 0 0 1 2 1 0 1 1 2
1 0 0 1 0 0 1 0 1 1 1 0 1 0 1 2 2 1 1 0 1 2 2 1 2 2 1 1 0 0 0 2 0 1 2 1 0 0 0 2 1 0 1 1 0 2 1 2 1 2 1 0
17 14 14 17
30 53 85 109 162 206 211 241 243 343 349 435 396 512 420 570 622 645 673 552 669 639 628 688 773 727 855 976 902 959 1007 1146 865 1096 858 1230 1202 1146 1032 1165 1333 1473 1324 1218 1392 1384 1453 1600 1559 1554 1695 1540
