52
30
2 2 1 2 1 0 1 1 1 1 0 2 1 1 0 0 1 2 0 1 2 1 1 0 1 2 0 2 1 2 1 1 1 2 1 1 1 1 0 1 0 0 1 0 2 0 1 0 0 2 0 0
0 0 1 1 0 2 1 2 0 1 1 1 1 1 0 2 1 2 1 1 2 2 1 1 1 1 1 1 0 1 1 0 2 2 0 1 0 1 2 1 0 0 0 2 1 0 1 2 1 1 2 1
1 1 2 2 1 1 1 0 2 0 0 2 1 0 0 0 2 1 0 0 2 0 0 1 1 1 0 1 2 1 1 1 1 2 1 2 1 1 2 2 0 0 1 1 1 0 0 1 1 2 0 1
0 0 1 1 0 2 0 1 0 1 0 1 1 2 1 2 2 2 2 2 1 1 2 2 2 0 1 1 2 1 0 0 1 2 0 1 1 0 1 2 1 2 1 2 1 2 2 1 1 2 1 2
2 0 1 1 2 2 1 1 2 2 2 2 1 1 1 0 1 2 1 1 1 1 2 2 0 1 2 1 2 1 2 2 2 0 0 2 2 2 2 1 1 1 0 1 2 0 2 0 2 0 1 2
1 0 1 0 0 1 0 0 0 1 1 1 0 0 1 0 1 1 2 0 2 1 1 1 1 1 1 2 0 0 2 1 0 1 0 0 2 2 1 2 1 0 2 0 2 0 1 0 1 0 2 1
2 2 1 2 2 2 2 1 1 2 2 2 1 0 2 2 0 1 0 1 1 2 1 1 0 1 2 1 1 0 2 1 1 2 0 1 2 1 1 1 1 1 2 0 1 2 1 2 2 2 1 1
2 2 1 1 1 1 1 1 1 2 0 1 0 0 2 1 2 2 0 1 1 1 2 1 1 2 0 1 1 1 1 2 1 1 2 1 1 1 1 2 1 0 1 2 1 2 2 1 2 0 2 2
2 1 2 2 1 0 2 1 1 0 2 2 0 0 1 2 0 1 1 1 0 1 1 0 0 1 2 1 1 2 2 2 2 1 2 2 1 1 1 2 1 1 1 0 0 2 0 0 2 1 1 0
2 0 2 0 1 2 2 1 1 0 1 1 0 2 2 1 2 2 2 1 1 2 2 1 1 1 1 0 2 1 0 1 1 0 1 1 1 1 0 1 1 0 2 1 2 2 1 0 1 2 2 1
2 1 0 1 2 1 1 1 1 1 1 1 1 1 1 0 0 1 1 1 1 0 1 2 0 0 2 1 1 1 2 1 1 1 2 0 0 2 1 2 2 1 1 1 1 2 1 0 0 2 1 1
2 1 0 1 1 2 0 1 1 1 0 0 1 0 2 1 0 1 1 1 1 1 1 1 0 1 1 0 1 0 1 1 1 1 1 2 1 0 1 1 2 1 2 2 1 1 0 2 0 1 1 1
1 0 2 1 1 1 2 2 1 2 1 1 1 0 0 0 2 1 1 0 1 0 1 0 0 1 0 1 1 2 2 1 1 1 2 2 0 0 2 0 1 1 1 1 1 0 1 0 0 1 1 1
0 0 0 1 0 1 2 1 2 2 0 1 0 1 2 2 0 2 1 1 1 0 2 2 2 1 1 1 2 0 2 1 2 0 1 2 0 2 0 2 2 2 1 1 2 1 0 2 2 1 0 2
1 0 2 1 1 1 1 1 2 1 1 0 2 1 1 1 2 0 2 1 0 1 0 0 1 1 1 1 2 1 1 1 2 1 2 1 1 2 2 1 1 0 2 0 1 1 1 0 1 1 0 0
1 0 0 1 1 0 1 0 0 2 2 1 2 2 2 1 1 1 2 2 2 1 1 2 1 1 1 2 0 1 1 0 0 1 1 1 0 1 0 2 2 2 1 1 0 0 2 1 1 1 1 0
0 2 2 0 0 0 2 1 1 2 2 2 1 0 0 1 1 1 0 1 0 2 0 0 1 0 2 1 1 1 1 1 2 1 1 2 1 1 1 1 2 0 0 0 0 0 1 0 1 0 2 1
0 0 1 0 2 2 1 0 2 1 2 1 1 2 1 0 1 1 1 0 2 1 1 2 1 2 0 0 0 0 1 2 0 1 2 0 2 2 1 1 2 1 1 1 0 1 1 2 1 2 2 1
1 2 1 1 1 1 2 1 1 0 2 1 1 2 1 1 1 0 1 2 1 2 1 1 1 0 0 2 1 2 1 2 1 1 2 1 1 1 1 2 2 0 0 0 0 0 0 0 0 2 0 1
1 0 2 0 1 0 1 1 0 1 1 1 0 0 1 2 1 0 1 1 2 1 1 2 2 2 1 1 1 2 1 1 0 1 1 1 1 2 1 1 2 2 2 2 2 1 2 1 1 0 2 1
2 2 1 0 1 2 2 0 2 2 1 2 1 2 0 1 1 2 1 0 1 2 0 2 1 1 2 1 1 0 1 1 2 1 2 1 1 1 0 2 2 2 0 1 2 0 0 2 1 0 1 1
0 0 0 1 1 1 0 1 0 0 1 1 0 1 0 0 2 1 1 1 0 2 1 1 1 0 2 0 0 1 1 0 0 2 0 0 1 0 1 1 2 1 2 2 1 0 2 2 1 2 2 2
1 1 1 0 2 1 2 1 2 2 0 1 0 1 1 0 1 2 2 1 0 2 0 1 0 2 1 1 2 2 0 1 1 1 1 1 1 1 2 1 0 1 1 2 0 1 1 1 0 0 2 0
1 1 1 1 0 0 1 1 1 0 2 0 2 1 1 2 2 1 2 2 1 1 2 1 2 2 1 2 0 0 1 0 1 1 2 1 1 2 1 2 1 0 1 1 2 2 1 2 1 2 1 1
1 2 0 1 2 0 1 0 0 1 1 2 2 1 1 1 0 0 2 2 1 0 0 1 0 1 2 2 1 1 2 1 1 1 0 2 1 2 2 1 1 1 0 1 1 0 1 1 0 1 1 0
1 1 0 0 0 0 1 2 2 1 2 1 0 1 2 0 0 1 1 2 2 0 1 1 1 1 0 1 1 1 2 0 0 1 1 0 0 0 1 1 2 2 2 1 1 1 1 2 1 1 1 2
1 1 0 2 1 0 1 1 1 2 2 2 1 0 1 2 2 0 2 0 0 0 1 1 0 1 1 1 0 2 2 1 0 2 1 2 1 1 1 2 0 2 1 0 0 1 1 0 2 1 0 1
1 0 0 1 1 1 1 0 2 2 1 1 0 2 2 1 2 2 1 1 2 2 2 1 1 1 2 0 1 1 1 1 0 1 1 1 1 1 1 0 0 2 2 1 2 2 1 1 1 1 1 1
1 1 1 0 1 2 0 0 2 1 1 2 2 1 0 1 0 2 1 0 0 2 0 0 1 0 1 2 1 2 1 2 2 2 1 1 1 2 2 2 0 0 1 2 1 2 2 1 2 1 1 2
1 1 0 0 1 0 1 1 1 2 1 1 0 1 1 1 2 2 1 0 2 1 2 1 0 2 2 1 2 1 1 2 1 0 1 1 0 1 1 0 1 0 1 2 0 2 1 2 2 2 0 0
17 21 9 9
26 65 99 97 127 167 237 189 213 283 286 323 371 385 521 401 523 595 597 688 574 674 681 641 787 845 960 777 841 772 1060 1052 848 1193 991 1125 1292 1075 1400 1421 1421 1301 1303 1325 1673 1661 1239 1604 1786 1394 1777 1606
