52
30
0 2 1 1 1 1 2 0 2 1 0 1 1 2 1 1 1 1 1 1 1 1 0 1 2 1 2 2 1 1 1 1 1 1 2 1 1 1 2 0 1 0 1 1 0 0 1 2 0 2 1 2
1 1 1 1 1 1 1 1 1 0 1 0 0 1 2 1 1 1 1 1 1 1 1 2 2 0 1 0 0 1 1 1 1 1 1 2 1 1 1 1 1 1 0 1 1 1 1 0 2 1 1 1
2 0 1 1 1 2 1 1 1 1 2 2 2 1 0 2 1 1 2 1 1 1 0 0 2 1 1 2 1 0 1 1 1 1 1 0 1 1 1 0 0 1 0 0 0 0 1 1 0 1 1 1
1 1 1 2 0 0 1 1 1 0 1 2 1 1 1 1 1 1 0 0 0 2 1 2 2 1 1 1 1 2 0 1 1 1 0 0 1 1 2 1 2 2 1 1 1 0 1 1 1 2 1 1
2 1 1 1 1 2 2 1 1 1 2 2 1 0 0 1 1 0 2 1 1 0 0 1 1 1 1 0 1 0 0 0 0 2 1 0 2 2 2 0 2 1 1 2 1 0 0 1 1 1 1 0
1 2 0 2 0 0 2 0 0 2 0 0 1 2 0 1 1 1 2 2 2 2 2 1 1 1 2 1 2 0 1 1 1 2 1 1 1 2 0 1 2 1 2 2 2 0 0 2 2 1 1 1
1 2 2 2 2 2 1 0 2 1 1 0 2 0 1 1 0 1 1 0 2 1 2 0 1 1 1 1 1 2 1 1 1 1 2 1 2 1 2 1 0 1 1 1 1 1 2 0 2 0 2 1
0 0 1 1 1 1 0 1 1 1 0 0 2 0 1 2 2 1 1 2 2 2 1 1 0 1 1 1 1 1 1 1 1 1 0 2 1 0 1 1 1 1 1 1 0 0 2 2 0 0 0 1
1 0 2 0 2 1 2 1 0 1 2 2 1 0 1 1 0 1 1 2 2 0 0 1 1 1 1 2 2 1 1 2 2 1 2 2 1 2 1 1 1 0 0 0 1 1 1 1 0 2 2 0
1 1 1 0 0 1 0 1 1 1 2 2 1 2 1 2 2 2 1 1 2 2 0 0 2 2 2 0 1 2 0 1 1 0 1 1 0 0 1 0 2 1 1 2 0 2 1 1 1 1 2 1
1 1 1 1 1 0 1 0 2 1 2 2 2 1 2 2 2 0 1 1 2 1 1 1 0 1 0 1 2 0 0 2 1 1 1 2 2 1 2 2 1 2 0 1 2 0 0 1 2 0 2 0
2 0 0 1 2 0 0 1 0 2 1 0 1 1 2 2 1 1 0 0 2 0 1 1 1 2 2 0 1 1 1 1 1 1 1 1 1 2 0 1 1 2 0 1 1 2 1 0 1 2 0 1
1 2 1 2 0 2 1 2 1 0 0 0 0 1 1 0 1 0 1 0 0 1 2 1 1 1 1 2 2 1 1 0 0 1 0 2 1 2 1 0 1 1 1 1 0 0 1 2 1 1 1 1
1 0 1 1 2 1 1 0 1 0 2 0 0 2 1 1 1 0 2 2 1 1 1 1 2 0 1 2 1 1 1 1 2 2 0 0 0 2 0 2 2 0 1 2 1 1 2 2 1 1 2 1
1 1 1 1 1 0 1 2 2 1 2 2 2 1 0 1 1 0 0 1 2 0 0 1 0 1 2 1 2 2 2 0 1 0 1 0 2 2 2 1 0 1 1 0 1 2 1 1 1 2 2 1
1 1 1 0 0 2 0 0 2 1 2 0 1 0 1 2 2 1 0 2 1 1 1 1 0 2 1 1 1 0 2 1 1 2 2 2 1 0 0 1 1 2 2 0 1 2 1 0 0 2 1 1
2 0 2 2 1 1 2 1 0 1 1 2 1 2 0 2 1 1 0 2 2 1 1 0 1 0 1 0 0 2 0 1 1 1 2 1 2 1 1 0 1 0 1 1 0 0 1 1 1 0 2 1
0 1 1 1 1 0 0 1 0 1 0 1 1 2 1 1 2 2 2 1 1 2 0 1 1 2 0 1 0 1 2 1 0 0 0 0 1 1 2 1 1 0 1 2 1 1 2 1 2 1 1 1
1 1 1 1 2 2 2 0 2 2 1 1 1 1 1 1 0 1 0 1 2 1 1 1 0 1 2 1 1 2 1 1 2 1 1 2 2 2 0 2 1 0 2 0 1 0 0 1 2 0 1 0
0 0 0 0 1 1 1 1 1 2 1 1 0 1 1 0 1 1 1 2 1 2 2 1 2 1 0 1 1 1 1 1 0 0 0 0 1 0 1 0 1 0 1 1 2 1 2 1 1 0 1 1
2 2 2 2 2 0 2 2 2 2 1 0 2 1 1 2 1 1 0 0 0 0 0 0 0 2 0 2 1 2 1 0 2 2 0 1 0 2 2 1 0 1 2 1 1 0 0 1 0 0 0 0
1 1 1 1 2 2 1 1 0 0 1 0 1 1 0 1 0 1 2 1 1 2 1 1 1 1 1 1 0 1 0 0 1 0 1 2 1 1 1 0 1 2 0 1 1 2 2 1 2 2 1 1
1 1 2 1 2 1 1 2 0 2 1 0 2 1 1 0 0 0 0 2 0 1 2 1 1 0 1 2 1 0 0 1 1 1 0 2 1 2 1 1 1 1 2 2 0 1 1 0 2 1 1 2
1 0 0 1 1 0 1 1 2 0 0 0 0 1 0 1 1 1 2 2 2 1 1 1 1 2 0 1 1 0 1 0 0 0 1 1 1 1 0 0 1 0 1 2 1 2 1 2 2 0 1 0
1 2 2 2 1 2 0 1 1 2 0 2 2 2 1 0 1 1 0 0 1 1 1 0 1 1 1 1 1 1 1 1 1 1 1 0 1 1 2 0 1 0 1 0 1 0 0 2 0 1 1 0
1 2 2 1 1 0 0 1 1 2 2 1 1 1 0 0 2 0 1 1 1 0 1 2 0 1 1 2 1 1 0 1 1 2 1 0 1 0 1 0 2 0 1 1 2 2 2 2 2 1 1 1
2 1 0 1 2 2 1 2 1 2 0 2 1 1 1 0 0 2 0 1 0 1 1 1 1 0 2 1 1 2 2 2 0 0 1 1 2 2 1 1 0 0 1 1 0 1 1 1 0 1 1 0
2 2 1 1 1 1 1 1 1 1 0 1 1 1 2 1 0 1 1 2 1 0 1 2 0 2 0 0 1 1 1 1 0 0 2 1 0 0 1 1 2 2 1 1 1 1 0 1 2 1 0 2
1 1 2 1 2 1 1 1 0 2 1 2 0 1 1 0 0 2 0 0 1 1 0 1 1 1 1 2 2 2 2 2 1 2 2 1 2 2 2 0 1 1 0 1 1 1 1 0 2 2 0 0
2 2 2 0 1 1 1 0 1 1 1 1 0 1 2 2 1 0 1 2 1 2 2 2 1 2 1 1 1 1 0 1 1 1 0 1 0 1 2 2 0 2 2 2 2 1 1 2 1 1 2 2
15 11 18 18
39 78 114 133 175 165 217 267 248 344 358 418 372 504 488 553 627 524 684 566 682 615 575 769 716 945 704 821 1006 870 928 867 872 1025 1191 1136 1250 1166 1188 1124 1287 1085 1528 1559 1351 1432 1618 1559 1285 1475 1441 1864
