52
30
2 2 1 1 2 1 2 2 1 0 1 0 1 1 0 1 0 1 0 1 1 2 1 2 1 0 1 0 2 1 2 1 1 1 1 2 0 2 1 1 1 2 1 0 1 2 1 1 2 1 0 2
1 0 0 2 1 0 0 1 1 0 0 1 1 1 2 2 1 1 1 1 2 2 2 2 1 1 1 1 1 0 1 0 1 1 2 2 1 0 1 1 1 2 1 1 0 1 2 1 1 1 2 1
1 0 0 1 1 0 1 0 2 2 1 1 2 1 1 2 0 0 1 1 0 1 1 0 1 0 2 2 2 2 1 1 1 1 0 1 2 2 1 1 1 2 1 2 1 1 2 2 0 1 1 1
0 0 0 0 1 1 0 1 0 1 0 0 2 0 1 0 2 1 1 1 2 1 2 1 0 2 1 1 1 0 1 0 2 1 1 2 0 2 2 1 2 2 1 0 2 0 2 2 1 1 1 1
2 2 1 1 2 1 1 1 1 2 1 1 2 0 2 2 0 2 1 1 1 0 0 1 1 0 2 0 1 0 1 0 0 1 1 2 1 1 1 1 0 1 0 1 0 1 0 0 1 0 1 1
0 1 1 1 1 1 0 1 1 1 2 0 0 2 1 2 1 2 2 0 0 1 1 2 0 1 0 2 2 0 2 2 0 2 0 0 0 0 2 1 2 1 2 1 1 1 2 2 2 1 2 1
1 1 1 1 2 1 0 1 1 2 1 0 1 0 1 1 2 0 1 1 1 0 2 1 1 2 0 2 2 2 0 0 1 1 1 2 1 2 1 0 0 0 1 1 2 1 1 2 2 1 1 1
1 0 1 1 0 1 1 1 2 1 0 1 0 2 1 1 2 2 1 2 0 1 2 2 1 1 1 1 1 1 0 1 0 0 2 2 0 1 2 1 1 1 1 2 0 0 0 0 2 1 1 1
2 1 0 1 2 0 0 0 1 2 2 1 2 1 1 0 1 1 0 1 1 0 1 1 2 1 2 2 2 1 1 1 1 1 1 2 0 2 2 0 1 1 0 2 2 1 2 1 1 1 2 0
1 0 0 2 1 0 2 1 1 2 1 2 1 0 2 1 1 2 1 1 2 0 1 1 1 2 1 2 1 0 1 1 0 0 0 0 1 2 0 1 2 0 2 0 1 2 1 1 1 0 0 1
2 1 1 2 1 1 2 1 2 2 2 2 2 1 0 1 0 1 0 1 1 1 1 0 0 1 1 1 2 0 2 0 2 1 1 0 1 2 1 0 0 1 0 1 1 0 0 0 1 1 2 0
0 1 0 0 1 0 0 1 1 1 1 1 1 2 2 2 0 1 1 1 2 2 2 1 2 1 0 2 0 1 0 1 1 1 0 1 0 0 0 2 1 0 1 1 1 1 1 2 2 2 1 1
1 0 0 2 0 2 1 1 0 0 2 1 2 0 1 0 2 1 0 1 0 0 1 0 2 2 1 2 0 1 1 1 1 1 2 1 1 1 1 1 0 0 1 1 2 0 1 1 1 1 1 0
0 2 1 1 0 1 1 1 0 0 0 1 2 1 1 0 1 1 2 1 0 2 1 2 1 2 2 0 1 0 1 1 0 0 0 2 0 1 1 1 1 1 1 2 1 2 1 2 2 1 1 1
1 1 1 1 2 1 2 1 1 1 1 1 2 0 0 0 1 0 0 2 0 0 0 2 1 1 1 1 1 1 1 2 1 0 1 1 1 2 1 0 1 1 1 0 1 1 0 1 0 0 1 1
1 2 1 0 1 0 1 0 1 0 0 1 2 2 1 0 1 2 2 1 1 1 1 1 1 2 0 0 0 1 1 0 1 0 1 0 0 1 0 2 1 1 1 2 2 0 2 0 1 1 1 1
1 1 2 0 2 1 0 2 2 1 2 0 1 1 1 1 2 1 2 1 1 0 2 0 1 1 2 2 1 1 2 1 2 1 2 0 1 1 1 2 0 0 0 0 1 2 1 0 0 2 2 0
1 1 2 1 0 0 0 1 2 1 2 0 1 1 1 0 2 1 1 1 1 2 2 2 1 1 1 0 0 0 2 0 1 1 1 1 0 1 2 0 1 1 1 1 1 1 1 1 2 1 1 1
1 2 0 1 1 1 2 1 2 1 2 2 2 1 0 0 1 0 1 2 1 2 1 0 1 0 1 2 1 2 1 0 0 2 1 0 0 1 1 1 0 1 1 1 1 1 0 2 1 1 1 0
0 0 1 0 1 1 0 0 2 1 1 0 1 1 2 1 0 1 2 2 1 1 1 1 1 1 1 1 2 2 2 1 1 1 1 0 1 1 0 2 0 1 2 1 0 2 1 2 1 1 0 2
2 1 1 2 2 2 2 0 1 2 1 2 1 0 0 2 0 1 0 0 1 0 0 0 0 0 2 0 1 1 1 1 2 1 2 2 1 1 1 1 0 0 0 0 1 1 1 0 2 1 1 0
1 1 0 1 2 1 0 2 1 1 1 0 1 1 2 2 0 1 1 1 1 2 1 1 0 2 1 1 0 1 1 0 2 1 1 0 1 2 0 2 1 2 2 1 1 1 1 2 1 1 2 2
0 2 1 0 0 1 1 0 2 0 0 1 1 1 1 1 2 0 1 1 1 1 2 1 1 1 2 1 0 0 2 1 2 1 1 2 2 0 2 2 0 0 0 1 1 0 0 2 0 1 1 1
2 1 1 2 0 0 0 0 0 1 1 1 1 1 1 1 2 2 0 1 0 1 0 1 1 2 1 1 1 1 1 1 0 1 0 2 0 0 1 2 1 1 2 1 1 1 1 1 1 1 1 0
0 1 2 0 1 1 1 1 0 2 0 1 1 0 1 0 0 0 1 0 0 1 1 0 0 0 1 1 1 2 1 1 2 1 2 2 1 2 0 0 1 0 1 1 1 1 1 1 1 1 2 0
0 1 0 1 0 0 1 0 2 1 2 2 1 0 1 2 2 0 1 1 0 2 1 2 1 1 1 0 1 1 0 1 2 1 1 0 1 0 0 1 2 2 2 2 0 2 1 1 2 1 0 2
1 1 1 2 0 1 1 1 2 2 1 1 2 1 1 0 2 2 2 1 1 0 2 1 2 1 2 2 1 1 2 1 2 0 0 1 2 2 0 2 2 1 1 0 1 0 1 0 1 1 0 2
1 1 0 2 2 1 1 1 0 1 0 0 0 1 1 2 1 1 1 1 2 1 2 1 0 0 1 0 1 1 0 1 1 0 1 1 0 1 1 2 2 1 1 1 1 2 0 1 2 1 2 2
0 1 1 1 2 0 1 2 2 1 1 1 0 0 1 1 1 1 1 1 0 0 0 1 0 2 1 1 1 1 2 1 2 2 1 1 1 0 1 1 0 0 2 1 1 1 0 1 0 1 1 0
0 1 0 1 1 2 1 1 0 1 1 0 1 1 2 1 1 2 1 1 0 2 2 2 2 2 1 1 0 1 0 0 1 2 2 1 1 1 0 1 2 1 1 1 1 0 2 1 2 1 1 1
14 7 13 7
26 55 60 93 123 134 210 200 293 335 249 402 331 410 406 466 548 545 517 541 485 551 604 657 671 734 856 787 733 996 819 804 1039 1021 949 1177 1151 1092 1016 1352 1031 993 1054 1424 1418 1135 1215 1262 1376 1401 1335 1691
