52
30
1 0 2 2 1 2 0 2 2 0 1 1 1 2 0 1 1 0 0 1 0 1 0 1 1 0 1 1 0 2 1 0 2 1 1 1 1 0 2 1 1 1 0 0 2 1 0 1 1 0 1 2
1 1 1 1 0 1 1 0 1 0 1 1 0 0 0 1 1 0 2 2 1 2 2 1 1 2 1 0 1 0 1 1 1 1 0 1 0 1 0 2 0 1 1 1 1 2 1 1 2 1 1 1
1 1 1 0 1 0 1 2 1 1 1 1 2 0 2 0 1 0 1 1 0 0 2 1 0 1 0 1 1 0 1 1 1 1 0 1 1 1 1 0 0 1 0 1 1 1 1 1 2 1 1 0
1 1 0 1 0 1 1 1 2 1 1 1 0 2 0 1 0 2 2 2 1 1 2 1 1 0 2 1 2 0 1 0 0 0 0 0 1 0 1 2 1 1 2 1 1 0 2 1 2 2 1 1
1 2 2 1 1 1 2 1 2 2 1 2 1 1 1 0 0 1 1 0 0 1 1 0 0 1 1 2 1 1 1 0 1 1 2 2 1 1 0 0 1 1 1 1 0 0 1 1 1 2 1 1
2 1 2 1 0 1 1 0 0 1 1 0 1 2 2 1 1 2 2 0 1 2 1 1 1 2 1 1 0 1 1 1 1 2 0 1 0 0 0 2 2 2 2 2 2 1 1 1 2 2 2 2
1 1 1 2 1 1 1 1 0 2 1 2 1 1 2 1 1 1 1 0 1 2 2 0 1 2 2 1 2 1 2 1 1 0 1 0 2 1 2 1 0 0 1 1 2 1 0 0 1 2 0 0
1 1 1 0 1 1 0 1 0 1 1 0 1 0 1 0 1 2 1 1 2 1 2 0 2 2 1 0 2 0 1 0 1 0 1 1 0 0 1 2 0 1 1 1 2 1 1 2 1 0 1 2
2 1 1 2 2 2 1 1 1 0 2 2 1 1 1 1 1 0 1 0 1 0 1 1 1 0 1 2 2 1 2 0 2 1 1 1 1 1 2 2 2 0 1 1 1 0 1 1 0 2 0 0
1 1 2 1 1 1 0 0 0 1 1 0 0 1 2 2 1 1 1 0 1 0 1 1 1 1 0 1 1 1 1 2 0 0 1 2 0 0 1 2 2 1 2 1 2 1 2 0 1 2 2 1
0 1 2 2 1 1 0 1 0 2 1 1 0 1 2 1 2 0 1 1 0 1 1 1 2 0 0 2 1 1 1 2 1 0 0 1 0 2 0 2 2 0 2 0 2 2 0 2 1 1 1 0
2 1 1 1 1 1 0 1 1 0 1 0 1 1 1 1 2 0 0 1 0 0 1 1 1 1 1 2 0 1 1 0 1 0 1 0 0 1 1 2 1 1 2 2 1 2 1 1 1 1 0 1
1 0 1 0 1 2 1 1 2 2 1 1 2 0 0 0 1 2 1 1 2 0 0 1 0 1 1 1 1 2 1 0 1 1 2 1 0 2 1 0 2 0 1 1 0 0 0 1 1 1 1 1
1 0 1 1 1 0 1 0 0 0 0 1 1 1 0 1 1 1 1 2 1 0 2 2 0 1 1 1 1 0 0 2 1 1 0 0 0 1 0 1 2 1 1 2 1 1 2 2 0 2 2 2
1 2 2 2 1 0 1 1 0 1 1 2 1 0 1 0 1 1 0 1 1 1 2 1 1 2 2 1 0 1 1 2 0 1 0 0 2 1 0 1 2 2 1 1 0 2 2 1 1 1 2 0
1 0 0 0 1 2 1 1 1 1 2 2 1 1 2 1 1 1 2 2 1 1 0 2 2 2 0 1 0 0 0 1 1 1 1 1 1 1 2 0 2 1 1 2 1 2 0 0 1 2 0 1
2 1 2 2 2 1 2 2 2 2 1 1 2 0 0 0 0 0 1 1 2 2 1 1 0 0 2 2 1 2 1 2 1 0 1 2 1 0 2 0 1 0 1 1 0 2 1 0 1 2 1 2
1 1 1 1 1 1 1 1 0 1 1 0 1 1 1 2 0 2 0 1 1 2 1 1 1 1 1 1 0 0 0 1 0 0 1 1 1 0 1 1 1 1 2 2 0 0 2 2 1 0 2 1
2 1 1 1 1 1 0 0 1 1 1 0 2 1 1 1 1 2 0 1 1 1 0 0 1 1 0 1 1 1 1 2 2 2 2 1 0 2 1 2 1 1 2 2 1 0 1 1 0 0 1 0
2 0 2 1 0 1 1 1 0 0 0 0 1 1 2 2 2 0 0 1 2 2 2 1 2 2 1 1 2 0 1 0 0 1 0 0 1 1 1 1 1 0 2 0 1 0 0 1 2 1 1 0
1 1 1 1 2 2 0 2 1 2 2 1 1 2 1 1 2 1 0 2 2 2 1 1 1 1 2 1 2 1 0 1 1 1 1 2 1 0 1 1 2 1 0 1 1 0 0 1 0 0 0 1
0 1 1 2 1 0 0 1 0 1 1 1 1 2 1 1 1 1 2 1 1 1 1 1 1 1 2 1 0 1 0 0 1 0 1 1 0 0 1 1 1 1 0 0 0 2 2 1 1 1 2 2
2 0 1 0 2 1 2 1 1 1 1 1 1 2 1 1 1 0 2 1 2 0 0 2 0 1 2 2 2 2 1 1 0 1 1 0 2 2 1 0 1 2 1 1 1 2 1 1 0 0 2 0
1 1 1 0 2 2 0 1 1 2 2 1 0 0 1 0 1 1 2 1 1 0 1 1 2 2 2 0 0 1 0 0 1 1 1 0 0 0 1 2 2 1 2 1 1 2 1 2 2 2 2 1
2 1 1 1 2 2 1 2 1 2 1 1 0 1 0 0 0 1 0 0 1 2 1 1 1 1 2 1 1 1 2 2 1 1 0 2 1 2 1 0 2 0 0 0 1 1 1 1 0 1 0 1
2 1 0 1 1 2 0 1 1 1 1 0 0 2 2 1 2 2 1 2 0 2 2 1 2 1 1 1 1 0 2 1 1 1 1 1 0 1 0 2 1 2 2 1 1 1 1 1 0 2 1 0
2 2 2 0 0 1 2 2 2 0 1 1 2 1 1 1 1 2 2 1 1 0 1 2 1 1 0 1 2 2 2 1 1 1 0 1 2 2 2 0 2 0 0 0 1 0 2 1 1 1 1 1
1 1 1 2 2 1 0 1 0 2 0 0 1 2 2 1 1 0 2 1 1 2 2 2 1 1 0 1 0 0 0 2 1 0 0 0 2 1 1 2 0 0 2 1 2 2 2 2 2 2 0 0
1 0 1 0 0 2 1 1 2 2 1 2 2 2 1 2 1 0 0 1 1 1 0 0 1 1 0 0 0 0 2 2 0 2 2 0 1 2 2 1 2 1 0 0 2 1 1 1 1 2 0 2
1 1 1 0 1 0 0 1 1 1 1 2 1 1 1 1 0 1 1 1 1 1 0 2 1 1 1 1 0 0 0 1 1 1 1 2 0 0 2 2 1 1 2 2 0 2 2 0 2 2 1 1
17 17 24 17
43 58 98 111 148 194 218 230 288 340 311 384 394 438 404 471 456 622 560 693 532 760 668 793 842 932 686 825 1003 748 1093 1047 868 821 1227 1020 985 1051 993 1079 1427 999 1331 1397 1082 1179 1119 1307 1508 1269 1574 1612
