52
30
2 2 1 2 0 2 1 0 0 0 0 2 2 1 1 0 0 0 1 1 0 1 0 0 0 0 1 1 2 0 1 1 2 2 0 2 2 2 1 2 0 2 0 1 1 0 1 1 0 1 1 1
2 0 1 2 2 0 1 1 0 1 0 1 0 0 1 1 1 1 0 2 1 1 1 1 2 1 1 0 0 1 1 0 1 1 1 1 1 1 0 1 2 2 2 2 1 0 1 1 2 1 1 2
1 1 2 0 1 1 0 1 1 1 1 0 1 0 2 2 1 2 1 0 1 2 1 1 0 2 2 1 1 1 1 1 1 2 1 0 2 1 1 1 1 1 2 2 1 0 1 0 1 1 1 1
1 0 0 1 0 2 1 0 0 1 2 1 1 1 0 2 0 1 2 1 0 2 2 2 1 2 2 1 1 1 0 1 1 1 1 2 0 1 0 2 1 1 1 1 1 1 1 2 1 1 2 1
1 1 0 1 1 2 2 0 1 1 1 1 1 0 0 0 1 1 1 1 0 0 1 2 2 1 2 2 0 1 2 0 1 2 0 2 2 2 1 1 1 2 1 1 1 1 0 2 1 1 2 1
0 1 1 1 0 2 0 1 1 0 0 1 2 0 2 2 2 0 2 1 2 1 2 2 2 2 2 0 1 1 0 0 1 1 2 0 1 0 0 2 2 2 1 2 1 1 1 1 1 0 2 1
2 1 2 1 2 1 1 0 2 2 0 1 1 2 0 1 1 1 0 0 1 0 1 1 1 0 1 2 2 1 2 0 1 2 1 1 1 2 1 2 0 1 2 0 0 1 2 0 1 0 0 0
1 1 1 1 0 1 1 0 0 0 0 0 1 1 0 2 1 1 2 1 0 1 2 1 2 1 0 1 2 1 1 0 1 0 1 0 1 1 0 1 1 2 2 1 0 2 1 1 2 2 1 1
2 2 1 2 1 1 1 1 1 1 1 1 0 0 1 1 2 0 1 1 1 1 1 0 1 0 2 2 2 2 1 1 1 1 2 2 2 0 0 2 2 2 0 2 1 2 1 0 0 0 1 1
1 2 2 0 0 1 0 0 1 2 2 2 0 1 1 1 2 1 0 2 1 1 2 1 0 2 1 2 2 1 2 1 0 0 1 1 0 1 0 2 2 2 2 0 1 0 1 1 1 2 1 1
1 2 0 1 1 1 1 0 1 2 2 2 2 0 0 0 1 1 1 1 0 1 0 0 0 1 1 1 2 1 1 1 1 2 1 1 2 1 0 1 0 1 2 1 1 1 0 1 1 1 1 1
1 1 1 1 2 1 2 1 2 0 1 1 0 2 1 1 0 1 2 2 2 2 2 2 1 1 1 0 2 0 1 2 0 1 1 2 1 0 2 0 1 0 2 2 1 1 1 2 1 0 0 2
2 0 1 2 1 1 1 1 1 2 1 2 1 1 0 0 1 0 0 1 0 1 1 0 0 0 1 1 2 0 1 1 2 1 2 1 1 1 0 2 2 2 1 1 2 1 1 1 1 1 0 1
2 2 2 1 0 0 1 1 2 1 0 1 1 2 1 1 1 2 2 0 2 1 1 2 1 1 1 1 1 1 1 2 0 1 1 0 0 2 2 0 0 1 1 1 0 0 1 0 0 1 2 1
2 1 1 2 1 1 0 0 2 1 2 1 1 0 0 1 1 1 0 1 1 0 2 0 1 1 0 2 2 1 2 2 1 1 1 1 2 2 0 2 2 0 1 1 2 1 0 1 1 0 1 1
1 0 0 0 0 0 0 2 1 1 1 0 2 1 1 1 2 0 0 2 1 2 0 0 1 1 1 0 0 0 1 1 1 1 1 2 1 0 1 1 0 1 1 1 2 2 1 1 1 1 2 1
2 1 1 0 1 1 1 0 1 2 2 0 1 1 0 1 2 0 0 2 1 1 0 0 1 1 1 1 1 1 1 0 0 2 1 1 1 1 1 0 2 0 0 0 0 2 0 1 0 2 2 1
0 0 0 0 1 1 0 2 0 1 1 0 1 2 1 1 1 2 2 1 0 1 2 1 1 2 1 1 2 0 0 0 1 1 1 1 1 2 1 1 1 0 0 0 1 2 1 1 1 1 1 1
1 1 1 1 1 1 1 1 1 1 1 1 1 1 0 1 1 1 2 2 0 1 1 0 1 0 1 1 1 2 0 1 2 1 1 1 1 1 2 1 1 2 0 0 0 1 0 1 0 0 1 1
0 1 2 1 2 2 1 1 2 1 1 0 0 1 1 1 1 2 2 2 1 0 1 1 2 1 0 1 1 1 1 2 1 2 0 0 2 0 1 2 1 1 1 2 2 0 1 2 1 2 2 1
2 1 2 0 2 1 1 2 1 2 2 1 1 1 0 0 0 1 1 1 0 0 0 0 0 0 2 2 2 0 1 1 1 0 2 2 1 1 2 1 0 0 0 1 0 1 1 1 0 2 1 0
0 0 1 0 1 0 0 1 2 0 0 0 0 2 1 1 2 1 2 0 2 1 2 1 2 2 1 1 0 2 2 0 2 0 0 1 0 1 0 0 0 1 1 1 0 1 2 1 1 0 0 2
2 1 0 1 1 1 1 0 1 2 2 0 2 0 0 2 1 1 0 2 0 1 1 0 1 0 1 0 1 2 1 2 2 2 1 1 1 2 1 2 0 2 1 0 1 1 0 0 0 1 0 1
1 1 1 1 0 0 1 0 1 1 1 1 1 1 2 2 2 0 2 1 1 2 2 2 1 0 1 1 1 1 0 0 1 1 0 0 2 1 2 0 0 2 1 0 1 0 2 0 2 1 1 1
0 1 0 1 1 1 1 1 1 1 1 2 2 1 0 0 1 0 1 0 2 1 1 0 0 1 0 0 0 2 2 1 2 1 1 2 1 1 2 1 2 0 1 1 0 2 0 1 0 1 2 2
1 2 2 0 1 0 1 1 1 2 0 1 1 0 1 1 0 0 1 1 2 2 0 2 2 2 1 1 2 1 2 1 1 1 2 1 1 1 1 2 2 0 1 1 2 2 2 1 1 0 2 1
2 1 1 0 1 1 2 1 1 1 1 2 2 0 2 0 2 2 2 0 1 1 0 0 1 1 0 2 1 2 0 1 2 1 2 2 1 1 0 0 1 0 0 0 0 0 0 0 0 2 1 0
0 0 0 0 1 1 1 1 1 1 2 0 1 2 2 2 1 1 0 1 0 1 1 1 1 1 1 0 0 1 1 1 1 2 0 0 1 1 0 1 1 2 1 0 1 1 1 0 1 0 1 2
2 1 1 0 1 1 0 2 2 0 1 2 2 1 0 1 1 1 1 1 2 0 2 2 0 0 2 1 2 1 1 1 2 2 1 1 0 1 1 1 1 1 0 1 0 2 1 1 1 0 1 1
1 0 0 1 0 0 1 0 1 1 0 1 1 0 2 1 1 1 1 1 1 2 1 1 2 1 1 1 1 1 0 0 1 0 1 1 1 1 1 1 1 0 1 2 1 1 2 2 1 1 1 0
18 10 26 26
32 61 83 125 154 164 220 177 267 249 306 390 401 415 436 423 566 496 442 662 663 634 594 779 617 707 908 790 982 827 905 1103 891 954 1158 848 1066 978 968 1270 1066 1164 1122 1052 1291 1385 1374 1131 1222 1218 1713 1584
