52
30
2 1 1 1 0 1 1 0 1 1 1 2 2 0 1 1 0 1 1 1 2 1 0 1 0 1 2 0 0 1 1 0 0 2 1 1 0 0 2 0 0 1 1 1 1 2 1 2 1 2 1 1
1 1 0 2 1 1 1 1 1 2 1 1 1 1 1 1 1 1 1 1 1 1 1 2 1 1 1 0 2 0 2 0 2 1 1 0 1 1 1 1 1 1 0 2 2 2 0 0 1 1 2 2
2 1 2 1 1 1 2 1 1 2 2 1 1 2 2 1 1 1 2 1 2 0 1 0 1 1 1 2 1 2 1 1 1 1 1 2 1 2 2 0 0 1 1 0 1 2 1 0 0 1 1 0
2 0 1 2 0 0 1 0 1 2 0 1 2 2 2 1 2 1 2 2 2 0 2 1 1 1 1 0 1 2 1 1 0 1 0 1 0 2 0 0 1 2 2 2 0 0 1 1 1 2 2 1
2 1 2 2 0 0 0 1 2 2 2 1 1 1 1 0 0 2 0 2 1 2 0 1 2 1 1 2 2 2 1 2 1 1 2 1 1 2 1 0 1 0 0 1 1 1 1 0 0 1 2 0
0 1 1 1 1 0 2 0 0 1 1 0 0 0 2 2 2 1 2 2 1 1 1 2 2 1 0 1 2 0 1 1 0 2 0 1 1 0 1 0 1 1 2 2 1 2 2 2 1 1 2 1
0 1 2 1 2 0 1 1 0 2 0 2 2 1 0 1 0 0 2 2 2 0 1 1 1 0 1 0 1 1 0 2 1 2 1 2 2 1 1 1 1 0 1 1 1 1 1 1 1 0 1 1
1 1 0 1 1 1 1 1 0 2 1 1 2 0 1 2 1 0 1 0 2 1 0 1 1 1 0 0 1 1 2 2 1 2 0 0 0 0 2 1 2 2 1 0 2 1 2 1 1 1 1 2
1 0 0 2 1 1 2 2 1 1 0 2 0 1 1 1 1 2 0 1 0 1 0 0 0 2 0 1 2 0 0 1 2 1 1 1 1 1 2 2 2 1 0 1 1 1 0 1 0 0 2 1
2 1 2 0 1 1 1 1 1 0 0 0 1 2 1 2 1 1 1 2 0 1 1 1 1 0 0 1 0 2 1 1 0 0 0 0 0 2 1 0 2 1 1 1 2 1 1 1 2 0 0 2
2 0 2 2 2 1 1 1 1 2 2 2 1 1 0 1 0 1 2 0 0 1 2 2 1 1 0 1 2 1 1 1 0 2 2 2 1 1 2 1 0 1 1 1 1 0 2 1 0 1 0 1
2 2 0 1 1 1 1 2 2 1 2 1 0 2 0 1 1 1 1 2 1 1 2 2 1 1 1 1 0 0 1 1 1 0 2 1 2 0 1 1 1 1 1 1 0 2 1 2 0 1 2 2
0 2 1 1 2 2 0 2 1 0 1 1 0 1 1 0 1 2 2 2 0 1 0 0 0 2 2 1 1 2 1 1 1 0 1 1 1 1 2 1 0 1 1 1 0 0 0 0 1 1 1 1
0 2 2 1 1 0 1 0 0 2 1 0 0 2 1 1 2 1 2 2 1 1 2 1 1 1 1 1 0 1 1 0 0 1 2 1 0 1 2 2 1 0 1 1 1 1 0 0 2 2 2 1
1 0 2 2 2 2 1 1 1 2 1 2 1 1 1 1 2 1 1 1 1 1 0 0 0 0 2 1 1 1 0 1 0 2 2 0 2 1 0 0 0 1 2 0 2 1 2 0 2 1 1 2
1 0 0 2 1 2 1 0 1 2 1 2 1 1 1 0 1 2 2 1 2 1 1 1 2 1 0 1 0 1 0 0 1 0 1 0 1 1 0 1 0 2 1 1 2 2 0 1 2 0 0 1
0 1 0 0 1 1 2 2 1 1 2 1 1 2 1 1 0 1 1 0 2 0 2 1 2 1 1 2 1 1 2 2 0 2 1 2 2 2 2 1 1 1 1 1 1 0 0 1 1 0 1 0
1 1 2 1 2 1 1 2 1 2 0 0 0 0 1 2 1 2 1 1 1 0 2 0 1 0 1 1 0 0 0 2 2 2 1 1 0 0 1 2 1 1 1 1 1 2 1 0 2 0 2 2
1 2 1 0 1 1 1 1 1 1 2 2 0 1 2 1 2 0 2 1 1 1 1 0 0 2 2 1 2 1 2 1 1 1 1 1 2 2 2 1 1 0 1 0 0 1 1 0 1 0 1 0
1 1 1 2 1 1 1 0 1 1 0 1 0 1 1 1 0 2 1 2 1 2 2 1 1 0 1 0 0 1 0 0 1 2 0 1 2 2 1 2 1 1 1 2 2 1 2 0 2 1 2 1
1 1 0 1 1 1 1 1 1 2 0 1 2 1 1 1 1 0 0 1 2 0 0 1 2 1 1 1 1 2 1 1 2 1 2 1 1 1 2 2 2 1 1 1 1 1 1 1 1 1 1 1
1 2 2 0 0 1 0 0 0 1 1 1 0 1 1 1 2 1 1 1 1 1 2 0 1 0 0 1 1 0 1 0 1 1 1 1 0 1 1 1 1 2 1 1 1 2 1 1 2 1 1 1
1 1 1 1 2 1 1 1 1 0 2 2 2 0 2 0 1 1 0 2 2 0 0 0 0 1 2 1 1 1 1 1 1 1 2 1 0 2 2 1 1 1 0 2 1 1 0 0 0 1 1 0
0 1 1 2 1 1 0 2 1 1 2 1 1 1 2 2 1 2 1 2 1 1 0 2 1 1 1 1 0 1 0 0 0 0 1 0 0 1 1 2 2 0 2 2 2 2 0 2 2 1 2 1
2 0 2 1 1 2 1 1 2 2 1 2 0 2 0 0 0 0 0 1 1 1 1 0 0 1 1 2 2 0 2 1 1 1 0 0 2 2 2 2 1 0 2 1 0 0 1 0 0 0 1 1
0 0 2 1 0 1 1 1 2 1 1 0 1 0 1 1 0 0 1 1 2 0 2 1 1 1 0 2 1 0 0 1 1 1 0 1 0 2 1 0 1 0 0 1 1 1 2 2 2 0 1 1
1 1 2 1 2 1 1 2 2 1 2 2 1 2 1 0 1 1 1 2 1 0 1 1 1 1 1 2 2 2 0 2 1 2 0 2 2 0 2 1 1 2 0 2 0 2 1 1 1 1 2 1
1 0 1 2 0 1 0 1 0 0 1 0 2 1 1 1 1 1 1 2 1 1 0 1 2 2 0 1 1 0 1 2 1 1 1 0 1 2 1 1 1 0 1 0 1 2 1 2 2 1 1 2
2 1 1 2 1 1 2 2 2 2 1 0 0 1 1 1 1 1 0 0 1 2 0 0 0 1 1 0 2 2 0 2 1 1 1 1 1 2 1 0 1 1 1 1 0 1 1 1 1 0 2 2
1 1 1 0 2 0 0 1 2 0 1 1 1 2 1 1 1 2 1 2 0 1 2 1 0 0 2 1 2 1 1 2 2 1 0 1 0 1 1 2 1 1 1 2 1 1 2 2 2 2 1 1
15 18 15 19
33 47 99 153 149 174 252 283 288 288 331 455 379 363 418 530 601 604 520 745 798 653 781 856 712 961 717 964 847 793 902 839 894 958 1178 917 1195 1154 1376 1321 1254 1119 1543 1173 1117 1529 1377 1394 1733 1350 1511 1505
