52
30
1 1 1 1 1 1 2 1 1 1 1 1 2 1 0 1 1 2 1 2 2 0 1 1 2 0 1 2 1 0 1 2 1 2 1 2 1 2 1 1 1 0 1 0 1 1 0 1 1 2 1 0
1 1 1 2 2 1 0 1 2 1 0 1 0 1 2 1 1 2 0 0 1 2 2 1 1 2 1 2 1 0 2 0 1 2 0 1 0 0 0 1 1 1 2 0 1 1 2 1 2 1 1 2
0 2 1 2 1 1 1 1 2 2 1 2 1 0 1 1 1 1 1 0 1 1 2 1 0 1 2 1 1 1 1 0 0 1 2 1 2 1 1 2 0 2 0 2 1 2 1 0 2 1 1 0
1 0 1 1 0 1 1 0 0 1 0 2 0 2 2 2 1 2 2 2 2 1 1 2 1 2 2 1 1 0 1 1 0 0 1 1 1 0 1 2 2 1 1 2 2 2 2 1 2 2 2 2
1 2 1 1 1 1 2 2 1 1 2 1 2 0 1 0 1 1 1 1 2 1 0 0 0 1 1 0 1 0 2 1 1 1 1 2 1 1 2 1 0 1 1 1 1 1 0 1 0 2 1 1
0 1 1 1 1 2 0 2 0 0 1 2 0 1 2 2 1 1 1 2 1 2 1 1 2 2 0 1 0 0 1 1 1 1 1 1 1 1 1 1 1 1 1 2 1 0 2 1 2 2 1 0
1 2 1 1 1 2 2 1 1 1 1 1 2 0 1 2 1 1 0 0 1 1 1 1 1 1 2 2 0 1 2 2 2 1 1 0 1 1 1 2 2 1 1 0 1 1 1 1 1 2 0 2
1 2 0 1 0 0 1 0 0 1 2 1 1 2 2 1 1 0 2 2 1 1 0 2 1 2 1 0 2 0 0 0 1 0 1 0 0 1 2 0 1 2 1 1 2 2 1 1 1 1 1 0
2 2 1 1 2 1 0 2 2 2 2 1 2 1 1 1 2 1 2 1 1 0 1 1 0 1 0 0 1 1 2 1 2 2 1 2 2 1 1 0 1 1 0 2 2 2 2 0 1 1 0 1
0 0 1 0 2 0 2 0 2 1 0 0 0 2 0 1 2 1 1 2 1 2 2 1 1 2 1 0 1 1 1 0 2 2 0 0 1 1 1 2 2 2 2 2 2 2 1 1 1 1 2 2
0 1 1 0 1 1 2 2 2 2 1 1 1 1 2 2 1 2 1 1 1 1 0 0 0 1 2 1 2 2 0 2 1 1 1 1 1 2 1 2 0 0 0 0 1 0 0 1 0 0 1 2
0 1 2 0 0 1 1 1 0 1 0 1 1 2 1 2 0 2 1 0 2 2 1 1 0 0 0 0 1 1 0 0 0 1 1 0 1 1 1 2 2 1 2 2 0 2 1 2 1 1 1 2
2 1 1 2 2 2 2 2 1 1 2 1 2 0 1 1 2 1 1 1 0 2 0 1 1 1 2 2 1 1 1 0 1 0 1 1 1 2 1 1 0 1 0 1 0 0 1 1 0 1 0 2
0 1 0 0 1 0 1 1 0 2 0 1 1 1 2 0 1 2 1 0 2 2 0 1 2 1 0 1 0 1 2 1 1 1 0 1 1 1 0 2 1 1 1 2 1 1 1 2 1 2 2 1
1 2 2 1 1 1 2 1 2 1 2 1 1 1 1 1 1 0 1 2 1 2 1 2 0 2 1 2 2 1 1 1 1 2 2 0 1 1 1 1 2 1 1 1 1 1 0 0 0 2 1 0
0 1 1 1 0 0 2 0 1 2 1 2 0 1 1 2 2 1 1 1 1 2 1 2 2 1 1 1 2 2 1 0 0 0 1 1 1 0 2 1 2 1 2 2 1 1 1 1 2 1 0 2
1 1 2 2 1 2 1 0 1 0 1 1 2 1 0 1 0 1 2 0 2 1 1 2 1 0 1 1 1 1 0 1 1 1 1 0 1 1 1 1 1 1 0 0 1 1 2 1 1 0 1 0
2 1 1 1 2 1 0 0 1 1 0 1 0 2 1 2 2 0 1 2 1 1 1 0 0 2 2 0 1 0 0 0 1 1 0 0 1 1 1 2 1 2 0 1 2 1 0 1 2 1 1 2
2 2 1 2 1 0 1 2 0 2 1 1 1 0 0 1 1 1 0 0 0 1 1 1 1 1 2 1 1 2 1 1 1 1 2 1 2 0 0 1 2 1 0 0 0 1 2 0 1 0 1 0
0 0 0 1 0 0 1 0 1 1 0 1 0 1 0 2 1 2 1 2 1 2 2 2 1 2 0 2 2 0 1 1 0 1 0 0 0 0 0 2 1 2 2 2 0 2 1 0 0 1 1 2
1 2 2 0 1 1 2 2 0 1 2 2 2 0 1 2 2 1 1 0 1 1 1 1 0 0 0 0 2 1 1 1 2 1 2 1 0 1 1 1 0 1 0 0 1 1 1 1 1 1 0 0
0 0 1 2 1 0 1 1 0 1 1 1 1 1 2 1 1 2 2 1 2 1 1 1 2 1 1 1 1 0 2 1 0 2 1 2 1 0 1 1 1 2 1 1 2 2 2 1 1 1 1 1
2 2 1 0 1 1 1 2 2 1 1 1 1 1 1 0 2 1 0 1 1 0 0 1 2 1 2 2 1 1 2 1 1 1 2 2 0 1 1 1 1 0 0 1 0 1 0 0 1 1 1 0
1 1 1 1 0 1 0 1 1 1 1 0 1 1 0 1 1 1 1 2 2 2 1 1 1 2 1 0 0 0 1 1 2 0 1 1 0 1 2 1 2 2 1 2 2 0 2 2 2 0 1 2
2 1 2 1 1 1 1 1 2 1 1 2 2 0 1 2 1 0 0 1 0 1 0 1 1 1 1 1 2 2 2 1 2 0 2 1 2 1 1 1 0 0 2 1 1 1 0 1 0 0 0 1
2 1 0 1 2 0 0 1 0 1 2 0 0 2 2 1 2 2 1 2 2 1 2 1 1 2 2 1 2 0 1 1 1 1 0 0 0 1 2 2 2 1 0 1 1 1 1 1 1 2 1 2
2 1 2 2 1 1 0 1 2 2 2 1 0 0 0 0 0 0 2 2 0 1 1 0 2 1 2 1 0 0 1 1 2 2 1 0 1 2 1 2 1 2 1 1 1 1 0 0 1 0 1 1
2 0 1 1 1 2 1 1 2 1 0 0 1 0 1 2 2 1 1 1 2 0 1 0 2 2 2 1 1 0 1 0 1 1 1 1 1 1 1 0 1 2 1 1 1 0 2 1 1 1 1 2
1 0 2 2 1 2 1 1 1 0 1 1 2 2 0 1 0 1 1 1 1 1 0 1 0 2 1 0 1 1 1 1 0 2 2 1 1 1 2 0 1 1 1 2 0 1 0 1 2 0 1 1
1 0 1 0 2 1 1 1 1 0 0 1 1 2 1 2 1 0 2 2 1 1 1 2 1 2 1 2 0 0 1 1 1 0 0 2 2 0 0 1 2 1 1 2 2 0 1 2 1 1 1 1
13 7 13 6
31 54 106 122 159 203 247 280 309 369 390 383 453 448 386 425 633 664 610 733 785 602 762 617 709 952 731 728 1018 1037 1177 1097 1129 957 1197 1218 995 1175 1059 1258 1456 1560 1111 1472 1625 1376 1704 1652 1434 1759 1499 1782
