52
30
0 1 2 1 1 1 1 2 2 2 2 2 1 1 0 1 0 0 0 0 1 1 0 1 1 1 2 1 1 1 2 1 1 1 0 0 1 1 1 0 1 1 1 0 1 1 1 1 1 0 0 0
2 1 0 2 2 2 1 0 1 1 1 1 1 0 1 2 1 2 1 2 0 2 1 2 1 1 0 2 1 1 0 0 0 1 1 1 1 1 0 1 2 2 2 1 2 0 1 1 1 1 2 1
2 1 1 2 2 1 2 2 1 2 1 1 2 1 1 2 0 1 1 1 0 0 2 1 1 1 0 1 2 2 1 0 2 1 1 2 1 2 0 1 0 1 1 0 2 1 1 2 1 1 1 0
0 1 1 1 1 1 0 0 0 1 1 1 1 2 1 1 2 2 2 2 1 0 0 1 1 0 1 0 0 1 0 1 0 1 0 0 1 1 0 0 1 1 1 0 2 1 1 1 1 1 1 1
2 2 2 1 1 1 0 1 2 1 0 1 1 1 1 1 1 1 2 1 0 0 0 1 1 0 1 1 1 2 1 2 0 2 0 1 1 2 1 1 2 1 1 1 1 0 0 1 1 1 1 0
2 1 2 0 2 2 0 1 1 0 1 1 1 1 1 1 2 1 2 1 1 0 1 1 2 1 0 1 0 1 2 2 2 1 0 1 1 1 1 1 2 1 1 1 1 1 1 2 2 2 1 2
2 2 2 2 2 1 1 1 2 1 0 1 2 1 1 2 1 1 1 1 1 2 0 0 0 0 1 0 2 2 2 2 1 1 2 2 2 1 1 1 0 1 1 1 0 0 1 2 2 0 1 0
0 1 1 0 0 1 0 0 1 2 2 1 0 2 2 1 1 2 2 0 1 1 2 1 1 1 1 1 1 1 1 1 1 1 1 2 1 1 1 2 2 2 1 1 0 1 0 1 2 2 0 1
1 1 1 1 1 1 0 1 0 1 1 1 0 2 0 1 2 1 0 0 1 1 1 0 1 1 1 1 2 1 1 1 1 1 1 0 1 2 1 2 1 1 0 1 0 0 1 1 0 1 1 1
1 1 1 0 0 2 1 1 0 1 1 1 1 1 1 1 2 2 1 0 2 1 1 1 2 1 2 1 0 0 2 1 2 2 1 2 1 0 1 2 2 0 2 1 1 1 1 2 2 1 2 1
1 2 1 2 1 2 2 1 1 0 0 1 1 0 1 1 2 0 1 2 2 1 0 1 0 0 1 1 2 1 1 2 1 0 2 2 2 2 2 0 0 1 2 0 0 1 1 1 1 2 0 1
0 1 1 0 1 2 1 0 1 1 0 2 0 0 1 1 1 0 1 1 0 2 1 0 1 2 0 1 1 0 1 1 0 0 2 1 0 1 0 0 2 1 1 1 2 2 1 1 0 2 1 1
1 1 2 2 1 1 1 2 0 2 2 0 2 0 1 1 2 2 0 0 0 1 1 1 0 1 0 2 1 1 1 1 2 1 1 2 2 1 0 0 1 1 1 1 0 2 0 1 0 1 1 0
1 1 0 1 1 1 1 1 1 1 1 2 1 1 1 2 1 1 1 2 1 1 1 0 2 1 1 1 1 1 0 1 0 1 1 1 1 1 1 0 0 0 0 2 2 2 0 1 2 2 0 1
0 2 1 1 1 2 1 1 2 2 2 0 1 1 0 0 1 1 0 1 1 0 1 0 1 0 2 1 1 1 2 1 1 1 2 1 1 2 2 0 1 1 0 2 1 2 0 1 2 1 0 1
1 0 0 1 0 1 0 2 0 1 1 0 1 1 1 1 1 1 2 1 1 1 1 2 2 1 0 2 1 0 1 0 1 2 0 0 1 1 0 1 1 1 1 1 2 2 1 1 2 1 2 0
1 1 1 1 1 1 0 1 1 2 2 1 1 1 2 1 1 2 2 1 0 0 0 1 1 2 1 1 1 2 0 2 2 1 1 1 2 1 1 2 0 1 0 0 0 1 0 0 1 0 1 1
1 2 2 1 0 0 1 0 0 2 0 1 0 2 2 1 0 1 2 2 1 1 0 2 0 1 0 1 0 0 0 0 1 0 1 0 1 1 1 1 1 0 1 0 2 0 2 2 2 2 1 0
2 0 1 2 2 1 1 2 1 1 0 2 1 1 1 1 1 1 2 1 1 0 1 1 1 0 1 2 1 2 1 1 2 1 2 0 1 1 1 1 1 1 1 1 1 0 1 0 1 0 0 1
0 1 1 1 1 0 0 1 1 1 1 0 1 1 1 2 1 2 1 2 2 2 1 1 1 1 1 1 0 1 0 0 0 0 1 0 1 1 1 1 2 1 1 0 1 2 2 1 1 1 1 2
1 2 1 2 1 0 0 1 1 0 2 0 1 0 0 1 1 0 1 2 2 0 0 0 1 0 1 2 0 2 2 2 1 1 0 2 0 2 1 2 1 1 0 1 1 1 1 1 2 1 0 1
0 2 0 0 1 1 1 0 2 2 1 0 2 1 1 2 2 1 0 0 0 1 0 2 0 2 1 1 1 2 2 1 0 0 1 0 1 1 2 1 2 2 1 2 2 1 1 2 2 1 1 0
2 1 2 1 1 2 0 0 0 2 2 1 0 1 1 1 1 0 0 2 1 1 0 0 0 2 2 1 1 2 1 1 2 1 0 1 1 0 1 1 1 0 1 1 2 1 1 0 2 2 1 1
2 1 1 2 1 2 0 1 0 1 1 1 0 2 1 1 2 1 1 1 1 1 2 1 1 1 0 2 0 1 1 0 2 1 0 0 0 0 0 1 2 1 0 0 1 0 1 1 2 1 1 1
2 1 1 2 1 1 2 1 2 0 1 1 2 1 2 0 0 0 0 1 1 1 0 0 0 0 2 2 0 2 1 2 1 2 1 1 1 2 1 1 1 1 0 2 0 2 0 1 1 1 0 1
2 0 0 2 1 0 0 1 1 2 0 2 0 1 2 1 2 1 1 1 1 1 1 2 0 1 0 2 1 2 0 1 0 2 1 0 2 2 1 1 1 2 2 1 2 2 1 1 1 1 1 1
1 2 2 0 1 1 0 1 2 1 1 0 1 2 2 0 1 1 0 1 0 1 1 2 0 2 2 2 1 2 1 2 1 2 1 2 1 1 1 0 1 1 1 0 1 1 2 1 1 1 1 1
0 0 1 0 1 1 0 1 1 0 0 1 0 1 2 1 2 2 2 1 1 1 1 1 2 1 0 0 1 0 0 0 1 0 1 0 1 0 2 1 0 0 0 0 0 0 0 1 2 1 2 1
1 2 2 0 1 1 2 1 2 1 0 2 0 2 1 0 0 1 1 1 1 0 2 2 1 1 2 2 2 1 2 1 1 0 1 2 2 1 2 0 0 0 0 1 1 1 2 1 2 0 1 1
1 1 0 0 0 1 1 1 1 1 1 0 1 2 1 0 2 1 1 0 1 2 1 0 1 1 1 1 0 0 0 1 1 1 2 2 1 0 0 1 2 1 1 1 1 2 1 2 2 2 1 2
13 18 9 9
25 59 84 147 170 202 241 243 229 368 313 307 419 411 419 500 589 518 570 688 704 683 671 751 675 695 689 762 879 977 742 925 1104 908 1062 1112 1000 1036 1076 988 1388 1219 1245 1087 1494 1231 1605 1152 1419 1323 1384 1341
