52
30
2 2 2 1 0 1 1 2 1 2 2 0 0 1 0 1 0 0 1 2 1 1 2 2 0 0 2 2 1 0 2 2 1 1 0 2 1 1 2 2 1 1 1 2 1 1 1 1 1 0 1 1
1 1 0 1 0 2 0 0 0 0 1 1 1 2 1 1 1 1 2 1 2 1 2 2 1 1 1 1 2 1 0 1 1 0 0 1 0 0 0 1 2 1 1 1 1 1 2 2 2 1 0 1
2 2 2 1 0 2 1 1 1 1 2 2 2 1 0 0 2 1 0 2 1 1 2 2 2 0 2 0 2 2 2 2 2 1 0 1 2 2 0 0 1 0 0 0 1 1 2 1 0 0 1 1
1 1 1 1 2 0 1 2 1 2 1 0 2 1 1 2 0 1 2 2 0 2 2 2 1 2 1 1 0 0 1 1 0 0 0 1 0 0 1 1 1 2 2 2 1 1 2 1 2 0 2 2
1 2 1 1 2 1 2 1 0 0 2 2 1 2 0 1 1 1 0 1 2 0 1 0 1 0 1 2 1 0 1 1 1 2 2 2 0 2 0 1 1 1 1 0 0 0 0 1 0 1 0 1
0 2 1 0 1 0 1 0 1 1 0 0 2 1 1 2 2 1 2 0 2 2 1 1 0 2 1 2 1 0 1 2 1 1 0 2 0 1 1 2 2 1 2 1 2 1 1 1 2 1 2 1
2 0 2 2 1 1 1 2 1 2 0 1 0 2 0 1 1 1 1 1 0 1 0 1 1 1 1 1 1 1 2 1 1 2 1 1 0 1 1 1 1 1 2 0 1 0 0 2 0 1 1 1
0 0 1 1 0 1 0 1 1 1 1 1 2 0 0 2 1 1 1 2 2 2 0 1 1 1 2 2 0 1 1 1 1 0 2 1 2 0 0 1 2 0 1 2 1 0 2 0 2 2 1 1
0 0 1 2 0 0 2 2 1 1 1 1 1 1 1 1 2 0 0 2 1 1 1 1 1 1 1 0 2 1 0 0 1 1 1 2 2 2 2 1 0 1 1 2 0 2 1 2 1 1 2 1
1 0 0 1 1 1 1 0 1 0 0 0 0 2 1 2 1 1 2 1 1 0 2 1 0 1 0 2 2 0 0 1 0 1 0 0 2 0 0 0 1 0 2 0 1 1 2 0 0 1 2 1
2 2 1 2 1 2 2 2 2 0 1 0 2 2 2 1 0 2 0 0 0 0 1 1 1 1 0 1 1 2 1 1 2 2 1 1 1 1 2 0 1 0 1 0 0 0 2 1 1 0 0 1
1 0 1 1 0 0 2 0 1 1 1 0 0 1 0 2 1 1 1 1 1 1 2 1 2 1 0 2 2 0 0 0 0 1 2 1 1 0 1 1 2 2 1 2 2 2 1 1 1 2 2 2
1 2 2 2 1 0 1 2 1 1 2 1 0 0 2 1 1 1 1 0 1 2 0 0 1 2 2 0 1 1 2 2 1 1 2 1 2 1 2 2 0 0 0 1 1 0 1 0 2 2 0 0
1 1 1 0 1 1 0 0 1 1 2 0 2 1 1 2 1 1 0 2 2 1 1 0 2 1 1 1 0 2 1 1 1 1 0 0 0 1 2 2 2 1 1 2 2 0 1 1 2 2 1 2
2 2 0 1 0 1 2 1 1 0 2 1 0 1 1 0 1 2 0 0 2 2 0 2 1 1 2 1 2 1 2 1 2 1 1 1 0 0 2 0 2 2 0 0 1 1 1 1 0 0 1 2
1 0 1 2 0 0 0 0 0 1 1 1 2 1 0 1 1 2 1 1 2 1 1 2 2 0 1 1 1 1 1 1 2 0 1 1 1 0 1 0 0 2 1 2 1 2 1 1 1 1 1 1
1 0 1 1 0 1 2 2 2 2 1 1 1 2 2 0 1 1 0 0 1 2 1 1 1 0 1 1 0 1 2 1 2 2 1 0 1 2 0 1 0 0 0 2 1 1 1 1 2 0 1 0
1 1 0 0 2 1 1 1 0 1 2 1 1 1 1 0 2 1 1 1 1 1 1 2 1 1 1 0 0 1 1 1 0 1 0 2 1 1 1 1 1 2 2 1 1 2 1 2 2 2 1 2
1 1 1 2 1 2 1 1 0 2 2 1 2 0 1 1 0 2 0 0 2 0 0 0 1 0 2 1 0 0 1 0 1 0 1 1 0 2 1 0 0 1 1 1 1 1 1 1 1 1 0 1
2 2 0 1 1 0 2 0 1 2 2 1 0 1 1 1 2 1 1 1 1 2 2 0 2 1 1 2 0 1 0 1 1 1 1 2 0 1 0 0 1 2 1 1 1 2 2 1 2 1 0 1
1 1 1 2 2 0 1 0 1 1 1 2 1 0 2 2 1 1 1 1 0 1 1 2 1 2 2 2 1 2 2 1 1 1 1 1 2 1 2 1 1 2 0 0 2 0 0 0 1 1 1 2
0 0 2 1 1 0 1 0 0 1 1 1 1 1 1 2 1 0 2 1 2 2 2 2 0 2 1 2 0 1 1 0 1 0 1 1 2 0 1 1 1 2 0 2 2 1 1 2 2 2 1 0
0 1 1 2 2 1 2 2 2 1 1 1 2 1 2 2 1 1 1 1 1 1 1 1 1 0 1 0 2 2 1 2 2 1 1 1 1 1 1 2 1 0 2 0 0 0 0 1 1 1 1 2
2 1 1 0 0 1 2 1 0 0 2 1 0 1 1 1 2 2 1 1 0 2 1 2 1 1 0 1 0 0 1 1 0 0 1 0 0 1 0 2 1 0 1 2 1 2 1 2 1 1 0 1
1 2 0 1 1 2 1 1 1 1 0 0 1 1 2 1 1 1 0 1 1 2 0 1 2 2 1 2 2 1 0 1 2 1 2 2 1 0 2 1 1 1 1 0 0 1 0 2 0 1 1 1
1 1 0 1 0 1 0 0 0 1 1 1 0 2 1 1 1 1 2 0 1 1 1 2 1 2 1 0 1 1 0 2 2 0 0 0 0 1 0 2 2 2 1 1 0 1 1 0 1 2 0 1
2 1 2 1 1 1 0 1 1 2 0 1 1 0 2 0 0 2 2 2 1 1 2 1 1 1 1 1 1 1 1 1 2 2 1 1 2 1 2 1 0 1 1 1 0 1 1 2 2 1 0 0
1 1 1 1 1 1 0 1 0 0 1 0 0 1 2 1 0 2 0 0 1 0 1 1 1 1 1 0 0 0 0 1 2 1 1 1 1 0 2 1 2 0 2 1 1 1 0 1 0 2 2 1
0 1 1 1 1 1 1 1 2 2 1 0 1 1 0 0 2 1 0 0 0 1 2 0 1 1 1 1 2 0 1 2 1 1 0 0 0 1 1 1 2 0 0 1 1 0 1 1 0 1 2 0
1 1 1 1 0 0 1 1 0 1 2 2 1 1 0 1 1 1 1 2 1 2 1 2 1 1 0 1 0 0 0 1 2 0 0 1 0 2 0 1 2 0 2 1 2 1 1 1 2 1 0 2
17 15 25 9
36 61 80 147 128 182 198 275 210 251 317 377 344 387 393 430 450 628 586 523 618 780 624 747 771 942 895 990 1060 840 1109 888 981 1219 990 968 956 1031 958 1424 1053 1482 1184 1082 1507 1275 1666 1588 1738 1792 1526 1292
