52
30
1 2 0 2 2 1 0 1 1 2 1 0 0 1 0 0 0 2 1 1 0 1 1 1 0 0 1 1 1 2 1 1 1 1 2 2 0 2 1 1 1 1 1 0 1 1 1 0 1 0 2 2
0 1 1 0 1 0 1 0 1 2 0 0 1 0 2 2 1 0 1 1 1 1 2 2 2 1 0 1 0 1 1 1 0 0 0 1 2 1 1 2 1 2 2 0 1 1 2 2 2 2 1 1
2 2 0 1 2 0 1 0 1 2 1 0 2 0 0 0 0 1 0 2 1 1 1 1 2 1 1 2 1 1 1 0 2 1 1 1 2 2 1 2 1 1 1 0 0 0 1 1 1 1 0 1
1 1 1 2 0 0 0 0 0 0 1 0 1 1 0 2 1 0 1 2 0 2 2 2 1 2 0 1 1 0 1 1 1 0 1 0 1 1 0 2 2 1 2 1 1 2 1 2 1 2 0 1
2 2 1 0 0 1 1 2 2 1 1 1 2 0 1 1 1 1 2 1 1 0 0 0 2 2 2 1 2 1 2 2 1 1 2 1 0 0 1 0 2 0 0 1 1 0 0 0 0 1 0 1
1 2 0 1 1 2 1 1 1 1 0 1 1 1 0 1 1 0 2 1 1 1 1 0 2 1 1 1 1 1 0 1 2 1 2 2 0 1 1 1 2 1 1 2 1 2 0 0 2 1 1 0
2 1 1 1 2 1 0 1 1 0 1 1 0 1 1 1 1 1 0 1 0 1 1 0 1 1 2 1 1 0 1 1 0 1 0 1 1 2 1 0 1 0 1 0 1 2 1 1 2 1 1 0
1 0 0 1 2 1 1 1 1 2 0 2 2 1 1 1 1 2 1 1 1 2 2 1 1 0 0 1 0 2 0 0 1 0 2 2 1 0 1 2 1 1 0 2 0 1 0 0 2 2 1 2
1 1 0 1 2 0 2 2 1 2 1 2 2 0 2 2 1 1 2 1 1 1 0 1 1 1 2 1 2 2 1 1 0 2 0 2 1 2 1 1 1 0 1 1 0 1 0 1 1 0 0 1
0 1 1 1 0 0 0 1 1 1 1 1 2 2 2 2 1 2 1 1 2 1 2 1 1 1 1 0 0 0 0 1 1 1 1 1 0 0 1 1 1 2 0 1 1 1 2 1 1 2 2 2
1 2 2 1 1 2 1 1 1 1 2 1 1 1 1 0 0 2 1 1 1 1 1 1 0 0 1 2 0 2 0 1 1 2 1 1 2 0 1 1 0 1 2 0 1 2 1 0 1 1 0 1
1 0 1 2 1 0 1 0 0 1 2 0 1 1 1 1 1 1 1 2 0 2 1 0 1 1 2 2 1 2 0 1 0 0 0 2 0 2 0 1 1 0 1 1 1 1 1 2 1 2 1 1
2 2 1 2 2 2 1 1 2 0 0 1 1 1 0 1 0 0 2 0 0 1 0 2 1 1 2 1 1 1 1 2 1 1 2 2 1 0 1 1 0 1 1 1 0 1 1 1 2 0 0 0
1 0 0 1 2 1 1 1 1 0 1 1 2 2 1 1 1 0 1 0 1 1 1 2 2 2 1 2 1 1 1 1 1 1 1 0 0 0 1 0 0 2 2 1 2 1 0 2 1 1 2 1
0 1 1 2 2 1 1 1 0 2 1 2 0 1 2 1 0 2 1 2 1 0 1 2 0 2 2 2 1 1 1 1 1 2 1 2 1 1 1 1 0 1 0 1 1 1 1 0 0 0 1 1
0 1 1 1 0 1 1 1 0 0 1 1 1 1 1 1 1 2 0 2 0 0 1 2 1 1 0 2 0 1 0 0 1 0 0 2 1 0 0 1 1 1 1 1 1 2 1 2 1 2 1 1
2 1 1 2 1 1 2 1 1 2 0 1 1 0 0 1 1 2 1 2 0 0 2 1 2 2 0 2 1 2 1 1 2 0 2 1 2 1 1 1 1 1 1 1 0 2 1 0 0 1 1 2
0 2 1 1 0 1 1 1 0 0 0 1 1 1 0 1 2 2 1 1 1 2 1 2 1 1 1 0 1 1 2 0 1 1 1 1 0 0 2 2 1 1 2 0 0 2 1 0 1 1 1 1
2 2 1 2 1 2 0 2 1 1 2 0 1 1 0 2 0 2 2 0 1 2 0 2 2 0 2 2 1 2 1 1 2 1 0 1 1 2 2 0 0 1 0 2 0 0 1 1 2 0 1 2
1 0 2 1 1 1 0 2 1 0 1 2 1 1 1 2 1 0 2 0 1 2 1 2 2 1 0 2 1 1 2 0 1 1 1 1 0 1 2 1 2 1 1 0 0 1 2 0 1 0 2 0
1 2 2 1 2 2 1 0 1 1 1 2 2 0 1 1 0 2 1 1 0 1 1 1 1 0 1 1 1 1 1 1 1 2 2 1 1 1 1 1 2 1 2 1 1 1 1 1 1 0 1 1
1 2 1 2 1 2 2 1 0 1 0 1 1 1 1 1 2 1 1 2 1 1 0 2 1 1 0 1 1 2 0 2 2 0 0 2 0 2 0 1 1 1 0 1 2 1 1 1 1 2 1 1
1 2 1 0 2 2 1 1 2 1 2 1 1 2 0 0 0 2 0 1 1 0 0 2 0 2 1 2 1 2 2 0 2 0 2 2 1 2 1 1 1 1 0 1 1 1 0 1 0 1 0 1
0 1 0 1 0 2 1 1 1 2 2 1 2 2 1 2 1 1 1 2 2 1 2 0 1 1 0 2 0 0 2 0 1 1 1 1 1 0 0 2 2 1 2 2 1 2 2 2 2 2 2 1
2 2 2 1 1 1 1 1 1 1 1 1 1 2 1 0 1 1 1 1 2 1 2 0 1 1 2 1 2 0 1 0 0 1 2 2 2 1 2 1 1 0 1 1 0 0 0 1 0 0 1 1
1 1 0 1 1 1 1 1 1 1 1 1 1 0 1 1 2 0 0 1 1 1 1 1 2 1 1 2 2 1 1 0 0 1 1 1 1 0 0 0 2 1 0 1 2 1 0 2 1 2 2 0
2 0 2 1 0 2 0 0 1 1 1 2 1 1 2 0 1 0 1 0 1 1 0 1 1 0 0 0 1 0 1 1 2 1 1 1 2 0 1 1 2 2 1 1 1 0 1 1 0 1 1 0
2 1 1 0 2 2 0 1 0 1 0 1 0 2 1 2 2 1 1 1 0 1 2 1 1 1 0 1 1 1 2 1 0 0 2 1 0 0 0 1 0 1 1 2 1 2 2 1 0 1 1 2
1 2 2 2 2 0 0 2 1 2 2 2 2 0 0 1 0 0 1 0 1 2 0 1 1 1 1 2 1 1 2 2 1 0 2 1 1 1 2 0 2 1 0 0 1 0 1 2 1 1 0 1
0 1 1 1 0 0 0 2 1 0 0 1 0 1 2 1 0 0 2 2 1 1 1 1 0 2 0 1 2 1 0 2 0 0 0 1 0 0 1 2 1 1 1 1 1 1 1 0 1 1 0 2
13 15 12 14
33 77 106 108 172 225 249 245 235 294 309 391 397 347 420 454 544 547 542 701 708 743 704 853 619 765 898 759 757 861 1095 928 1104 937 1130 1189 1154 1269 1151 1402 997 1437 1506 1587 1383 1637 1188 1168 1366 1692 1259 1625
