52
30
1 1 2 2 1 1 1 2 2 2 1 1 2 1 1 0 0 0 1 0 0 1 0 1 1 0 2 2 2 0 2 1 2 0 2 1 0 1 2 0 1 1 1 2 1 0 1 2 1 1 1 1
0 0 1 0 1 2 0 2 0 2 1 1 0 1 1 2 2 1 0 2 1 1 1 1 2 1 1 1 0 1 1 0 1 1 0 1 1 1 0 1 2 2 1 0 2 1 2 0 1 2 0 0
0 1 1 2 0 0 2 2 2 0 1 0 1 2 0 1 0 0 1 2 1 1 0 0 0 2 2 2 1 2 1 1 1 2 1 2 2 0 2 1 0 0 2 1 2 1 2 2 2 1 2 1
2 1 0 1 1 0 0 1 0 1 1 1 0 1 1 1 1 2 1 1 1 1 0 2 1 1 2 0 0 1 1 1 1 1 0 1 1 2 1 2 2 2 1 2 2 2 1 1 1 0 1 2
2 1 2 1 1 1 2 1 1 0 1 2 0 1 0 1 0 1 1 1 0 0 2 2 1 2 0 1 2 0 1 1 0 1 1 1 1 1 1 1 1 2 1 0 1 1 0 0 0 2 1 0
0 1 0 1 0 1 1 2 1 0 1 1 0 2 1 1 2 1 0 1 0 2 2 1 2 2 0 2 1 0 1 1 0 1 1 2 0 1 0 1 2 1 1 2 0 1 2 1 1 1 0 1
2 2 2 0 2 1 1 1 0 2 2 1 2 1 1 1 1 1 1 1 1 1 1 1 1 0 2 0 2 1 2 0 1 1 2 1 0 2 1 1 1 1 2 1 1 0 1 1 0 1 1 0
2 1 1 1 0 1 1 1 1 1 2 2 0 1 1 1 1 2 1 1 1 2 2 2 1 1 1 1 1 0 1 1 0 1 0 0 2 1 0 2 2 2 2 2 1 0 2 1 2 2 1 1
1 2 1 0 1 0 2 1 1 2 2 1 1 1 2 0 1 0 1 1 1 0 2 0 0 1 1 0 1 2 2 1 2 1 2 2 1 1 1 1 0 1 2 1 1 1 1 2 0 1 0 1
0 0 0 0 2 0 1 0 2 0 0 1 1 1 1 1 1 1 0 2 2 0 2 2 1 1 1 2 1 1 1 1 2 1 0 0 1 1 0 2 1 2 0 1 2 1 1 2 0 1 1 2
0 1 1 1 1 1 0 2 1 1 1 1 1 0 0 0 1 1 2 0 0 1 2 0 1 1 2 2 2 1 1 1 1 2 2 2 2 0 0 0 1 0 1 0 0 1 0 1 0 1 0 0
0 2 1 1 2 1 2 0 0 0 2 0 0 2 0 2 2 2 1 2 1 2 1 1 2 1 2 1 0 0 1 0 0 1 1 2 1 1 0 1 2 0 0 1 0 1 2 1 0 2 2 1
1 1 1 1 2 1 0 2 1 1 0 1 0 1 0 2 2 0 0 1 0 1 2 1 1 1 1 2 1 2 2 1 1 1 2 1 2 2 2 1 1 0 0 1 0 0 1 1 0 1 0 2
1 2 1 0 1 2 1 1 0 0 1 0 2 2 2 1 1 1 2 1 1 2 2 1 1 2 1 0 1 1 0 1 1 1 0 1 0 0 1 1 1 1 2 1 2 2 2 2 1 1 1 2
0 2 1 1 1 1 2 2 1 2 2 1 1 0 0 0 0 1 1 0 0 0 2 1 1 1 2 1 1 0 0 1 1 1 1 0 1 1 1 1 1 1 0 1 0 1 0 1 0 1 0 1
1 2 0 1 0 1 0 2 1 1 1 1 1 0 2 1 2 1 2 1 0 2 2 0 2 1 1 1 1 1 0 0 1 0 1 1 1 1 2 1 2 1 2 1 1 2 1 1 0 1 0 1
2 2 0 1 1 1 1 0 2 2 0 2 1 0 0 0 1 0 0 0 1 1 0 2 1 0 1 2 2 1 2 2 1 2 1 1 1 0 1 2 0 2 2 1 1 0 2 2 1 1 2 1
1 1 1 1 1 1 1 0 0 1 1 2 2 1 1 2 2 2 1 2 0 1 2 1 2 1 0 1 0 1 0 1 0 1 1 1 2 0 1 1 2 1 2 2 1 1 2 1 1 1 0 0
2 0 1 2 2 1 2 2 2 2 1 1 1 0 1 1 2 1 1 1 1 1 1 1 1 1 1 1 0 2 1 2 0 1 2 0 2 1 2 0 0 2 0 1 1 0 0 2 0 2 1 1
0 2 1 0 0 1 0 2 0 1 1 2 2 0 1 1 2 0 1 1 0 2 1 1 1 1 1 1 0 1 1 2 1 1 0 2 0 0 1 2 1 1 2 1 1 1 1 2 1 1 1 2
0 2 1 1 1 2 1 1 2 2 2 1 1 1 1 1 1 1 0 1 1 1 1 0 1 1 0 2 1 2 1 2 1 2 1 0 0 2 2 1 0 1 0 0 1 2 1 1 0 2 1 1
1 0 0 1 1 1 0 1 2 0 2 0 0 2 0 1 1 1 2 2 2 1 1 1 1 2 0 1 1 1 0 0 1 1 1 1 0 2 0 2 1 1 0 1 1 2 2 0 0 2 1 2
1 2 1 1 2 2 1 2 0 2 0 1 1 1 0 0 0 1 1 1 0 0 0 0 1 0 2 2 2 1 0 2 1 1 2 2 1 1 1 0 1 1 1 1 1 0 2 0 2 1 1 2
2 2 0 1 0 0 0 1 0 0 1 2 1 1 1 1 0 1 1 1 1 1 0 2 1 2 0 0 2 1 1 0 1 2 0 1 2 2 0 1 1 1 1 1 2 1 0 2 1 2 1 2
1 0 1 1 0 1 0 2 1 1 1 0 2 1 0 2 0 1 0 0 1 2 1 1 1 1 2 1 2 2 2 0 1 1 2 2 2 2 1 0 1 0 0 0 1 0 1 1 1 1 2 0
0 1 1 1 1 1 2 1 0 0 0 1 2 2 1 1 2 2 2 2 0 1 1 2 1 2 2 1 2 0 2 0 1 2 0 0 1 0 1 1 1 2 0 2 1 1 0 1 2 1 1 1
1 2 2 1 1 2 1 1 1 1 2 1 1 0 2 1 0 1 1 0 2 1 2 0 1 0 1 1 1 2 2 1 0 0 1 2 2 1 0 1 0 2 0 1 0 2 0 1 0 0 0 2
1 2 2 1 1 0 2 1 2 1 0 2 2 0 2 0 0 0 2 1 1 2 1 2 1 2 1 1 2 1 0 1 1 0 0 1 1 1 2 1 1 2 2 1 1 1 0 1 1 2 0 2
0 2 2 1 2 1 1 0 2 1 0 1 0 0 1 0 1 0 1 1 2 0 2 1 2 2 2 1 0 1 1 1 1 2 2 2 1 0 0 1 1 1 1 1 0 1 2 1 1 2 2 0
0 1 2 1 1 1 2 1 2 1 1 0 0 1 1 1 1 1 1 1 0 1 1 2 0 1 0 1 0 1 0 1 0 0 1 0 1 1 1 2 1 1 1 2 2 2 2 2 1 1 1 1
15 9 18 8
24 69 108 112 154 195 179 241 320 330 380 365 473 353 450 542 569 588 603 482 622 573 630 683 624 686 866 927 785 918 930 869 988 1093 1154 953 954 1227 1213 1096 1093 1023 1262 1546 1232 1613 1574 1705 1692 1729 1738 1818
