52
30
1 1 1 2 2 2 2 1 2 1 1 1 2 1 2 0 1 2 1 0 2 1 1 1 0 0 1 2 2 1 0 1 1 0 1 2 1 2 2 1 0 1 1 0 1 0 2 2 1 1 0 2
1 1 1 0 2 1 2 1 1 1 0 2 1 2 1 1 2 2 2 1 1 1 1 1 1 0 1 0 2 1 1 0 1 0 1 0 1 2 2 1 1 1 2 2 1 2 2 1 2 2 2 0
1 0 1 1 2 0 1 2 2 2 1 0 1 1 1 1 0 0 2 0 1 1 1 0 1 1 2 2 2 1 1 2 0 1 1 2 1 0 1 1 0 1 2 1 1 0 1 0 0 1 0 2
1 0 0 0 2 0 2 0 1 0 1 1 0 1 0 2 1 1 1 1 2 2 2 1 0 1 2 1 1 0 1 0 1 1 1 0 1 1 0 1 1 1 1 1 2 1 1 2 0 0 1 2
1 2 1 0 0 0 1 2 0 1 2 0 2 0 0 2 1 2 1 1 0 0 1 1 0 0 0 2 0 1 1 1 0 2 2 2 2 1 2 1 2 0 2 0 2 0 1 0 1 2 0 0
1 2 1 1 1 2 1 2 1 0 2 0 1 2 2 1 1 1 0 1 1 1 1 1 1 2 1 2 1 0 0 0 2 1 0 1 0 0 0 2 0 2 1 1 2 1 2 1 1 1 2 1
0 1 1 0 0 1 2 1 0 1 2 0 2 0 1 0 1 0 1 1 1 1 1 0 1 0 1 1 1 1 1 1 1 1 1 1 1 0 1 1 1 1 2 0 1 1 1 0 0 1 1 1
0 0 1 2 1 0 0 0 0 0 1 0 1 2 1 0 1 1 0 1 2 1 1 1 1 0 1 0 1 0 0 0 1 1 1 1 0 2 2 0 1 0 0 2 1 0 1 2 1 2 2 2
0 2 1 0 1 1 1 2 2 1 2 1 1 1 0 1 0 1 1 1 0 1 1 2 0 0 1 0 1 2 2 0 2 1 1 2 0 1 1 0 1 0 0 2 0 1 0 0 1 0 0 1
0 1 2 1 0 1 0 2 1 1 0 0 1 1 1 2 0 1 1 2 1 2 0 1 1 0 1 0 1 0 2 0 0 1 0 1 0 2 2 1 2 2 1 1 1 1 2 2 1 2 1 1
2 1 1 0 2 2 1 1 2 1 0 0 1 0 1 1 1 1 1 0 2 1 1 2 2 1 1 1 1 2 2 0 1 2 2 1 2 2 2 1 1 1 0 0 0 1 1 0 0 0 1 0
1 1 1 1 0 1 0 1 2 1 0 0 0 1 0 2 0 2 2 2 1 1 2 1 2 1 1 0 0 0 2 1 0 0 1 1 0 1 1 1 2 0 1 0 2 1 0 1 2 2 2 1
2 1 2 1 1 1 0 2 1 1 0 1 2 1 0 2 1 1 0 0 2 1 0 0 1 0 0 2 1 2 1 2 2 1 1 1 0 1 2 1 0 1 1 1 0 1 0 0 1 2 1 1
1 1 0 0 2 1 1 0 2 2 0 1 0 0 1 1 0 2 1 0 2 0 1 2 2 1 1 1 2 0 0 1 0 1 1 1 2 1 1 2 1 1 1 1 1 1 1 0 1 1 1 0
1 1 1 2 1 1 2 2 0 1 2 0 2 1 2 0 2 2 1 1 0 1 1 1 1 1 1 1 1 1 1 2 1 1 0 1 2 2 1 1 1 0 1 1 1 2 0 1 1 1 1 0
0 1 1 1 1 0 0 0 1 0 1 1 0 1 1 1 1 2 1 0 2 1 0 1 1 1 0 0 1 0 2 2 1 0 1 1 0 2 1 2 0 1 2 1 1 2 1 0 1 0 2 1
1 1 2 1 1 1 2 2 1 1 1 1 0 0 1 0 1 2 1 1 1 0 0 0 0 1 2 0 2 0 1 2 2 2 1 2 2 1 1 1 1 1 1 1 0 0 2 1 1 1 0 0
1 1 0 2 1 0 0 1 0 0 2 0 0 1 1 0 1 2 1 2 2 2 0 1 2 1 1 1 1 0 1 1 1 0 0 0 1 2 0 1 1 1 2 2 1 0 2 2 1 1 1 1
0 2 1 0 2 1 0 1 0 1 1 1 1 1 0 0 1 1 1 0 1 1 0 0 1 1 2 0 2 1 2 1 2 1 1 1 2 1 1 0 1 0 0 1 0 1 0 0 0 0 0 1
0 0 0 2 2 2 0 1 1 1 1 1 0 1 0 1 1 1 1 1 1 1 2 2 0 1 0 0 0 0 1 1 1 0 0 1 1 1 1 1 2 2 2 1 2 1 1 2 1 1 1 2
1 0 2 2 1 2 1 2 1 0 2 2 1 0 0 0 0 0 0 1 0 2 2 1 0 0 0 2 2 2 2 2 0 1 1 1 1 2 1 0 0 2 2 0 1 0 1 0 1 1 2 1
2 2 0 0 1 1 1 1 2 0 1 0 0 1 2 2 0 1 2 2 1 2 1 0 2 1 0 2 1 1 0 0 0 0 1 1 0 2 1 2 1 2 2 2 2 2 2 1 1 2 2 1
1 1 2 1 2 1 1 1 2 1 1 2 1 1 1 1 0 0 1 0 1 1 1 2 1 0 1 1 1 0 1 1 1 2 1 1 1 0 0 1 0 1 2 1 1 0 2 0 0 0 2 0
1 2 2 1 1 2 1 1 1 2 1 1 2 0 1 0 1 0 1 1 2 2 0 2 2 0 0 2 0 1 2 0 1 1 2 0 0 0 0 2 1 0 2 0 1 0 0 1 1 1 1 1
2 1 2 0 2 1 2 1 1 2 1 2 1 0 1 0 0 2 0 1 1 2 2 0 1 1 1 2 1 1 1 1 0 1 0 1 0 2 1 1 2 0 2 1 1 1 1 1 0 1 0 0
1 1 1 2 2 2 2 2 0 1 1 1 1 1 1 2 2 2 2 1 0 1 0 0 0 1 1 0 1 0 1 2 1 1 1 0 1 1 0 1 1 0 1 0 0 2 2 2 1 1 0 2
0 2 1 1 1 2 0 2 0 2 1 1 2 0 1 1 2 0 1 2 2 1 1 1 1 0 1 1 2 1 1 0 1 0 2 1 0 2 2 1 1 0 2 1 0 0 0 1 1 1 0 0
0 1 0 0 1 1 1 0 1 1 1 2 2 0 1 0 1 1 0 1 0 0 1 1 1 1 2 1 1 0 2 2 0 0 0 1 2 1 0 1 1 2 1 2 1 1 1 1 0 1 2 2
1 1 2 1 2 2 1 1 2 1 0 0 2 1 1 0 1 0 2 1 1 1 1 1 0 0 2 2 1 1 0 1 2 2 1 1 2 2 2 1 0 0 1 0 1 0 0 0 2 0 0 1
1 1 0 1 1 1 1 1 0 1 1 0 1 0 1 0 2 1 2 1 0 1 2 0 1 1 1 1 2 1 2 1 1 2 0 2 1 0 2 1 2 0 2 2 1 1 1 2 1 2 1 1
14 9 18 12
29 61 84 100 181 186 212 217 336 361 327 328 359 481 517 486 558 565 508 480 684 564 777 828 607 708 740 669 742 914 986 765 1050 916 890 896 1177 1188 1131 1209 1046 1046 1449 1195 1571 1334 1248 1479 1471 1439 1217 1361
