52
30
1 1 1 1 2 1 1 0 0 1 1 2 1 2 0 0 0 1 1 2 0 1 0 1 1 1 2 1 2 1 2 2 1 2 1 2 1 2 2 0 0 0 0 1 1 1 0 0 0 0 1 1
1 0 0 1 1 1 0 2 1 1 0 1 1 1 0 2 1 2 0 0 1 1 0 1 0 1 1 0 1 2 1 0 2 1 1 1 2 0 2 1 1 1 2 1 1 0 1 0 1 2 1 1
1 2 2 2 2 1 0 0 1 2 1 1 0 1 0 0 1 1 0 0 1 2 1 1 2 1 2 0 1 1 1 2 1 1 1 0 1 2 0 2 0 1 1 0 1 1 1 1 1 0 1 0
0 0 0 1 1 1 1 1 0 0 1 1 1 0 1 2 0 1 0 1 2 0 2 1 1 1 0 2 1 1 0 0 1 0 1 0 1 2 1 1 1 2 2 2 2 2 0 2 1 1 1 0
1 1 2 2 1 1 1 2 2 1 1 2 1 0 2 0 1 1 1 1 1 0 0 0 1 2 2 2 0 2 1 2 1 1 2 1 2 0 1 1 1 0 1 0 0 1 1 2 1 2 1 1
0 0 1 1 1 2 1 2 1 0 1 1 1 1 0 0 1 1 2 1 0 1 1 2 2 1 2 0 2 0 0 1 1 0 2 1 1 1 0 1 1 1 2 1 2 2 1 2 0 2 2 2
0 1 1 0 2 2 1 1 0 2 2 1 2 1 1 0 0 0 1 1 1 1 0 1 1 1 1 0 1 1 2 1 2 1 1 1 1 1 1 1 0 2 1 1 0 1 1 0 1 2 1 0
1 1 0 0 2 1 2 0 1 0 1 1 1 2 0 1 1 1 2 1 1 1 2 2 1 1 0 0 0 0 1 1 0 0 1 1 2 1 0 2 0 1 2 1 0 2 1 1 2 1 1 2
2 1 0 0 2 2 0 1 0 2 2 1 1 0 1 1 1 0 1 1 2 0 1 2 1 1 0 0 1 2 1 2 1 1 1 1 0 1 0 2 0 2 1 0 0 0 2 1 1 1 1 2
0 1 2 1 0 1 1 1 1 1 2 0 1 0 1 1 1 2 1 0 1 2 2 1 1 2 2 2 2 1 2 1 1 1 1 1 1 1 1 1 0 2 1 1 1 1 0 1 1 1 1 1
1 2 1 2 2 1 2 0 1 2 1 0 1 0 0 1 1 1 1 1 1 1 0 0 2 0 2 1 2 1 1 1 1 2 1 0 1 1 0 1 1 1 1 2 1 2 0 1 1 0 0 1
1 1 0 1 0 0 2 1 1 2 1 1 1 1 2 1 2 1 1 2 1 1 2 1 1 0 1 1 0 1 0 1 2 1 1 0 1 0 1 1 2 2 1 0 1 2 0 1 1 0 1 0
2 2 0 2 1 0 1 0 1 1 0 1 2 0 1 1 2 1 1 1 1 0 0 1 0 0 0 0 2 1 1 2 2 1 1 2 0 1 2 1 0 1 0 0 0 2 1 1 1 1 1 1
1 1 0 1 0 0 1 1 0 0 1 1 1 2 2 1 2 1 1 0 0 2 1 1 1 2 2 0 1 1 0 1 1 0 0 1 0 1 0 2 1 0 1 2 1 1 1 2 0 1 1 1
1 2 1 1 1 0 0 1 2 2 1 2 2 0 2 1 0 1 1 0 1 2 2 2 2 0 2 2 2 1 1 1 1 1 0 2 2 1 0 1 0 0 0 1 1 2 0 2 1 2 1 2
1 1 1 0 1 1 0 1 0 0 2 2 1 2 1 1 1 1 0 1 2 1 1 2 2 1 1 1 1 2 0 1 1 0 0 0 1 2 1 0 0 1 2 2 0 2 1 0 1 1 1 2
2 1 1 1 2 1 1 1 2 2 0 1 1 0 2 1 1 1 2 1 1 0 1 0 1 0 2 1 2 1 0 1 2 2 1 1 2 1 2 0 0 1 0 1 1 1 1 1 1 1 0 2
2 2 0 0 1 2 0 0 1 0 1 1 1 0 2 1 1 1 2 1 2 1 1 1 2 1 0 1 1 1 0 1 1 0 0 1 1 1 1 1 2 1 1 1 2 1 1 2 2 2 2 1
1 2 2 2 1 1 1 1 2 0 0 1 1 0 1 1 0 1 1 1 0 0 2 1 2 0 1 1 0 2 0 1 0 1 1 1 2 2 1 1 0 0 1 2 2 1 1 1 0 0 1 0
0 0 2 2 0 1 0 0 0 1 0 1 1 1 1 0 1 2 1 2 2 1 1 2 1 2 0 1 2 1 1 1 1 2 0 0 2 0 2 1 2 1 0 2 1 2 2 2 1 1 2 0
1 0 1 1 2 0 1 1 2 2 2 2 2 2 0 1 1 1 0 1 1 1 0 1 0 1 2 2 1 2 1 2 1 2 1 2 2 1 1 1 1 0 1 1 1 1 1 1 1 1 1 1
1 1 1 0 1 1 0 1 2 1 1 0 1 1 1 2 2 2 1 2 1 1 1 2 2 1 1 1 1 0 1 0 1 1 0 2 0 1 2 1 2 2 1 2 2 2 2 2 2 0 0 2
2 2 1 1 1 2 2 1 1 1 1 1 0 1 1 1 1 2 1 1 1 0 1 1 0 1 2 2 2 2 1 1 2 2 2 1 1 1 1 1 0 2 0 0 0 0 0 0 2 0 1 1
0 0 1 2 0 1 1 2 1 1 1 1 1 1 2 0 2 2 1 2 2 2 2 2 1 2 0 0 0 0 2 1 1 0 1 0 1 1 0 2 0 2 1 1 2 1 2 2 0 1 1 1
2 1 1 1 1 2 1 0 2 1 1 2 1 1 0 0 1 1 1 2 1 2 1 0 0 1 2 2 1 2 2 0 0 1 1 0 1 1 2 1 2 2 2 1 1 1 0 1 2 0 1 0
0 1 1 2 0 1 1 2 0 1 0 2 0 2 2 1 1 2 2 1 1 2 0 0 2 1 0 1 0 2 0 1 1 0 1 1 2 1 1 1 1 1 2 2 2 2 1 1 2 2 0 1
2 0 1 1 2 2 1 2 1 1 1 1 1 1 1 2 1 2 1 1 0 0 0 1 0 0 2 0 1 1 2 0 1 1 1 2 1 1 2 1 1 0 2 2 0 1 1 1 1 1 2 0
0 0 1 2 0 2 1 1 2 0 1 2 1 0 2 1 1 2 1 2 2 1 1 2 1 2 1 2 1 1 1 0 1 1 0 2 1 1 0 2 1 1 2 1 1 1 1 2 2 0 1 2
1 1 1 0 1 2 0 1 0 2 1 1 2 1 1 2 2 1 2 0 1 1 0 0 0 0 1 1 1 2 1 1 1 2 0 2 2 1 2 0 1 0 0 2 2 0 1 2 1 0 0 0
1 1 0 1 1 0 0 1 2 2 1 1 1 2 2 1 1 2 1 2 1 2 1 0 1 1 0 0 2 2 1 1 1 1 1 2 2 1 1 0 2 2 2 2 0 2 2 1 0 1 1 0
18 22 9 21
29 62 93 97 170 198 170 275 259 247 382 315 425 383 522 502 519 508 559 583 616 555 647 757 856 760 786 752 887 743 780 1093 816 937 1043 979 911 1375 1425 1100 1354 1364 1272 1413 1182 1663 1592 1561 1548 1482 1723 1550
