52
20
1 1 2 1 2 1 0 2 1 2 2 1 2 0 1 0 1 1 2 2 2 0 1 1 1 1 1 2 1 1 2 0 1 1 0 2 2 2 1 1 0 0 0 0 1 0 1 1 0 0 1 0
1 1 1 0 1 1 1 0 2 0 2 1 0 1 0 2 0 2 2 1 1 0 2 1 2 1 0 1 0 2 1 2 1 1 2 1 1 1 1 1 1 1 0 2 0 2 0 0 1 1 1 2
0 1 1 1 2 0 2 0 1 1 2 2 1 2 1 1 1 1 1 2 1 0 0 0 1 1 1 2 1 0 2 2 1 2 1 0 0 0 1 1 1 1 1 1 0 2 1 1 1 0 0 0
1 2 0 1 0 1 0 1 1 0 1 0 1 0 2 0 0 1 2 2 1 2 1 2 0 1 1 2 1 0 1 1 1 1 1 1 0 0 1 2 2 2 2 2 2 2 1 2 1 2 1 0
1 1 2 2 2 1 2 1 1 2 2 1 0 1 1 0 2 1 1 2 1 0 1 0 1 2 0 1 2 1 2 1 1 1 2 0 0 2 2 0 1 0 1 0 2 1 1 1 0 1 0 1
0 1 0 1 2 1 1 0 1 1 0 1 1 0 1 1 1 1 0 2 1 1 1 2 1 1 1 0 1 1 1 0 2 2 1 1 0 1 1 1 1 2 1 2 1 1 2 0 0 1 1 2
1 2 1 1 1 1 2 0 2 2 1 1 0 2 1 1 2 1 2 0 0 1 0 1 1 0 1 0 2 1 2 0 1 2 1 2 1 2 0 1 0 0 0 0 0 0 1 1 0 1 1 0
0 0 0 1 1 1 0 0 1 1 2 1 1 1 1 0 1 0 2 1 1 2 2 0 2 1 1 0 0 1 1 1 1 1 1 1 0 1 0 1 2 1 1 0 1 1 1 2 1 1 0 0
1 0 2 2 2 1 2 1 1 2 2 1 2 1 0 1 0 2 2 1 1 2 1 1 0 0 2 1 1 1 2 2 1 0 1 2 1 2 2 1 0 0 0 2 0 1 1 0 1 1 1 2
1 1 0 0 1 0 1 0 0 1 0 0 0 2 1 2 2 1 0 1 2 1 1 2 1 0 0 0 0 1 2 0 0 1 1 0 1 0 1 1 1 1 2 2 1 0 1 1 1 1 1 2
2 1 1 2 2 1 0 0 2 0 2 1 0 2 0 0 1 2 2 0 0 1 2 1 0 0 2 2 0 1 2 2 2 1 0 1 2 0 1 2 0 1 0 1 2 1 0 0 0 2 2 1
2 2 0 0 1 1 0 0 1 0 0 1 1 2 2 2 0 0 0 2 1 1 0 1 0 0 1 0 2 0 0 0 1 0 0 1 0 0 1 1 0 1 0 2 2 1 1 1 1 1 1 1
1 1 1 2 2 2 2 2 1 2 2 2 1 1 2 0 0 0 2 2 1 1 0 1 1 1 2 2 1 1 1 2 2 2 2 0 2 1 1 0 1 0 1 1 1 1 2 0 1 0 0 1
2 0 1 0 2 1 0 1 2 1 0 0 2 0 1 1 0 2 2 2 1 1 2 2 1 2 1 0 1 0 0 1 1 1 0 1 1 2 1 1 2 1 1 1 2 2 2 1 0 1 1 1
1 1 1 1 2 1 1 1 0 1 2 2 2 1 0 2 0 1 1 1 0 0 1 2 1 1 2 1 1 1 1 1 1 1 1 0 1 2 1 2 1 1 1 1 0 1 0 1 1 1 2 2
0 1 0 1 2 0 1 2 1 1 2 0 0 2 2 2 2 1 1 1 0 1 1 0 1 2 0 1 1 1 1 2 2 0 1 0 0 0 1 0 2 2 2 2 2 1 1 1 2 1 1 0
1 2 1 1 1 1 0 2 2 1 1 0 2 2 2 0 1 1 0 1 0 1 1 1 1 0 2 0 1 1 1 2 1 1 2 0 1 2 1 1 1 0 1 0 1 2 2 2 1 1 0 1
1 1 1 1 1 1 0 0 2 0 0 1 2 1 2 2 1 1 0 2 1 1 1 1 2 1 0 2 1 0 2 1 1 1 1 2 2 1 0 1 1 2 1 1 1 1 1 2 2 1 1 2
1 1 1 1 1 2 1 0 2 1 1 1 2 1 2 1 1 1 1 1 0 2 1 1 1 0 2 1 1 0 2 2 2 1 1 2 1 2 1 1 0 1 2 0 2 0 1 1 1 2 2 1
0 1 1 1 0 2 1 1 2 1 1 1 0 0 2 0 2 2 1 0 1 2 2 1 1 1 2 1 0 2 0 0 0 1 2 0 0 0 1 2 1 1 2 1 2 1 2 1 2 1 2 1
16 10 14 22
15 43 60 67 124 116 156 134 189 235 248 239 312 277 335 368 311 352 425 417 435 468 553 523 552 561 578 617 586 551 604 770 541 642 856 596 678 725 786 732 677 684 990 989 925 800 822 1099 862 843 1044 1145
