52
20
0 1 2 1 2 1 2 1 1 0 2 1 2 0 2 0 1 1 1 2 1 0 0 1 1 1 2 2 2 2 1 1 2 1 1 1 2 2 1 0 2 0 0 0 0 1 1 1 1 0 1 1
1 2 1 1 2 1 1 1 0 2 1 1 0 1 2 2 1 1 0 0 1 1 2 1 1 2 1 1 2 1 1 0 0 1 2 1 1 0 1 1 2 2 2 1 0 1 1 1 2 1 1 1
1 1 1 2 2 2 1 0 2 1 2 1 2 0 1 1 1 0 0 1 1 1 0 1 0 1 1 2 1 1 2 2 1 1 2 2 0 2 1 2 1 0 1 0 1 0 1 0 1 0 2 1
1 1 0 2 1 0 2 0 0 1 1 1 0 2 1 2 1 2 2 2 2 0 1 1 1 1 1 0 0 0 2 2 1 1 0 1 2 1 0 1 1 0 1 1 2 2 1 1 2 1 2 1
1 2 0 1 2 2 1 2 1 2 0 1 0 2 0 1 2 1 1 1 2 2 2 0 1 1 1 1 1 1 2 1 0 1 2 0 0 1 1 2 2 1 0 1 0 2 1 1 1 1 0 2
0 0 1 0 1 0 0 1 0 1 0 0 0 1 1 1 1 2 1 0 2 2 1 2 1 2 0 2 0 1 0 1 1 2 1 1 0 1 0 2 1 1 1 2 1 1 2 1 2 2 1 0
1 1 2 1 2 2 1 0 1 1 2 2 1 1 2 1 1 0 2 1 2 0 0 0 2 1 2 1 1 1 1 2 1 1 1 2 2 0 1 0 1 1 1 2 0 0 1 2 1 0 1 1
1 1 2 0 1 1 0 1 0 0 1 0 1 2 0 1 1 0 2 0 0 2 2 2 2 1 1 2 1 1 2 1 0 0 1 1 1 1 0 1 1 1 0 1 1 2 2 2 1 2 0 2
2 1 1 1 1 1 2 1 2 1 2 2 2 0 1 0 2 1 1 1 0 2 0 0 0 1 0 1 1 1 2 2 1 1 1 2 1 1 2 1 0 0 0 1 2 1 1 1 2 2 0 1
0 1 0 1 0 1 1 0 0 1 0 0 1 1 2 1 1 0 1 1 1 2 2 2 1 0 1 1 0 0 1 1 0 1 0 2 0 1 2 0 0 1 1 0 2 1 2 0 1 1 0 0
1 2 1 1 2 2 1 1 0 1 1 1 1 1 0 0 1 1 2 1 1 2 2 2 2 1 2 1 1 0 0 0 2 2 1 1 1 2 1 1 0 1 2 2 1 1 1 0 1 0 0 1
0 1 1 0 0 0 1 0 1 0 0 0 1 1 1 2 0 1 0 1 1 1 2 2 2 2 0 1 2 0 1 1 1 1 0 0 1 1 0 1 2 2 0 2 2 2 1 2 1 0 1 1
1 0 0 2 1 1 1 1 1 1 1 1 1 1 1 1 1 0 1 0 0 2 1 2 1 0 2 1 1 1 0 2 2 1 1 2 0 1 1 2 2 0 1 0 1 0 2 0 0 0 2 0
0 1 0 1 1 2 0 0 0 2 0 1 1 0 1 1 1 1 2 1 1 2 0 1 1 2 1 1 2 1 0 0 1 0 0 1 0 1 1 0 2 2 2 1 2 1 2 1 2 1 2 1
2 1 2 0 1 0 2 2 2 2 0 1 2 1 1 0 1 1 1 1 1 0 1 1 0 1 2 1 0 1 2 2 1 1 1 1 1 1 1 0 1 1 1 1 1 1 1 2 0 0 1 0
0 1 2 1 0 0 1 0 1 0 0 0 0 2 1 1 1 2 0 1 2 0 1 2 2 2 0 0 0 1 0 1 0 1 0 0 1 1 1 2 1 1 1 2 0 2 1 1 0 2 2 2
2 0 2 1 2 0 1 2 0 0 1 1 1 0 1 2 0 2 2 0 1 1 0 1 1 0 1 1 1 2 2 2 2 1 1 2 1 1 1 0 0 0 1 1 2 1 1 1 1 2 1 0
1 1 1 1 1 0 1 0 1 1 0 1 0 1 1 0 1 0 2 0 2 2 1 0 1 1 1 0 1 0 1 0 1 1 1 1 0 0 2 0 2 0 2 1 1 1 1 1 1 1 1 2
1 1 2 0 1 1 1 2 1 1 0 0 1 1 1 2 0 1 0 0 2 0 0 1 1 0 2 0 1 1 1 2 2 1 1 1 2 0 1 2 2 1 0 0 2 1 0 2 1 0 0 1
1 0 1 1 1 0 1 0 1 0 1 0 0 1 1 1 1 0 0 2 1 1 0 1 1 1 1 0 0 1 0 1 1 1 0 0 1 2 1 0 2 1 0 1 0 2 2 2 1 2 1 2
11 7 8 6
14 28 59 83 114 114 119 127 160 156 173 203 270 258 300 316 323 348 373 348 369 436 447 502 495 461 542 586 503 474 583 714 625 664 557 833 576 786 715 843 850 688 893 870 823 1034 940 1025 802 1151 911 1160
