52
30
0 2 2 0 2 1 0 2 2 2 2 1 1 0 0 2 1 0 1 1 1 1 0 1 0 2 0 2 1 2 1 1 2 2 1 1 1 0 1 1 2 1 1 2 1 1 1 2 0 2 0 2
2 1 1 1 2 1 1 1 1 1 2 0 0 1 2 1 0 2 1 1 0 1 2 2 0 1 0 0 0 1 1 0 1 1 2 1 0 1 0 1 2 0 0 1 1 1 1 1 1 1 0 2
0 1 2 1 1 1 2 0 1 2 1 0 2 1 1 1 2 0 0 1 1 0 0 0 0 0 2 2 1 0 0 2 0 2 2 2 1 2 1 2 2 0 0 1 1 1 0 0 0 1 1 1
1 1 2 1 0 1 0 1 1 0 1 1 0 0 0 2 1 1 0 2 1 0 1 1 1 1 1 1 0 1 1 1 1 0 0 1 0 0 2 1 1 1 1 1 1 2 2 1 1 1 2 1
2 1 1 1 2 1 1 2 1 2 1 1 0 0 1 0 0 2 0 1 2 1 1 1 1 2 1 2 1 1 1 1 2 1 2 2 2 1 1 2 1 0 0 1 0 0 0 0 1 2 2 1
1 0 0 0 1 0 2 1 1 1 0 0 1 2 2 1 2 2 1 2 2 2 1 2 2 0 1 0 1 1 2 2 2 1 2 2 0 2 0 1 1 1 1 2 0 1 0 2 1 1 1 0
1 1 1 1 1 2 1 0 1 1 2 1 1 2 1 0 0 0 1 0 0 2 1 0 1 0 1 1 1 1 1 1 0 2 2 1 2 1 1 0 0 1 1 0 1 0 0 1 1 1 2 1
1 0 0 0 0 0 2 0 1 0 2 0 0 2 1 1 1 0 1 1 1 1 2 0 0 2 1 1 1 0 1 1 0 1 0 0 1 1 1 1 1 1 2 2 1 2 1 1 2 1 1 2
2 1 2 2 0 1 1 0 2 2 0 1 1 1 0 2 1 0 1 0 2 1 0 0 1 1 1 2 1 1 1 0 2 0 2 1 1 1 1 1 1 0 0 1 1 2 2 1 1 0 2 1
0 0 1 1 1 1 0 1 0 1 1 1 0 1 0 1 2 2 1 1 1 2 1 1 1 2 2 0 1 2 0 0 0 1 2 1 1 0 1 2 1 1 2 1 2 1 1 0 2 1 1 1
2 2 2 1 1 1 2 2 2 2 1 0 2 2 1 1 1 1 1 0 2 0 0 1 1 1 2 2 1 1 1 2 1 0 2 0 1 2 2 1 1 0 1 1 0 1 1 0 0 1 1 1
2 0 2 1 0 1 1 0 1 0 0 1 0 2 1 1 1 1 1 0 2 1 1 1 1 2 1 0 1 1 0 1 1 1 2 2 2 1 1 2 1 2 0 1 0 0 0 0 2 1 1 1
1 1 2 2 1 1 2 1 2 2 0 2 2 1 0 0 1 0 1 1 1 1 2 0 0 2 2 0 1 1 2 1 2 2 1 1 1 1 1 2 2 1 0 2 1 1 0 2 0 0 2 0
0 1 0 0 0 0 1 1 1 0 1 1 1 0 1 1 1 2 2 2 1 1 1 1 1 0 1 0 1 1 0 1 2 0 1 2 0 1 2 1 2 2 2 0 2 1 2 1 1 1 2 2
1 1 1 2 0 1 1 1 2 1 1 2 0 1 2 1 2 1 2 0 0 1 2 1 1 1 2 2 1 1 1 1 2 0 1 2 2 2 0 1 0 0 1 1 2 0 1 2 1 1 1 1
1 0 1 0 1 1 0 1 0 2 1 2 0 1 0 1 1 0 2 1 2 0 2 2 2 2 2 0 1 0 0 1 0 1 1 1 2 1 1 0 2 1 1 1 1 2 1 1 1 2 1 1
1 0 2 0 2 1 2 2 2 1 1 1 2 1 2 1 1 0 0 1 2 2 2 1 0 2 1 1 0 1 1 1 0 1 0 2 1 1 1 1 1 0 2 1 2 1 1 1 0 0 0 1
2 1 1 0 1 1 2 1 1 1 1 0 0 2 1 0 1 0 1 2 2 2 2 0 2 1 0 1 1 0 1 2 0 0 1 1 1 2 0 1 2 2 2 2 2 2 2 1 1 2 2 1
2 1 2 1 2 2 1 1 1 2 1 2 1 2 2 1 1 0 0 0 1 1 0 1 2 2 1 2 0 2 2 2 1 0 1 2 2 1 0 1 1 0 1 1 0 2 0 1 0 0 0 1
1 1 1 0 1 0 0 2 1 1 1 0 2 2 2 1 1 1 1 1 2 1 2 1 1 0 1 0 1 2 0 0 1 0 0 1 1 2 0 1 1 1 1 2 1 1 2 1 2 2 1 2
1 1 1 0 2 0 1 1 1 1 2 1 1 0 0 1 0 0 2 2 1 0 1 1 2 2 2 2 0 2 1 1 1 1 1 1 2 2 0 0 1 1 0 1 0 0 1 0 0 0 1 1
0 1 1 2 1 2 0 1 0 0 2 0 1 0 2 0 2 1 0 1 0 1 1 2 1 1 1 0 1 2 2 0 1 1 1 2 0 2 2 1 2 2 2 2 1 1 2 1 0 2 1 2
2 0 1 2 1 1 1 2 1 1 2 2 2 0 0 0 0 0 0 1 0 1 1 1 2 1 1 2 0 1 1 1 2 1 1 1 2 1 1 1 1 1 1 0 0 0 1 0 1 0 0 1
1 1 2 1 1 0 2 1 2 1 1 0 0 1 1 2 2 1 2 1 0 2 2 1 2 1 0 0 2 0 1 0 0 0 0 1 0 0 2 2 1 1 1 1 2 1 1 1 1 2 0 0
2 1 1 0 1 1 1 2 0 2 1 1 2 1 2 0 0 0 0 1 2 1 1 2 1 0 1 0 1 1 2 0 1 0 1 0 1 0 1 0 1 0 2 1 1 1 1 0 0 2 1 1
2 1 2 0 1 0 1 0 0 0 0 1 1 2 1 1 2 1 2 1 2 2 1 2 2 2 1 1 0 1 0 1 0 0 1 0 1 1 0 1 2 2 1 1 1 1 2 1 0 1 1 0
2 2 1 1 1 2 0 2 0 0 2 1 2 0 0 1 0 1 1 0 2 2 1 1 1 1 1 2 2 2 2 2 1 1 0 2 1 2 0 0 1 1 1 0 1 1 2 1 1 0 0 1
1 1 0 1 1 0 0 0 0 1 1 1 2 2 1 0 1 2 1 2 2 1 0 0 2 0 2 1 1 0 2 2 2 0 1 0 0 0 0 2 2 1 1 0 1 1 0 1 0 0 2 1
1 0 1 1 1 1 2 1 1 2 1 1 1 1 0 1 1 2 0 0 2 0 2 2 1 1 1 1 1 2 2 2 1 2 1 1 1 1 1 1 1 1 1 0 0 0 0 2 1 0 0 0
1 1 2 1 1 0 0 1 0 0 2 0 0 1 0 2 2 0 2 2 1 2 1 1 1 2 1 0 1 1 0 2 0 1 1 1 0 0 1 1 0 2 1 0 1 2 0 1 2 2 2 1
13 13 16 6
29 48 102 134 143 209 187 227 242 275 337 359 407 424 483 379 498 546 471 507 510 782 679 785 899 792 832 923 999 793 1087 945 1114 1106 1032 1219 1328 1041 991 1417 1142 1238 1097 1505 1308 1263 1419 1163 1445 1513 1477 1277
