52
20
2 1 2 1 0 0 2 2 0 1 1 1 1 1 0 0 0 1 1 1 1 1 0 1 1 0 1 2 0 1 1 2 1 1 2 1 1 2 1 1 1 1 2 1 1 1 0 2 1 2 1 2
0 0 0 1 0 0 1 0 1 2 0 0 1 2 1 1 1 2 1 1 2 2 1 0 1 0 0 1 1 1 1 2 0 0 1 1 1 0 0 2 2 1 1 1 1 1 2 1 0 1 2 1
1 1 1 1 0 1 1 1 2 1 2 0 1 0 1 0 2 0 0 1 0 1 1 2 0 1 0 2 1 1 1 2 0 1 1 2 2 2 1 1 0 1 0 0 0 0 1 1 1 1 0 0
1 1 0 1 0 0 1 2 1 0 1 1 0 0 2 1 2 1 0 1 2 1 2 2 1 2 0 0 0 0 0 1 2 0 1 0 2 0 1 1 2 2 1 2 2 2 2 0 2 1 1 1
1 2 1 2 2 0 0 1 1 1 1 2 1 1 2 0 2 1 1 1 1 1 0 1 0 2 1 1 2 1 1 1 1 1 1 1 1 1 2 0 0 0 2 0 2 0 2 1 1 0 1 0
1 1 1 0 0 2 0 0 1 2 0 2 1 0 2 0 1 1 0 2 2 1 2 1 2 1 0 1 0 1 1 0 0 0 2 0 1 1 0 1 0 0 2 1 2 2 1 1 2 2 2 0
2 2 0 0 1 1 1 1 1 1 0 1 1 0 1 1 1 1 1 1 0 2 1 1 0 2 2 1 2 1 1 1 0 0 2 1 1 1 1 2 1 0 0 1 1 1 1 1 0 1 1 1
0 0 0 0 2 1 0 0 1 2 1 0 2 1 0 1 2 2 1 1 1 0 1 2 0 1 2 1 1 2 0 2 0 1 1 2 1 1 1 2 1 2 2 1 1 1 2 1 1 2 1 2
1 1 1 2 1 0 2 1 1 1 2 0 1 1 0 2 2 1 1 0 0 1 1 2 0 0 1 1 2 1 1 2 1 2 1 1 0 1 2 1 0 0 1 0 1 0 0 0 1 1 0 1
1 1 1 1 0 2 0 0 0 0 1 1 1 0 2 1 0 1 1 1 2 1 1 1 2 2 0 0 1 1 1 2 1 0 0 0 1 0 1 0 1 1 0 2 2 2 2 2 1 2 2 2
2 2 2 1 2 0 1 2 2 0 1 0 0 2 1 0 2 1 2 1 0 0 0 0 0 1 1 2 1 2 2 1 0 2 1 1 2 2 1 1 2 0 1 0 1 2 2 0 1 1 0 1
1 2 1 0 2 1 1 0 1 0 0 1 2 2 2 1 2 1 1 0 2 0 0 2 2 2 1 0 2 2 1 0 0 0 0 0 1 0 0 0 1 0 2 1 1 2 2 1 1 0 0 2
1 1 1 2 1 1 1 1 1 1 0 0 1 1 1 1 1 0 1 1 1 0 2 1 1 0 0 1 1 1 1 1 2 1 0 1 2 1 2 0 1 2 2 1 1 1 1 1 1 2 1 1
0 1 0 1 0 1 1 1 0 1 0 1 2 2 2 1 2 2 1 1 1 1 1 1 2 0 1 2 2 1 1 1 2 0 0 2 1 1 0 0 2 2 2 2 2 2 2 1 2 2 2 2
1 2 1 2 2 2 1 2 1 0 1 1 1 0 2 1 1 1 1 2 0 1 1 1 2 1 1 2 2 2 1 2 1 1 1 2 1 1 2 1 1 1 0 1 0 1 1 1 0 1 1 1
0 1 2 1 1 1 0 0 1 1 1 1 1 2 1 0 1 0 2 2 1 1 1 2 1 1 2 1 1 1 1 2 1 0 2 0 1 1 1 1 0 1 2 2 2 1 2 2 1 0 1 2
1 1 1 2 1 1 1 2 1 2 2 0 1 0 1 2 1 1 1 0 0 2 0 1 0 0 1 1 2 1 1 2 2 1 1 1 1 1 0 1 2 0 0 1 0 1 2 0 2 1 1 1
2 2 1 1 1 1 1 0 1 0 1 0 1 1 2 2 1 0 1 2 2 1 1 1 2 1 2 1 1 0 1 1 0 1 2 0 2 2 2 2 2 1 2 2 2 1 2 1 0 0 1 0
2 1 1 1 0 0 1 1 1 1 1 0 2 1 1 2 0 1 2 1 1 2 0 1 1 1 1 0 2 2 2 0 2 1 0 1 1 2 2 1 0 1 2 2 0 2 1 1 0 0 1 1
1 0 1 1 0 0 0 0 0 1 1 1 0 1 2 2 0 1 2 1 1 1 1 1 2 1 2 1 1 2 1 0 1 1 0 1 1 0 0 1 1 1 2 1 1 1 1 0 1 1 1 2
12 9 8 9
19 44 51 85 107 122 120 129 151 174 191 247 273 204 267 303 341 376 422 418 397 412 479 517 463 433 506 584 532 562 665 613 688 566 714 583 854 656 868 814 774 889 726 922 880 905 855 900 925 1188 1155 1084
