52
20
2 1 1 1 1 2 1 2 2 0 0 1 0 1 1 0 1 1 0 1 1 1 1 2 1 1 1 0 2 0 0 1 0 1 1 1 1 1 2 0 1 1 0 0 2 0 1 1 0 0 1 1
0 1 1 1 1 1 1 1 2 1 0 2 1 2 1 2 0 2 1 2 2 0 1 1 1 1 0 0 1 0 0 0 1 2 2 0 1 1 1 1 0 0 1 2 2 1 0 2 2 0 1 2
1 0 1 2 1 1 1 1 0 1 0 1 1 0 0 0 1 2 1 0 2 1 1 1 1 2 2 2 1 1 1 1 1 0 1 1 1 2 1 1 0 0 1 0 1 1 0 1 1 1 2 1
2 2 1 1 1 1 1 1 1 0 1 2 1 2 1 1 1 1 2 1 2 1 1 1 2 1 1 1 0 1 2 1 2 2 1 1 1 0 2 1 1 1 1 0 1 2 2 1 2 2 2 1
2 0 1 1 2 1 1 2 2 1 1 1 2 0 1 1 0 0 1 1 2 1 1 0 1 1 1 1 1 1 1 0 1 2 1 1 2 2 1 0 1 1 0 1 1 0 1 0 0 0 1 0
0 0 1 1 1 1 1 2 0 1 1 0 0 1 1 1 2 2 0 1 2 2 2 0 1 1 0 0 2 0 1 1 0 1 1 2 0 1 2 2 2 1 2 1 1 1 2 2 2 1 1 2
1 2 2 2 1 1 0 1 1 1 1 1 0 1 1 1 2 2 1 1 2 1 1 1 0 1 2 1 1 1 2 0 1 0 2 2 1 1 2 0 1 1 2 1 0 0 1 0 1 1 1 0
1 0 1 0 1 1 1 1 1 1 1 1 0 2 2 2 1 2 1 1 1 0 2 0 1 1 1 1 1 1 1 1 2 0 1 1 0 1 0 1 1 1 1 1 1 0 0 1 1 0 1 0
0 2 2 1 0 2 1 2 0 2 1 1 1 2 2 2 1 2 1 1 1 1 0 2 1 1 2 2 1 1 1 2 1 2 1 1 2 0 2 1 0 1 2 0 1 1 1 0 1 1 0 1
0 0 1 0 2 1 0 0 2 2 0 0 1 1 2 1 1 1 2 0 2 1 0 1 2 2 1 1 1 0 1 2 1 1 1 0 1 1 1 2 2 0 2 1 0 1 2 1 1 0 0 1
1 1 2 2 1 0 2 1 1 2 1 0 1 1 2 0 1 2 0 2 0 0 1 1 1 0 1 0 0 2 1 1 1 1 1 2 1 2 1 0 1 0 2 2 1 2 2 0 1 0 2 0
1 1 1 1 0 1 0 1 2 1 2 1 1 1 0 1 1 0 1 1 0 1 2 2 1 0 1 0 0 2 0 1 1 2 1 1 0 1 2 0 1 1 2 1 1 2 2 2 1 2 2 2
1 0 2 1 1 2 2 0 2 1 1 2 1 1 1 1 2 0 0 1 1 1 1 1 1 0 1 0 2 2 0 2 2 1 0 0 2 1 1 1 0 1 1 1 0 1 1 1 1 0 1 1
2 1 1 0 0 2 1 1 1 2 0 1 0 2 1 0 1 0 1 1 1 0 1 1 1 1 1 1 1 0 1 1 1 0 1 0 0 1 2 1 1 2 2 2 0 2 1 1 2 0 1 0
1 0 1 1 2 2 1 1 1 2 2 1 2 0 2 0 1 0 1 0 0 2 1 1 0 0 2 1 2 0 1 1 1 1 2 2 2 1 0 1 1 1 1 1 2 1 2 0 1 0 1 1
0 0 1 0 1 1 1 1 2 1 1 1 1 1 1 1 1 2 0 2 2 1 0 2 0 0 0 1 1 2 0 0 0 0 1 1 1 1 1 2 0 1 1 1 1 2 2 0 1 2 1 0
1 1 2 0 2 2 1 1 1 1 1 1 2 1 1 0 0 0 1 0 2 1 1 0 1 1 2 0 1 1 0 1 1 0 2 0 2 0 1 2 1 1 1 1 1 1 1 0 2 0 0 0
1 1 0 2 0 2 1 1 1 2 1 2 0 0 2 1 2 2 2 1 2 1 1 2 1 0 0 0 1 1 0 1 1 1 0 1 1 1 0 0 1 1 2 2 1 1 0 1 1 2 2 2
2 2 1 1 2 1 1 1 1 1 1 1 1 0 0 1 0 0 1 2 0 1 1 0 0 2 1 1 1 1 2 2 0 1 2 1 0 1 1 0 1 1 0 2 1 0 2 0 1 0 1 1
1 2 1 2 1 1 1 2 0 0 0 0 1 2 2 0 1 1 0 1 2 2 1 0 1 1 1 1 1 2 2 1 0 0 1 1 0 0 2 1 2 1 1 0 1 1 0 1 0 2 1 1
11 12 11 11
24 29 69 74 84 146 173 151 200 240 257 283 266 269 319 338 287 422 466 476 489 525 552 463 532 442 512 592 699 490 692 515 571 765 596 727 804 666 846 842 739 944 759 762 819 871 878 910 818 797 881 1152
