52
30
1 2 1 1 1 1 1 2 1 1 2 2 1 1 0 1 2 1 1 2 2 0 0 2 2 0 2 1 2 2 1 1 1 1 2 0 1 1 0 2 1 1 2 1 1 1 1 0 1 1 0 1
0 0 1 1 0 0 1 1 1 2 1 0 1 1 2 1 1 2 0 1 0 2 2 2 1 0 2 2 1 1 0 1 0 1 0 1 1 1 2 1 1 1 1 2 1 2 2 1 2 2 2 1
1 2 0 1 2 1 1 2 1 0 2 1 1 1 0 0 0 0 2 0 1 0 1 1 1 0 2 1 1 2 2 2 0 1 2 2 2 1 0 2 0 0 1 1 0 1 1 1 1 0 0 1
1 1 1 1 1 0 2 1 0 1 2 0 0 2 0 2 2 1 1 1 1 2 2 2 1 2 0 1 1 1 0 0 1 1 0 1 0 1 1 0 1 0 2 1 2 2 1 1 0 1 1 1
0 2 2 1 2 1 2 2 1 2 2 1 2 2 2 1 1 1 1 1 1 1 0 1 0 0 1 2 1 1 2 1 1 2 1 2 1 0 1 0 0 1 0 1 0 1 1 0 0 1 1 1
2 0 0 2 1 2 1 1 1 1 2 1 0 1 1 1 2 1 1 2 2 0 2 1 1 0 1 1 1 1 2 2 1 1 1 0 1 2 2 1 0 1 1 0 0 1 2 1 0 1 1 2
2 0 2 2 2 1 0 1 2 1 1 2 2 2 1 2 0 0 0 1 0 1 0 1 1 0 0 1 0 0 1 2 1 2 1 1 1 2 0 1 2 1 2 1 1 2 0 1 0 1 1 0
2 1 1 0 1 0 1 0 0 0 1 1 1 1 1 2 1 2 2 2 1 1 0 0 2 1 1 1 0 1 1 1 2 1 2 1 2 1 0 1 1 2 1 1 1 0 0 1 0 2 1 1
0 1 0 1 2 1 1 2 1 1 1 1 1 2 0 1 1 1 0 1 1 1 0 1 0 2 1 1 1 1 1 1 1 2 1 2 1 0 1 1 1 1 0 0 0 1 2 1 0 1 1 2
0 1 1 2 1 2 1 1 2 0 0 1 1 1 2 2 2 1 1 1 2 2 1 1 1 2 1 0 1 0 1 0 1 1 0 1 1 1 0 1 1 2 2 2 2 0 1 0 0 2 0 0
1 1 2 2 2 0 1 2 1 1 0 0 0 1 1 1 0 1 1 1 1 2 1 1 2 1 2 1 0 0 2 1 2 2 0 0 1 1 1 1 0 1 1 1 0 1 1 1 0 1 1 1
1 1 0 0 2 0 1 1 2 1 1 2 2 2 2 2 1 1 2 0 1 1 2 1 1 1 1 2 1 1 1 0 1 1 0 2 0 1 0 2 2 2 1 2 2 1 1 0 0 1 1 1
1 1 1 2 1 1 2 2 0 1 0 2 2 0 1 1 1 2 1 0 1 1 2 0 1 0 0 2 1 1 2 2 1 2 2 2 2 2 0 2 0 1 2 0 1 1 1 1 0 1 1 2
1 0 1 2 1 0 2 1 1 1 1 1 1 2 2 2 1 1 2 1 2 0 1 2 2 2 2 1 1 1 1 2 0 0 1 1 0 1 2 0 1 1 1 1 1 1 1 0 1 0 1 0
0 1 0 1 0 2 1 0 1 2 1 2 2 1 1 1 1 0 2 0 1 1 1 1 1 0 1 1 1 2 1 2 2 1 1 2 1 2 2 1 1 0 0 0 0 1 2 1 0 1 0 0
2 0 0 0 2 0 0 1 0 1 1 2 0 1 1 1 1 1 2 1 0 2 2 2 0 1 1 1 2 2 1 1 1 1 0 0 1 0 0 2 1 2 2 1 2 1 1 1 1 2 2 2
1 2 2 1 1 1 0 2 1 0 1 2 1 0 1 1 0 1 0 0 0 1 0 1 1 1 2 1 2 1 1 1 0 1 0 2 1 1 2 1 1 1 1 1 0 0 0 1 1 1 1 1
1 0 2 0 1 1 0 1 0 2 1 0 1 2 0 2 1 0 1 1 1 1 1 1 1 1 2 1 2 0 0 1 0 0 1 0 1 2 0 0 2 0 2 2 1 2 1 2 1 0 2 2
2 2 2 2 1 2 0 1 1 1 0 1 2 1 1 0 2 2 1 2 0 1 1 1 0 0 1 1 1 2 2 1 1 2 0 2 2 1 1 2 0 1 0 2 0 1 0 1 1 1 1 0
0 2 1 2 0 0 1 1 0 2 1 1 0 1 1 2 1 1 1 0 2 2 1 1 0 2 0 1 1 1 0 2 0 1 1 1 0 1 0 1 1 1 2 2 2 2 1 2 2 2 1 0
1 2 1 1 2 0 1 1 0 1 2 1 1 2 2 0 0 0 2 0 0 1 0 1 0 1 1 1 1 1 0 0 0 0 1 2 1 2 0 1 0 1 1 0 1 2 1 1 0 1 1 1
2 1 1 1 2 1 1 1 1 0 0 0 1 1 1 2 2 1 1 2 2 1 1 0 1 2 2 1 0 0 1 0 1 2 0 0 1 1 1 2 2 2 0 1 2 1 1 1 1 2 2 2
1 1 0 2 1 2 1 0 1 2 1 0 1 1 2 2 1 1 0 1 0 1 1 1 0 0 2 2 0 2 0 1 1 0 1 2 2 1 2 1 0 0 0 0 1 0 1 0 1 1 1 0
1 0 1 1 0 1 1 0 1 1 1 0 0 2 1 0 1 1 2 2 1 1 1 2 1 2 0 1 0 1 1 1 1 2 1 1 0 1 0 2 1 1 2 2 1 2 1 2 1 0 2 0
1 2 2 1 2 0 1 2 0 1 1 2 2 0 1 0 2 0 1 0 2 1 0 1 1 1 0 1 0 0 2 1 2 1 1 1 1 2 2 1 0 1 0 0 1 1 2 0 1 1 0 0
1 0 1 1 1 2 0 2 0 1 1 2 1 2 2 2 0 0 0 1 1 0 1 0 2 1 0 0 1 1 1 1 1 1 0 1 2 1 1 2 2 0 1 0 2 0 1 2 1 1 1 2
2 1 1 2 1 2 1 2 1 1 1 1 1 1 1 1 1 0 1 0 0 0 1 0 1 0 1 1 1 1 0 2 1 2 1 0 2 1 1 1 0 0 0 0 0 2 1 0 1 0 0 0
2 0 1 0 1 0 0 0 0 2 0 0 1 2 0 1 1 1 2 1 2 1 1 2 1 2 2 1 0 0 1 1 0 1 0 1 2 2 1 2 2 1 1 0 2 1 1 1 1 0 2 2
1 2 0 1 2 1 1 0 2 0 1 2 1 2 2 1 1 2 1 1 0 1 0 0 0 1 1 1 1 1 1 1 1 0 2 2 1 1 1 2 1 0 0 0 1 1 1 1 0 1 0 0
1 0 2 2 2 1 1 1 0 1 1 1 1 2 1 0 0 2 1 1 1 1 2 2 1 2 1 1 0 0 1 1 0 1 0 0 2 0 2 2 1 1 1 1 1 2 2 2 1 2 2 2
13 13 15 11
29 48 82 141 163 175 194 249 229 258 327 412 404 450 518 526 514 538 707 747 579 748 652 718 743 824 893 837 788 1053 851 1004 882 913 1249 1015 1225 1306 1116 1423 1409 1157 1282 1236 1379 1222 1571 1744 1307 1517 1686 1671
