52
20
0 2 1 2 1 0 2 0 1 2 2 1 1 2 1 2 1 1 0 1 0 1 0 0 0 0 1 1 1 1 1 1 2 0 2 2 1 2 1 2 1 1 1 2 2 1 2 1 1 2 0 0
1 1 1 0 2 1 0 1 0 0 2 1 1 2 1 1 1 1 0 2 1 1 2 1 2 1 0 0 0 0 0 1 0 0 2 1 1 1 1 1 1 1 1 2 1 1 2 1 2 2 1 2
2 0 2 1 2 1 1 0 1 1 2 2 1 2 0 0 1 2 1 1 2 0 2 1 2 0 1 0 0 2 1 1 2 1 1 2 1 1 2 1 1 0 0 2 1 2 2 1 0 1 1 0
0 0 0 0 0 0 1 0 1 1 1 1 0 2 2 1 2 1 2 2 1 2 2 1 1 0 1 0 0 2 2 2 1 0 0 0 0 1 1 2 1 1 0 1 1 2 0 1 0 2 2 1
1 2 1 2 1 1 0 0 1 0 1 0 1 0 0 1 1 2 1 0 1 1 0 2 0 2 0 2 1 1 0 0 2 0 1 2 2 0 1 1 0 1 0 0 2 0 0 1 1 1 1 1
2 0 1 2 0 2 0 0 1 0 1 2 1 1 1 1 2 1 2 2 2 1 2 1 2 1 0 0 0 0 0 1 2 0 1 0 0 1 1 0 1 0 2 2 1 2 2 1 1 0 2 1
1 1 1 1 1 1 2 0 1 1 2 0 2 0 0 0 1 0 2 0 1 1 1 0 1 1 1 1 0 0 2 2 2 2 1 1 1 1 1 1 1 2 0 1 1 1 1 0 1 1 0 1
1 0 1 1 1 0 1 1 1 0 1 2 1 2 1 0 1 1 0 2 2 1 1 1 1 0 0 1 0 0 2 1 0 1 0 2 0 2 1 2 2 1 1 1 1 2 2 2 2 0 0 1
1 2 0 1 1 1 1 2 2 2 0 0 2 0 0 0 0 1 0 0 1 1 2 1 1 1 0 1 2 1 0 1 0 1 2 1 2 0 0 0 0 0 0 1 1 2 2 1 1 2 1 0
1 0 0 0 1 2 1 0 0 1 0 0 2 1 1 1 2 1 2 1 1 1 2 1 1 2 2 2 1 1 0 1 0 1 0 0 2 1 0 1 2 2 1 2 2 2 2 1 1 1 2 2
2 2 2 1 2 0 1 0 0 1 2 1 1 0 1 2 0 1 0 1 0 2 1 2 1 0 1 1 2 2 1 1 0 2 1 1 1 1 2 0 0 1 0 1 0 1 0 2 1 2 1 0
0 0 1 2 0 0 0 2 2 1 0 0 1 1 1 2 1 2 2 1 2 1 1 2 2 1 0 0 0 1 2 2 0 1 0 2 0 1 1 2 1 2 0 1 0 1 0 2 2 0 1 0
1 2 1 1 2 0 1 0 1 2 1 0 1 1 1 0 1 1 2 1 1 1 2 1 1 1 1 2 2 0 1 1 1 1 2 1 0 2 0 2 1 1 1 1 1 0 0 0 1 0 2 1
0 1 1 1 0 1 0 1 2 1 0 2 0 1 1 0 1 1 2 2 2 1 1 2 1 1 2 2 0 0 0 2 2 1 1 0 2 0 1 1 1 2 0 2 0 0 1 1 1 1 0 0
1 1 2 1 1 1 1 1 1 1 2 2 1 2 0 2 1 0 0 1 0 1 0 0 1 0 1 1 1 0 0 1 2 1 1 2 0 0 1 1 1 1 0 0 0 2 1 2 0 1 0 0
0 0 1 1 0 1 1 1 1 0 1 1 0 1 2 2 2 1 1 1 2 1 0 1 1 2 0 0 1 0 1 0 1 0 0 0 0 1 1 1 0 2 2 1 0 0 1 2 1 1 0 1
2 1 2 2 2 1 2 2 1 1 1 1 2 1 2 1 1 2 1 0 0 1 1 1 2 2 0 2 1 1 0 1 2 2 0 0 2 2 1 0 0 1 1 1 2 1 1 1 1 2 0 0
1 0 1 2 0 1 1 0 0 0 1 1 1 0 0 2 1 1 2 1 1 1 0 2 1 1 0 0 1 0 2 0 2 0 1 1 2 1 2 1 2 0 2 2 2 1 0 1 2 1 2 1
1 2 1 2 1 1 0 2 1 1 0 2 1 1 0 1 2 0 1 2 1 2 0 1 1 1 1 2 1 1 1 1 2 1 0 1 1 2 2 2 0 1 0 0 1 1 1 1 1 1 0 0
0 1 1 1 0 1 1 2 0 0 2 1 1 2 1 2 1 1 1 1 1 1 2 1 2 1 1 1 1 0 1 2 0 2 0 1 0 1 1 1 2 1 2 1 1 2 2 2 1 2 1 2
15 13 9 10
17 28 52 72 88 126 113 151 174 195 225 238 245 303 332 307 302 325 411 437 459 445 382 386 422 565 575 493 508 659 482 731 605 725 677 633 745 654 794 824 880 798 745 722 1005 781 1017 888 785 810 949 964
