52
20
2 1 1 1 2 1 0 0 0 1 2 2 1 0 0 1 1 0 1 1 0 0 1 0 0 2 0 1 2 1 2 1 1 2 0 1 1 2 1 1 0 2 2 0 1 1 1 1 0 1 0 0
1 1 2 1 1 2 0 0 1 2 0 1 0 0 1 1 1 2 1 0 2 1 1 2 1 1 1 1 2 1 1 1 0 2 1 1 1 2 1 2 1 1 0 0 1 0 0 2 2 1 2 1
1 1 2 1 1 1 1 2 1 1 2 1 1 0 1 1 1 2 2 0 1 0 0 1 1 1 1 1 2 1 1 1 1 1 1 2 2 1 1 1 1 2 1 1 1 0 0 2 0 1 1 1
2 1 0 0 0 1 1 1 0 1 2 1 1 2 1 1 1 2 1 2 1 1 2 2 1 1 0 1 1 0 0 1 1 2 0 0 1 1 1 1 1 2 2 1 2 1 2 2 2 0 1 1
1 2 1 0 1 1 1 0 2 0 0 1 1 2 2 0 2 1 0 0 0 0 0 2 1 0 2 2 1 1 1 2 1 2 1 1 0 1 1 1 1 1 1 0 0 2 1 0 2 1 1 1
1 1 1 0 2 0 0 1 1 2 0 1 1 2 2 1 0 2 1 2 2 2 2 2 1 1 0 1 0 0 1 0 0 0 1 1 2 1 0 1 2 2 2 1 1 2 0 1 1 2 1 0
2 1 2 2 1 0 2 2 2 1 2 1 1 0 0 2 1 2 1 0 1 2 1 1 0 0 1 1 1 0 1 2 1 1 2 1 2 1 1 1 1 0 0 2 1 0 1 1 0 1 2 0
0 0 1 1 1 1 1 1 1 1 2 0 0 0 1 1 1 2 2 1 0 1 2 2 1 2 2 1 2 0 0 1 1 2 1 1 0 1 0 2 2 1 0 2 1 0 1 0 2 1 1 1
0 2 1 2 2 1 1 2 1 1 1 1 2 0 2 1 0 1 1 2 2 0 1 1 2 0 2 0 1 2 0 1 1 1 0 2 1 2 2 0 1 0 0 2 1 1 1 1 2 0 0 1
0 1 1 1 1 1 1 0 2 1 1 0 1 0 1 2 0 1 2 2 1 2 1 2 2 2 0 1 2 0 0 1 0 0 2 1 2 0 0 1 0 1 0 1 1 2 2 2 2 2 1 2
1 1 2 2 2 1 1 2 0 1 1 2 1 1 1 1 1 2 1 1 0 2 0 2 1 1 1 2 2 2 1 1 1 1 2 2 2 1 1 1 1 0 1 1 1 2 1 0 1 1 1 2
2 1 0 0 0 1 0 1 1 1 1 0 0 2 0 1 1 2 2 2 0 0 1 1 1 1 0 0 1 2 0 1 1 0 0 0 1 0 2 1 2 2 1 0 0 1 2 0 1 1 1 1
1 1 1 0 0 2 1 2 1 0 1 2 0 0 2 1 1 1 0 1 1 0 0 1 0 1 0 1 2 2 0 2 1 1 1 2 2 1 2 1 1 1 1 1 1 1 1 0 2 2 1 1
0 1 2 1 2 0 0 0 1 1 0 1 0 0 1 2 2 1 2 2 1 1 2 1 1 1 2 1 1 1 0 1 2 0 0 1 0 1 2 1 0 1 2 2 1 2 2 1 0 1 1 1
1 1 2 2 1 2 2 1 2 1 1 2 1 0 0 1 2 1 1 1 2 1 0 2 2 0 1 2 2 2 0 1 1 1 1 1 1 1 1 1 1 1 1 1 2 2 1 0 0 1 1 1
0 1 2 0 0 2 1 0 0 1 1 1 0 2 1 2 2 1 1 1 1 2 2 1 2 1 1 1 2 1 0 0 0 1 0 0 1 1 0 1 1 1 1 1 2 1 1 2 0 2 1 1
0 1 2 1 2 0 1 0 1 1 1 0 1 1 0 1 0 1 2 0 0 1 2 1 1 0 1 2 1 2 1 0 1 2 1 1 2 2 0 1 1 0 1 2 1 1 0 0 1 1 1 1
0 0 0 1 0 1 1 0 2 2 1 0 0 1 1 1 2 1 2 1 0 1 1 1 1 1 1 1 1 0 1 1 1 1 1 1 0 1 1 1 2 2 2 1 2 0 2 2 2 2 1 1
2 2 2 1 1 2 2 0 2 2 1 1 2 1 0 1 1 0 0 1 0 0 0 0 0 1 2 2 2 0 2 1 1 1 1 2 1 1 1 1 0 1 1 1 1 1 1 1 0 2 2 0
1 0 1 1 0 1 1 0 1 1 0 1 1 0 2 2 1 1 1 1 1 1 2 1 1 2 1 0 1 2 0 2 0 2 1 0 0 2 2 1 1 0 2 1 1 1 2 1 1 2 1 2
13 10 17 12
20 30 66 85 120 134 137 147 189 161 238 238 210 267 301 343 343 347 442 438 424 487 445 481 488 580 454 653 522 721 706 752 667 569 676 591 709 892 857 825 890 683 810 944 977 961 860 955 1099 852 1078 874
