52
30
2 1 2 2 2 0 1 1 2 1 0 1 0 2 1 1 1 1 0 0 0 1 1 0 0 1 1 0 1 2 1 0 1 0 0 1 2 1 1 0 1 0 2 0 0 2 1 0 1 2 1 1
0 1 2 1 1 1 0 0 2 1 1 1 1 1 2 1 2 1 1 0 1 1 1 2 1 1 1 1 1 1 1 0 0 1 0 0 0 1 2 2 2 2 1 2 1 1 2 0 1 1 2 0
1 2 1 1 2 1 2 0 1 0 2 2 2 0 0 0 0 1 1 1 1 0 1 1 1 1 2 1 1 2 0 1 2 2 1 1 1 0 1 1 0 1 0 2 1 1 1 0 0 1 0 0
1 0 1 1 1 0 0 0 1 0 0 1 1 0 1 0 1 1 2 1 1 2 1 1 2 1 1 1 0 0 1 0 1 2 0 1 2 2 1 0 2 1 1 2 0 2 1 1 2 1 2 0
0 2 1 2 1 2 2 2 1 2 1 2 2 1 0 1 0 0 1 1 1 1 0 2 1 0 0 0 2 1 0 1 1 1 1 1 0 2 1 0 1 0 2 0 1 1 1 0 1 1 2 0
2 2 0 1 1 1 0 0 1 2 1 0 1 1 1 1 0 1 2 2 1 2 0 1 2 2 0 1 0 0 1 2 1 1 0 0 1 1 2 1 1 2 1 2 0 1 1 1 1 2 2 0
1 1 1 2 2 1 0 1 2 2 1 2 1 1 0 0 1 2 2 1 1 0 1 0 2 1 2 2 2 1 1 0 2 0 1 1 1 1 2 0 1 0 1 1 1 0 1 2 1 1 2 1
2 1 1 1 1 0 0 1 1 1 1 0 1 2 1 2 2 0 1 2 1 2 0 1 1 0 1 0 2 0 1 2 2 1 1 1 1 2 1 2 2 2 1 2 2 2 2 2 2 1 0 1
2 1 1 1 1 2 1 1 2 1 1 1 1 1 1 1 2 0 1 1 1 1 2 1 1 2 2 1 2 1 1 1 1 2 1 1 0 2 1 0 2 0 1 0 1 0 0 2 1 1 1 2
1 0 1 1 0 0 2 1 1 1 1 1 2 1 1 2 0 1 1 1 1 0 2 1 1 2 0 1 0 1 1 0 2 0 1 0 0 2 1 0 0 2 0 1 2 1 1 1 0 2 0 2
1 0 2 0 1 1 1 1 2 1 0 2 2 0 1 1 1 1 0 1 0 2 0 0 0 0 1 2 0 1 2 2 1 1 2 1 1 2 1 1 0 1 0 2 1 0 2 1 1 1 1 0
0 1 0 2 0 0 0 0 0 1 1 0 0 2 2 1 1 2 1 2 1 0 2 2 1 2 0 1 2 1 0 1 1 0 1 1 1 1 2 2 2 1 0 1 2 0 1 2 2 2 2 1
0 2 1 1 1 1 1 1 2 1 1 2 0 2 1 0 1 2 1 1 0 1 1 1 0 1 0 2 1 2 1 0 2 1 1 2 1 1 2 0 1 1 1 1 0 0 0 2 0 1 2 1
1 0 1 2 0 0 1 1 1 1 1 0 0 2 2 1 1 1 1 2 2 2 1 2 1 1 1 0 2 0 1 1 2 1 1 2 1 1 0 1 2 1 1 1 1 1 2 0 1 1 0 0
0 1 2 1 1 2 2 1 0 2 1 2 0 0 0 2 0 0 1 0 1 1 2 1 0 1 2 1 1 1 2 1 1 1 0 1 2 1 1 2 1 0 1 1 1 0 2 2 0 1 0 0
2 0 0 1 1 1 1 1 1 1 1 2 1 1 1 0 0 0 0 0 2 2 0 2 2 2 0 1 1 0 0 1 1 2 0 2 0 0 0 1 0 1 2 1 1 1 2 1 1 1 1 1
0 0 1 1 2 0 2 2 0 2 2 2 1 1 1 1 2 1 1 1 1 1 1 0 0 1 2 2 2 1 2 1 1 0 0 1 2 2 1 0 1 0 2 1 0 1 1 2 1 0 1 0
1 0 0 1 0 0 0 1 0 1 1 0 1 1 1 0 1 1 0 2 1 1 1 2 1 2 1 0 0 0 0 1 2 0 2 0 1 1 0 1 2 2 1 1 1 2 2 2 2 1 0 1
1 1 2 2 2 1 2 1 2 2 0 1 0 1 1 1 1 0 1 0 2 0 1 1 1 0 2 2 1 2 1 2 2 0 2 2 1 1 2 0 1 0 0 2 1 1 1 1 1 1 1 1
0 0 1 2 1 1 1 0 0 1 2 1 0 2 2 1 1 2 1 0 2 2 1 2 0 1 1 0 2 0 1 2 1 2 0 2 1 1 0 1 2 0 1 2 2 1 1 2 0 1 1 2
1 0 2 1 1 2 0 1 1 2 1 1 2 0 0 0 1 2 0 2 1 1 1 1 1 0 1 2 2 2 1 2 2 2 1 0 2 2 0 1 1 2 0 1 0 1 0 1 1 1 0 0
1 1 1 2 2 1 0 1 0 0 0 0 1 1 2 2 1 1 1 0 1 1 1 0 2 0 0 1 1 0 0 1 0 2 0 2 1 1 1 0 2 2 0 1 1 0 1 1 1 1 1 2
1 2 1 2 1 0 1 1 0 1 2 1 1 0 0 0 1 0 1 1 1 1 0 2 1 1 1 2 2 0 1 1 1 2 2 1 0 1 1 0 1 1 1 2 0 1 1 1 0 0 1 0
1 0 0 2 1 1 0 1 2 1 0 1 1 0 0 1 1 2 1 2 0 0 2 1 1 1 0 1 1 0 0 1 1 0 1 0 1 2 2 2 1 2 1 2 0 1 1 1 2 0 2 1
2 1 1 2 2 2 1 2 1 1 2 2 1 1 1 0 2 0 2 1 1 1 1 0 2 1 0 2 1 2 2 2 0 1 2 1 2 1 2 0 1 0 1 1 1 2 0 1 1 0 1 1
1 1 0 1 0 0 1 0 0 2 0 1 1 2 1 1 0 0 1 0 2 2 1 2 2 2 0 2 1 0 0 0 2 1 1 1 0 1 1 2 2 1 1 1 0 2 1 0 2 1 2 2
1 2 2 2 2 2 2 1 2 1 0 2 1 0 1 1 1 0 2 1 0 2 1 1 1 1 2 1 0 1 1 1 0 2 2 1 1 2 2 0 2 0 1 1 0 1 2 0 2 1 1 1
0 1 0 1 1 0 0 1 1 1 0 2 0 1 2 0 2 2 2 0 1 1 1 2 1 1 1 2 0 1 0 1 0 1 1 2 1 0 2 1 1 1 1 1 2 0 2 2 1 1 2 2
2 1 1 2 1 1 1 1 2 2 2 2 1 0 0 1 1 1 1 0 1 0 0 1 2 0 1 1 1 0 2 1 1 2 1 1 2 2 1 0 0 0 1 0 2 0 0 2 1 0 0 1
2 1 1 1 1 1 1 1 0 1 1 2 1 2 1 1 2 2 1 1 1 2 2 2 0 1 1 2 2 0 1 1 0 1 0 1 1 0 1 1 1 1 1 1 1 1 1 1 2 1 1 2
14 20 20 17
35 46 95 107 149 184 246 194 246 261 331 416 446 371 506 509 438 498 623 656 711 626 801 596 601 906 948 866 1045 852 821 844 964 1054 944 922 1315 1184 1227 1060 1127 1407 1294 1488 1254 1261 1688 1529 1468 1770 1541 1312
