52
20
1 2 1 1 1 1 0 1 2 0 0 1 2 1 0 1 0 1 1 0 0 0 0 0 2 0 0 2 2 1 0 0 1 2 1 1 2 2 2 0 1 0 1 0 2 0 0 1 1 2 1 2
0 0 0 0 1 0 2 0 0 2 1 1 1 1 1 2 2 1 1 2 2 2 1 1 2 2 1 0 0 0 0 0 0 0 1 1 0 1 2 1 0 1 2 2 1 2 1 2 2 2 2 1
2 0 1 1 1 1 1 1 0 2 0 2 2 0 0 1 2 2 0 1 1 2 2 1 0 0 2 2 1 1 2 1 1 1 2 1 2 2 2 1 2 0 0 1 2 0 1 0 1 2 1 0
0 1 0 0 1 1 2 0 0 0 0 2 1 1 2 1 1 2 1 2 2 2 1 1 1 1 0 1 1 0 1 1 1 0 1 0 0 0 2 0 1 2 1 1 2 2 1 0 1 1 0 1
1 2 1 1 0 1 1 2 2 1 1 1 1 0 0 0 0 1 1 0 1 0 0 0 2 1 2 1 2 2 2 1 2 1 1 2 1 2 1 0 2 1 0 0 0 0 1 0 1 1 0 1
2 0 0 2 0 0 0 1 0 0 2 0 1 0 2 1 1 2 0 1 2 2 1 1 2 2 1 1 1 1 2 2 1 0 1 1 1 1 0 1 1 0 1 0 2 2 1 2 1 0 1 1
2 0 2 0 1 2 0 1 2 1 0 2 1 1 2 2 0 0 0 2 0 0 2 1 0 1 1 2 1 2 1 1 0 0 2 1 2 2 2 1 0 2 0 1 1 2 0 0 1 1 1 2
0 0 1 1 0 1 0 1 0 1 2 0 1 2 1 1 1 1 1 2 1 1 1 1 2 2 0 1 1 1 1 0 1 0 1 2 1 1 0 1 2 1 1 1 0 1 1 2 0 0 1 1
1 1 1 1 1 1 2 0 2 1 1 0 2 0 0 0 2 0 1 2 1 1 1 1 2 0 0 2 0 2 2 2 2 1 1 2 2 1 1 1 1 2 1 1 2 1 1 1 1 1 0 1
0 0 1 1 2 2 1 1 1 0 0 0 2 0 1 2 1 0 2 0 2 2 1 1 2 1 1 0 2 1 0 0 0 0 0 0 1 0 1 1 1 1 2 1 2 2 1 1 1 2 1 2
1 2 1 1 2 1 1 2 2 2 2 1 2 1 1 2 1 1 1 0 1 2 1 0 0 0 1 0 2 1 1 1 1 1 0 1 2 2 1 0 0 0 1 0 0 1 0 0 1 1 0 0
0 1 2 0 2 1 0 0 1 1 1 1 2 1 1 1 2 1 1 1 0 1 2 1 1 2 1 2 1 2 1 1 2 1 0 0 0 1 0 0 1 0 1 1 1 1 1 2 2 0 1 2
2 2 2 2 2 1 0 1 1 1 2 1 2 2 1 0 1 0 1 1 0 1 1 0 2 1 0 1 1 0 1 2 2 0 1 1 1 1 1 0 2 0 1 0 0 2 0 1 2 1 0 0
0 0 1 1 0 0 2 0 2 1 0 0 0 1 2 2 2 0 1 1 2 2 2 0 0 1 0 0 1 2 1 2 1 0 1 1 0 1 0 1 1 0 1 1 1 1 1 1 1 0 1 2
2 1 1 2 2 1 1 2 2 1 1 2 1 1 1 0 0 0 0 0 2 2 1 1 2 2 0 0 2 1 0 2 2 1 0 1 0 1 1 1 0 0 1 2 1 1 1 0 0 0 0 1
1 1 1 0 0 2 1 1 2 0 1 0 1 2 1 1 2 1 1 1 2 1 2 0 1 1 1 0 1 0 1 1 1 1 1 1 1 2 1 1 2 1 1 2 2 2 0 1 1 2 1 1
2 1 1 1 1 1 2 0 1 2 1 1 1 1 0 1 1 0 1 0 0 0 1 1 0 1 2 2 2 1 1 0 2 0 1 2 1 1 2 0 0 1 1 1 2 1 0 2 0 1 2 1
2 0 2 2 1 1 2 1 1 0 2 1 1 1 1 2 1 2 1 1 1 1 1 1 0 2 0 1 1 1 1 1 0 1 1 0 0 1 1 2 0 2 1 1 1 2 1 0 0 1 2 1
2 1 1 2 2 1 1 2 2 0 2 2 0 1 0 1 1 1 1 0 0 1 1 0 1 2 1 1 2 2 1 1 2 1 2 2 0 1 2 0 1 1 0 1 1 2 0 1 0 1 1 1
0 1 2 0 0 1 1 0 1 0 0 2 1 1 2 1 2 2 1 1 2 1 1 2 1 0 1 1 1 1 0 0 1 0 1 0 0 0 1 0 2 2 1 2 1 1 1 2 1 2 1 2
16 8 12 14
16 33 60 92 113 114 161 143 182 173 209 200 290 253 265 340 348 346 402 457 399 412 515 562 586 492 486 597 517 607 639 521 751 686 770 761 866 605 830 762 929 956 875 992 1029 751 851 932 931 1013 932 1072
