52
30
0 0 2 1 1 0 1 1 1 1 1 2 1 1 1 1 1 0 1 1 1 0 2 0 0 0 0 0 1 1 1 1 1 1 2 2 1 1 2 0 0 2 0 2 0 1 1 1 2 0 1 0
1 0 0 0 2 1 1 2 1 1 0 1 1 2 1 2 2 1 0 2 1 0 1 1 0 0 0 1 1 1 1 2 0 1 1 1 0 1 2 0 2 2 1 1 1 1 2 2 1 1 1 2
1 1 1 1 1 0 1 2 1 2 1 1 1 1 1 0 0 0 2 1 1 0 1 0 1 0 1 2 2 1 2 2 1 2 1 2 1 1 2 1 1 2 2 2 0 2 1 1 1 0 1 1
1 1 1 1 1 2 0 1 1 0 2 1 1 1 1 2 1 2 2 2 1 2 0 1 2 1 1 1 0 1 1 2 1 1 1 1 0 2 2 1 2 1 1 0 2 1 1 2 1 1 1 1
2 0 0 1 2 2 2 1 0 0 2 0 1 1 1 1 1 2 2 1 0 2 0 1 1 1 1 2 2 2 1 1 0 2 2 1 1 2 2 1 1 2 1 1 1 1 1 0 1 1 1 2
0 0 0 0 2 1 2 1 1 1 0 2 0 1 2 0 1 1 1 0 2 2 1 1 0 2 1 0 1 1 1 0 1 1 2 1 0 1 1 1 2 1 2 1 1 1 2 2 1 2 0 1
1 2 1 0 1 2 2 0 1 1 2 2 2 1 0 1 1 1 1 1 0 1 0 2 1 0 2 2 1 2 2 1 0 1 2 1 2 1 1 1 1 0 0 1 0 1 0 2 0 0 1 0
0 1 0 1 1 2 1 0 2 1 0 1 0 1 0 1 1 2 2 2 0 1 2 1 2 1 2 1 1 1 0 0 1 0 0 0 1 0 0 2 1 1 2 2 1 1 1 1 1 2 2 1
0 2 1 1 1 2 1 1 1 1 2 2 2 2 0 1 1 1 2 1 0 1 0 1 2 0 2 2 2 1 1 1 2 1 1 1 1 1 0 2 0 1 0 1 1 1 1 1 1 1 1 0
0 1 2 0 0 1 1 0 1 2 1 0 1 2 2 2 2 2 1 2 1 1 2 2 1 1 0 1 0 2 1 1 0 1 0 0 1 2 2 2 2 1 1 2 2 2 1 0 0 1 2 2
2 2 2 1 1 2 1 2 2 1 0 1 1 0 1 1 1 1 1 1 1 1 1 2 0 0 1 1 2 0 2 2 2 2 1 2 0 2 2 0 0 1 2 1 1 1 1 2 1 2 1 2
1 0 0 1 1 1 0 1 1 2 1 1 1 1 0 2 2 2 1 1 2 2 1 1 2 2 1 0 1 1 1 0 1 0 1 2 0 0 1 0 2 1 1 2 1 2 1 2 2 1 0 2
1 2 2 1 1 2 2 2 1 1 0 2 1 0 1 1 0 1 0 1 2 1 1 0 0 0 0 2 1 1 2 1 2 1 0 1 1 1 2 2 1 0 2 1 0 1 1 1 0 0 1 1
1 0 1 0 0 2 1 0 1 1 0 0 0 0 2 1 2 1 0 2 2 1 1 1 1 1 1 0 1 1 0 0 0 1 0 0 0 1 1 0 2 2 1 0 0 2 2 2 2 1 1 1
0 1 0 0 2 2 1 1 1 2 0 2 1 2 0 0 1 2 1 0 1 1 1 2 1 0 1 0 1 0 2 1 1 2 2 1 1 2 1 2 2 0 0 0 1 0 1 0 1 1 1 0
0 0 1 0 1 1 1 2 2 1 2 1 1 1 2 1 0 1 1 2 2 1 1 2 0 1 1 1 0 0 1 0 1 1 1 1 2 2 1 2 0 1 2 1 0 2 1 1 2 1 1 2
1 1 1 2 1 0 2 1 2 1 1 1 2 1 1 1 1 1 0 2 0 1 0 1 0 0 1 1 1 1 2 1 1 2 1 1 2 1 0 1 1 2 1 1 1 1 2 0 1 1 1 0
1 0 0 2 0 1 2 1 0 0 1 1 2 1 2 2 1 1 2 2 2 1 1 2 0 2 0 0 1 2 1 1 1 0 1 0 0 1 0 1 1 2 2 0 2 1 2 2 2 2 2 1
2 2 1 1 1 0 2 2 1 2 1 1 0 2 1 1 1 0 1 1 1 2 0 1 0 0 1 1 1 1 1 1 1 2 0 2 2 1 2 1 1 1 0 2 1 1 0 1 2 2 1 0
0 1 2 1 0 2 1 1 0 1 1 0 1 2 0 1 1 2 1 2 0 0 1 1 0 1 1 1 1 1 1 0 0 1 1 1 0 1 1 1 1 1 2 1 2 1 1 2 1 1 1 1
2 1 0 2 1 1 1 1 1 1 1 1 1 1 1 2 1 2 0 0 2 1 1 0 1 2 2 2 1 2 1 1 1 2 2 2 1 1 2 1 1 0 2 1 0 1 1 0 1 1 0 2
2 0 1 0 0 1 0 1 2 1 2 1 0 1 1 0 1 1 1 1 2 1 1 1 0 1 0 1 2 1 1 0 1 0 0 1 1 1 2 1 2 2 2 1 2 1 2 1 1 2 2 2
2 0 0 1 1 2 2 0 1 0 0 2 2 1 1 1 1 1 1 0 0 1 0 2 0 0 1 1 1 2 2 1 1 1 1 1 1 2 2 0 2 1 1 0 0 1 0 1 1 1 1 0
0 1 1 0 0 1 2 2 1 1 1 0 1 2 2 1 1 2 0 1 0 1 1 0 1 2 1 2 0 1 1 1 2 0 1 0 0 1 2 1 1 0 1 2 1 1 1 0 1 2 1 1
1 1 1 2 1 1 1 2 1 1 0 0 1 0 1 0 0 1 1 1 1 0 0 0 1 1 2 0 0 2 1 2 1 2 2 2 1 2 1 0 1 1 0 1 0 0 0 0 1 2 1 1
0 0 1 0 1 0 0 1 1 0 2 0 0 2 1 2 0 1 1 2 1 2 2 2 0 0 0 1 0 1 1 0 2 1 0 0 1 1 2 1 0 2 1 0 1 2 0 0 2 1 0 2
1 0 0 1 1 2 1 1 1 1 2 2 1 1 0 0 2 0 0 2 2 1 1 0 1 0 2 2 1 1 1 2 2 1 1 0 2 1 2 1 0 0 0 1 0 1 0 1 1 1 1 1
0 0 1 1 1 0 0 1 2 0 1 1 1 2 2 1 2 1 0 2 1 2 2 1 1 1 0 2 1 1 0 1 2 0 0 1 1 2 1 2 1 1 1 1 2 2 1 0 1 0 2 0
1 2 1 1 2 0 1 1 2 2 2 1 1 1 2 0 2 1 1 0 1 1 1 1 0 1 1 1 1 1 2 1 1 2 1 2 2 2 2 0 1 2 2 2 0 0 0 1 0 2 1 0
0 0 0 0 1 0 1 1 2 1 2 1 1 2 2 1 0 1 0 2 2 0 0 1 1 2 1 1 1 1 0 0 1 1 2 1 1 1 1 0 2 1 1 0 2 1 1 1 1 1 2 1
15 11 20 20
27 54 82 79 122 172 165 186 271 342 273 399 387 492 376 512 427 550 553 687 632 693 645 817 667 756 716 783 705 1062 803 837 881 922 1043 1155 986 1223 1055 1081 1140 1036 1155 1540 1148 1377 1194 1533 1348 1585 1631 1789
