52
20
1 2 2 1 2 2 1 1 1 1 2 1 1 0 2 0 0 1 0 0 2 1 2 1 1 0 2 2 1 1 2 1 1 2 1 1 0 1 2 1 0 0 1 2 1 1 2 1 0 0 0 2
1 1 2 0 1 1 1 0 0 1 0 2 0 2 2 1 0 1 2 0 2 2 2 1 1 2 1 1 0 0 2 0 1 0 1 0 1 1 0 0 0 1 2 1 1 0 2 1 1 1 1 0
2 1 1 2 2 1 2 0 0 1 1 2 2 1 1 1 1 1 0 0 0 1 1 1 1 0 1 0 1 2 2 1 2 2 2 1 2 2 1 2 1 0 0 1 1 0 1 0 1 2 0 2
1 2 1 2 0 0 0 1 1 1 1 1 0 1 2 2 1 1 1 2 0 1 1 0 1 2 1 1 0 1 2 1 1 0 0 1 0 0 0 2 2 1 1 2 2 1 1 1 0 1 2 0
2 2 1 2 2 1 0 1 1 1 2 0 0 0 1 0 0 1 0 1 2 1 1 0 1 2 1 1 2 0 1 1 1 0 2 0 0 2 2 0 1 0 1 2 2 0 0 0 1 0 1 1
1 1 0 0 0 0 2 2 0 0 0 1 0 1 1 0 2 1 2 2 1 1 0 1 2 1 0 2 0 1 0 1 1 1 1 1 0 0 0 2 1 0 0 0 1 1 1 2 0 1 0 1
0 1 0 2 1 1 2 2 0 2 2 1 1 0 0 1 0 1 0 1 2 1 1 0 0 1 1 1 2 0 2 2 1 1 1 1 1 1 1 0 1 1 1 0 0 0 1 1 1 2 0 1
0 2 2 1 1 1 1 1 1 1 1 1 0 2 2 2 0 0 1 2 1 0 2 1 2 2 1 2 1 0 1 1 1 2 0 2 1 1 0 1 0 1 2 1 2 2 1 2 0 1 0 0
2 1 1 2 1 2 1 2 1 1 1 0 2 1 0 0 0 0 1 1 1 1 1 0 1 0 1 1 1 2 2 2 1 1 1 2 1 0 1 0 2 0 1 0 0 1 1 1 1 2 1 2
0 0 1 1 1 1 1 1 1 1 0 1 0 0 2 1 2 1 1 1 2 0 1 1 2 0 2 1 1 0 1 1 2 1 0 1 1 1 1 1 1 1 2 1 2 0 1 1 1 0 1 0
2 2 2 2 2 2 1 1 1 2 2 1 0 1 0 0 1 0 0 1 1 1 1 0 0 2 0 1 1 2 0 1 2 0 1 2 1 1 1 1 0 1 1 0 1 1 1 0 1 0 0 1
1 1 0 0 0 1 1 1 1 1 1 1 1 1 2 0 1 1 1 1 1 0 1 2 2 1 1 1 1 1 0 1 0 0 1 1 1 1 1 2 1 2 2 0 2 1 2 2 0 1 0 1
2 1 2 1 2 0 0 2 1 1 0 1 2 0 1 0 0 1 1 0 0 0 1 2 1 1 2 2 0 1 1 2 2 1 2 0 1 1 1 1 1 0 1 1 0 0 0 1 1 0 0 1
1 2 1 1 1 1 2 0 2 1 1 1 2 0 2 2 0 2 2 1 1 1 1 2 2 1 2 0 2 1 0 1 2 1 1 1 0 0 2 1 1 2 1 0 1 2 1 2 1 2 1 0
2 2 1 1 0 1 1 2 1 2 0 1 1 1 1 0 1 0 1 1 1 2 2 1 2 1 0 1 1 2 1 2 2 1 0 1 1 1 2 1 2 0 1 2 1 0 0 1 1 1 0 1
1 1 1 1 1 1 2 0 0 0 2 1 0 2 0 2 0 1 2 2 1 2 1 2 1 0 2 0 2 1 0 0 0 1 2 1 1 0 0 2 1 2 2 2 1 1 1 2 0 1 1 2
1 1 2 1 2 1 1 1 2 0 2 2 1 0 1 1 2 2 0 0 0 0 0 1 1 2 1 2 1 1 1 1 2 1 2 0 0 2 0 0 1 0 0 1 1 0 0 0 0 1 2 0
0 0 1 0 1 1 0 0 0 1 1 0 0 1 2 1 1 2 2 0 2 2 1 1 2 2 1 0 1 1 1 1 1 0 1 0 0 1 1 1 1 1 1 2 0 2 1 0 2 2 1 1
1 1 2 1 1 1 0 0 1 1 0 1 2 1 0 0 0 1 1 1 1 1 1 1 1 1 2 2 1 1 1 2 2 1 2 0 2 2 2 1 0 1 1 2 0 1 1 0 1 1 1 1
0 2 1 0 1 0 1 1 1 1 1 1 2 1 2 1 1 2 2 1 2 0 0 1 1 0 1 0 1 0 1 1 1 1 0 1 2 0 1 0 2 2 2 1 2 1 0 2 2 2 2 2
13 9 15 7
24 45 75 86 120 153 180 158 210 191 244 244 296 310 325 365 382 364 321 402 385 420 378 518 486 453 539 522 594 560 584 620 622 727 576 868 811 733 856 935 944 746 793 1046 958 821 967 798 1014 1041 962 881
