52
30
1 2 1 1 0 2 2 1 0 2 2 1 1 1 1 2 0 1 2 2 0 1 1 0 1 1 1 2 1 1 2 1 2 1 2 1 1 1 2 1 1 1 1 1 2 1 0 1 1 1 0 1
0 1 1 2 0 2 1 1 1 0 2 1 0 0 1 1 2 2 0 1 1 1 2 1 1 2 2 0 1 1 1 1 1 1 1 0 0 1 1 2 1 1 0 2 2 1 1 2 2 1 2 0
1 1 0 2 1 2 2 1 1 2 1 2 1 1 1 0 1 2 1 1 1 0 0 0 0 0 1 1 1 2 1 2 1 1 1 1 1 1 1 0 0 1 1 0 2 1 0 0 2 1 1 1
2 0 1 1 1 1 1 0 0 1 1 1 1 0 2 0 2 1 2 2 2 2 1 1 2 1 1 2 0 1 0 1 1 1 1 1 0 0 2 0 1 1 1 1 1 1 1 2 2 1 1 2
1 1 1 2 2 2 1 1 1 2 2 1 1 0 0 0 0 0 1 0 0 2 0 0 1 0 1 2 1 1 2 2 2 2 1 1 1 1 2 0 0 1 1 2 0 0 0 1 1 1 1 1
0 0 0 1 2 0 1 1 1 1 1 1 1 1 1 0 2 2 1 1 1 2 1 1 1 1 1 1 2 1 1 1 1 1 2 0 1 1 0 1 1 1 1 2 2 0 1 2 2 2 2 0
1 1 2 0 1 2 2 2 1 2 2 1 2 2 0 0 0 1 1 1 2 1 1 0 1 2 1 0 1 2 2 1 1 2 1 1 2 0 1 0 1 1 1 2 1 2 1 1 1 0 1 1
2 0 1 1 0 1 0 1 0 2 1 1 2 1 1 2 1 1 2 1 1 1 2 0 1 1 1 1 0 0 2 2 0 0 0 1 0 1 0 0 1 1 1 1 2 2 1 1 1 1 2 0
2 2 1 0 2 2 1 0 0 1 2 1 2 0 0 0 1 2 1 2 2 1 1 1 1 0 1 2 0 2 1 1 2 0 1 1 1 1 2 0 0 0 1 1 2 0 2 2 0 1 2 2
1 1 1 1 1 0 1 1 1 1 1 1 1 1 2 1 1 1 1 0 1 1 2 1 1 1 0 2 1 0 1 0 0 0 0 1 0 0 0 1 1 1 2 1 1 2 1 1 2 0 2 2
1 2 0 2 2 2 1 1 0 2 1 1 2 0 1 1 1 0 2 0 1 1 1 0 0 1 1 1 2 1 2 1 2 2 1 2 1 1 2 1 1 0 0 0 1 1 2 2 1 2 1 1
0 0 1 1 1 1 0 2 2 1 0 1 1 1 0 2 2 1 1 0 1 2 2 1 2 1 0 0 1 1 1 0 1 1 2 0 1 2 0 0 1 1 1 1 1 2 1 1 1 2 1 2
1 2 2 2 0 1 1 1 1 1 2 0 2 0 2 0 1 1 0 2 0 0 1 1 1 1 0 2 1 2 0 0 1 2 2 2 1 1 2 2 1 1 1 1 1 1 1 1 0 2 1 1
1 0 1 0 0 2 0 0 0 1 1 0 2 0 0 1 1 2 1 2 1 1 1 2 1 0 0 0 0 0 1 0 0 1 1 1 1 1 0 1 1 2 1 1 1 1 2 1 1 1 1 2
2 2 1 1 1 1 1 1 0 1 1 1 2 1 0 1 2 1 1 0 1 2 1 1 0 1 2 2 0 0 1 1 2 2 2 2 1 2 2 0 2 0 2 1 0 1 0 2 1 0 0 0
1 1 2 2 1 0 1 1 0 2 1 0 1 2 2 1 1 1 1 2 2 2 2 2 2 1 1 1 1 1 2 1 1 2 2 0 0 0 1 2 2 2 2 0 1 1 1 1 2 1 0 2
0 2 1 1 2 2 1 1 2 1 0 1 1 1 0 0 1 0 1 2 0 0 1 1 2 0 1 2 1 0 2 1 2 1 1 1 2 2 0 1 1 1 1 1 0 2 0 0 0 1 0 1
1 0 0 0 1 1 0 0 1 1 0 0 1 0 1 1 2 1 0 1 1 1 1 2 1 1 0 1 1 1 1 0 1 1 2 0 1 1 1 1 0 0 1 1 1 2 2 1 1 1 0 2
1 1 1 1 1 1 2 2 2 2 1 2 1 1 1 0 2 1 1 0 1 0 0 2 0 0 2 2 0 1 1 2 2 2 1 2 2 0 2 0 0 1 1 0 0 2 1 1 0 1 1 0
0 1 0 1 1 1 1 1 1 1 1 0 1 1 1 1 1 2 0 2 2 1 1 1 1 2 1 1 1 0 1 1 1 2 0 0 2 1 1 2 2 2 1 0 1 2 1 2 1 1 1 1
2 1 1 1 0 1 1 2 1 1 0 1 2 1 0 2 1 1 1 0 0 1 1 0 1 0 1 1 2 2 1 2 1 2 2 2 1 0 2 1 1 0 0 1 2 1 0 1 1 2 1 0
0 0 0 1 1 1 0 1 1 1 1 2 0 1 1 0 1 1 2 1 2 1 1 1 1 0 1 2 2 1 0 0 1 1 1 1 1 0 2 2 1 2 0 2 2 2 1 2 2 1 1 1
1 2 0 2 2 0 2 2 2 2 0 0 1 1 1 1 2 0 2 0 0 1 1 1 1 0 1 1 0 2 2 2 2 2 2 1 2 1 2 0 0 1 0 0 1 0 0 1 0 1 2 0
1 1 1 1 1 0 2 0 1 2 0 1 0 2 1 1 1 2 2 2 2 1 1 1 2 0 1 0 1 0 2 2 1 1 0 1 2 1 1 0 2 2 1 0 1 2 0 1 2 2 1 1
1 1 1 2 1 2 0 1 1 1 1 1 2 1 0 0 1 0 1 1 1 1 2 1 1 0 2 1 2 1 2 1 2 1 2 0 2 1 1 0 0 2 1 2 1 2 1 0 1 0 2 2
1 1 1 0 1 1 1 1 0 1 1 1 0 0 2 1 2 0 2 2 1 1 1 1 0 1 0 1 0 1 2 2 1 2 1 0 1 1 0 1 1 1 2 2 0 1 0 2 1 2 0 2
2 1 0 2 2 0 1 2 2 1 2 2 1 1 0 0 0 1 1 1 0 2 1 0 1 1 1 1 2 2 1 0 1 2 1 2 1 0 2 2 1 0 1 2 1 0 2 2 0 1 0 1
0 2 0 1 1 1 1 0 2 0 0 1 1 0 1 2 1 2 1 1 2 2 0 2 2 2 0 0 1 1 0 0 1 2 1 0 0 0 1 2 1 0 0 1 1 1 0 2 2 1 1 1
1 1 1 1 1 1 0 2 2 1 2 0 1 0 2 2 1 1 2 2 0 0 1 0 0 0 2 0 1 1 1 0 2 2 1 2 2 2 0 1 1 1 1 2 1 0 0 0 0 1 0 1
1 1 2 1 1 1 1 1 0 0 2 1 0 2 1 1 2 2 1 1 2 1 0 2 1 0 1 1 1 1 1 1 2 0 1 0 2 1 0 2 1 1 1 1 0 0 2 2 2 2 1 0
19 23 18 9
31 48 100 110 172 208 174 289 254 330 396 325 403 500 456 548 606 575 594 628 605 676 826 616 884 863 734 911 701 1034 1065 806 1207 1069 1054 952 1029 1331 1128 1179 1006 1532 1145 1404 1457 1149 1161 1195 1313 1417 1391 1863
