52
20
1 1 2 1 2 1 1 2 2 1 2 0 2 0 1 0 0 0 1 0 0 0 0 1 0 1 2 2 1 1 1 0 1 2 1 2 0 2 2 0 1 0 1 1 1 1 1 1 1 0 0 1
1 0 1 1 1 1 1 0 1 0 1 0 2 1 1 2 1 2 2 1 1 1 0 1 1 1 1 0 0 1 0 1 1 0 1 1 2 1 1 2 1 2 1 2 2 0 2 0 2 1 1 2
1 2 0 2 1 1 0 2 1 2 2 1 1 0 2 1 1 0 1 1 0 1 0 1 2 2 1 1 2 0 2 2 2 2 1 1 1 0 1 0 1 2 0 0 2 1 1 2 1 0 2 0
1 1 1 2 1 2 2 1 1 2 0 1 1 0 1 1 0 1 2 1 1 1 2 2 1 1 0 0 0 0 2 1 0 1 1 1 0 1 2 1 1 0 2 2 1 1 1 2 1 0 1 1
1 1 1 2 2 2 2 2 1 2 1 1 1 0 0 2 1 1 1 0 1 1 0 1 2 1 1 2 1 1 2 1 1 1 1 2 1 1 2 2 1 1 0 1 0 1 2 1 1 0 0 1
1 0 1 1 1 2 0 0 2 0 0 2 0 2 1 1 2 1 1 2 1 1 1 2 1 1 0 1 1 1 1 1 1 1 1 0 1 1 1 1 1 1 2 1 0 2 0 1 2 2 2 1
1 2 1 2 1 0 1 2 1 1 2 2 2 2 0 1 1 0 2 1 2 1 1 0 1 1 2 2 2 2 1 1 2 1 2 0 2 1 2 1 1 0 1 2 2 1 1 0 0 2 1 0
0 0 0 2 0 0 1 0 0 0 1 1 2 0 1 1 1 0 0 1 1 2 1 2 1 1 1 1 0 1 0 1 2 1 1 0 1 1 1 0 2 1 1 0 2 1 1 1 2 0 1 1
1 1 1 2 1 1 2 0 2 2 1 1 1 1 0 2 1 1 1 0 0 1 0 0 1 0 1 1 2 1 1 0 0 2 1 2 1 1 0 0 1 0 2 1 0 1 2 1 2 1 1 1
0 1 1 0 0 0 2 0 1 0 0 0 0 1 1 1 1 1 1 1 2 1 0 2 2 1 1 1 1 1 1 0 0 0 2 2 1 2 0 2 1 1 1 1 2 1 0 2 1 1 1 2
1 2 2 2 2 2 1 1 2 0 2 1 1 1 0 0 1 1 1 0 1 0 1 0 1 1 1 1 1 0 1 0 2 1 1 1 1 1 0 0 1 1 2 2 1 1 0 1 0 0 1 1
0 1 1 1 2 0 1 1 1 1 1 1 1 2 2 0 2 1 1 1 2 0 1 2 1 0 2 0 0 1 1 1 1 1 0 1 2 0 1 1 1 1 2 0 1 2 1 1 1 2 2 1
2 1 2 2 1 1 0 2 0 1 1 1 2 1 1 0 0 0 2 2 0 1 1 2 1 0 1 1 1 0 2 2 0 2 2 1 1 2 2 0 0 1 2 1 0 0 1 1 0 0 0 1
1 1 2 1 0 0 1 2 0 0 0 0 1 2 1 0 0 1 1 2 2 1 1 2 1 1 0 1 1 0 1 1 0 0 0 1 1 1 1 1 2 1 1 2 1 1 0 1 1 1 2 1
2 0 1 2 1 1 2 1 1 1 0 1 1 2 1 1 2 0 1 1 2 0 1 0 1 0 1 1 2 1 1 1 1 1 1 2 1 1 2 1 0 1 1 0 1 0 0 1 0 0 0 2
1 0 0 1 1 0 1 2 0 0 0 2 1 2 2 1 2 2 0 1 2 1 2 1 2 2 0 1 1 1 0 2 1 2 1 1 2 1 0 1 0 2 0 2 1 1 0 1 1 1 1 2
0 0 2 2 2 1 1 2 1 1 1 0 0 0 1 1 0 1 1 0 1 1 0 0 2 0 0 1 1 1 0 0 1 1 2 1 0 2 2 1 1 1 1 1 1 1 1 1 1 1 0 1
0 1 0 0 1 0 0 1 1 2 1 0 2 2 1 0 2 1 1 2 1 2 1 1 1 1 1 0 1 2 1 0 2 1 1 0 1 0 1 1 1 2 0 2 0 1 0 1 2 1 2 2
1 2 1 1 2 1 0 2 2 1 2 1 2 0 1 2 1 2 1 1 1 0 0 0 2 1 1 1 2 2 2 0 0 2 1 1 2 1 0 1 1 1 1 0 0 2 1 1 0 2 1 0
0 1 1 0 2 0 2 0 0 1 0 0 0 1 0 2 0 2 1 0 1 2 1 1 0 2 1 2 0 1 0 2 0 1 0 2 1 1 1 1 2 2 2 2 1 2 1 2 1 2 1 2
11 11 11 6
16 29 62 68 114 101 154 164 213 202 198 223 278 336 338 334 318 396 437 347 488 444 532 380 492 589 498 648 578 615 540 630 652 759 651 622 813 627 655 741 652 719 724 789 1000 958 998 777 1058 1082 999 1227
