52
20
1 1 0 1 1 1 1 1 1 1 1 2 1 2 0 2 1 1 1 1 1 1 0 0 2 1 2 1 1 1 0 0 0 2 2 2 0 1 1 1 2 1 2 0 1 1 0 0 0 1 0 1
1 1 2 1 1 1 1 1 1 0 1 1 1 2 1 2 1 2 1 0 0 0 1 1 1 1 2 1 2 0 0 0 1 1 1 2 1 1 1 1 1 1 0 1 0 2 2 1 1 1 1 2
2 1 1 1 2 0 1 2 0 1 1 1 1 1 1 1 1 0 1 0 0 1 2 1 0 1 1 0 1 2 1 1 1 2 2 2 0 0 1 1 1 1 1 2 0 0 1 1 2 2 1 0
0 1 2 2 2 1 1 1 0 2 2 1 0 1 2 1 0 2 1 1 1 1 1 2 1 1 1 1 2 1 2 1 1 0 0 0 1 1 1 1 1 1 2 1 0 1 1 2 1 1 2 2
2 0 1 2 1 1 1 0 2 2 0 0 1 1 0 1 0 1 1 0 1 1 1 1 1 1 2 2 0 2 1 0 1 2 1 1 0 1 1 0 0 1 1 0 1 1 1 0 1 2 1 1
1 1 0 1 0 0 1 1 2 1 1 1 0 1 2 1 2 2 0 1 2 1 0 2 1 1 0 1 0 0 2 1 1 2 0 1 1 2 0 0 2 2 2 2 2 2 2 1 1 2 2 1
1 2 2 1 2 1 0 1 1 1 1 1 0 2 1 1 2 0 1 1 0 0 2 0 2 0 1 0 1 2 1 2 2 1 2 1 0 1 1 1 0 0 1 0 1 1 1 1 0 2 1 1
1 1 0 0 0 0 1 0 1 1 1 2 0 1 1 2 2 0 0 1 2 1 1 1 1 1 1 0 1 1 1 1 2 1 0 0 0 0 1 2 1 2 1 2 2 1 1 2 1 2 1 2
1 2 0 1 2 1 2 0 2 1 1 1 1 0 1 1 0 0 1 1 1 0 0 1 1 0 2 1 1 2 1 1 2 2 1 1 2 2 2 0 2 1 0 1 0 1 2 1 2 1 1 0
1 0 0 2 1 2 0 1 0 1 1 1 1 0 1 2 0 0 1 2 2 1 1 2 1 1 2 1 0 0 2 1 0 2 0 0 0 1 1 2 1 1 1 1 2 1 2 1 1 2 0 2
2 0 0 0 1 1 1 1 0 1 0 2 1 0 2 0 1 2 1 1 1 0 0 2 1 1 2 2 0 1 2 0 1 2 1 1 1 1 2 0 1 2 0 0 0 0 1 0 0 1 0 1
0 0 0 2 1 1 0 0 0 0 1 2 1 2 1 0 1 2 1 2 2 1 1 0 2 2 1 2 1 1 2 1 1 1 2 1 2 0 0 2 1 1 2 1 2 1 1 2 1 1 2 1
1 1 1 0 1 0 2 2 2 1 2 1 0 1 1 0 2 1 1 0 0 1 0 2 1 0 1 2 0 1 2 2 1 1 0 2 0 2 1 1 0 0 1 1 1 1 0 0 1 1 1 1
1 2 1 1 0 2 2 2 0 2 1 1 1 2 1 0 1 1 2 1 0 0 1 0 2 1 1 0 1 0 2 1 1 1 1 1 1 1 0 1 1 2 2 0 1 2 2 1 1 1 2 2
1 1 1 1 2 1 2 2 1 2 2 0 0 1 2 2 2 0 0 1 0 0 0 1 1 1 1 1 2 0 2 0 2 2 1 2 1 1 2 0 2 1 0 1 1 0 2 1 1 0 0 0
0 0 0 1 0 0 0 2 1 2 0 0 1 2 0 1 2 1 1 1 1 2 1 1 2 1 0 2 1 2 1 1 0 1 1 1 0 0 1 1 1 2 1 1 2 2 1 1 0 2 1 1
2 1 2 2 1 1 1 2 2 1 2 1 1 1 0 1 0 1 1 2 2 0 1 2 1 1 1 1 2 1 0 1 2 1 2 2 1 1 1 0 2 1 0 1 0 1 1 1 0 1 1 2
2 2 1 1 1 1 1 1 0 0 0 2 1 1 0 2 2 0 2 2 1 1 1 1 0 1 1 2 0 0 0 1 1 0 0 0 2 1 0 1 1 1 1 0 2 2 1 2 1 2 2 1
2 2 1 2 0 0 1 1 1 2 2 1 0 1 1 1 2 1 1 0 0 1 0 0 0 1 2 2 2 1 1 1 1 1 1 1 2 1 1 0 1 0 0 0 1 0 1 1 0 0 1 2
0 1 1 1 0 1 0 1 0 0 2 0 1 1 1 0 0 1 2 1 2 0 1 1 1 1 0 0 2 1 0 2 1 1 1 0 1 0 1 0 1 1 0 1 1 2 0 2 1 1 1 1
18 17 15 26
19 43 57 72 90 112 158 168 161 199 229 249 286 281 313 326 278 323 356 382 419 349 362 404 559 548 462 474 454 514 618 752 746 722 683 842 750 785 882 857 925 746 696 861 983 1009 766 1028 1139 1174 1104 972
