52
30
1 2 2 1 1 0 0 2 0 0 1 1 1 0 2 1 1 0 0 1 1 1 0 1 1 1 2 1 1 0 2 1 2 0 2 2 1 2 1 0 2 0 2 1 2 2 0 1 2 1 1 1
2 1 1 0 0 1 1 0 1 0 2 1 1 2 0 0 1 0 2 0 2 1 2 2 2 1 0 1 1 0 0 0 2 1 1 1 0 2 0 2 1 2 1 1 2 1 2 2 0 1 2 1
1 1 2 2 2 1 1 2 1 2 1 2 1 1 0 0 0 0 0 0 1 0 1 1 2 2 1 2 1 2 2 1 1 1 1 0 2 1 2 0 1 2 2 2 1 0 1 0 1 1 1 1
1 1 0 2 1 0 1 0 1 1 1 1 1 2 1 1 2 2 1 2 0 0 1 1 2 1 0 0 0 1 0 1 0 2 2 2 1 1 0 2 1 2 1 1 1 2 2 1 2 2 1 2
2 0 2 2 1 0 2 2 2 1 2 2 1 0 1 0 2 1 0 0 2 0 1 0 2 1 1 0 1 2 0 1 1 1 2 0 1 0 1 1 1 2 0 0 1 0 1 2 0 1 2 2
0 1 1 1 0 2 1 0 1 0 1 1 0 2 1 2 1 2 1 1 1 2 1 1 1 2 0 0 1 1 0 2 1 1 1 0 1 1 1 1 1 1 2 2 1 0 1 1 2 2 2 1
1 0 1 1 2 2 1 2 1 2 1 1 2 0 1 2 2 1 1 0 1 0 1 0 1 1 1 2 2 2 0 2 1 2 1 1 1 2 2 0 1 1 0 0 0 0 0 0 1 0 1 2
1 1 1 0 1 1 0 0 1 1 0 0 1 2 1 1 2 1 1 1 1 2 1 2 2 2 0 1 0 1 1 0 1 0 0 0 0 0 1 1 2 2 2 2 0 1 1 1 1 2 1 2
1 0 2 2 0 0 0 2 0 0 2 2 1 2 1 1 1 1 2 1 1 2 0 2 1 1 2 2 2 0 2 2 0 1 0 2 2 2 1 1 1 0 1 1 0 1 1 0 1 2 2 1
0 1 2 2 2 1 0 1 1 0 1 1 0 2 2 1 1 2 0 2 0 2 0 2 1 1 1 0 0 1 1 0 1 1 1 0 2 1 1 2 1 1 2 0 1 2 1 2 1 2 1 2
1 2 2 1 1 0 1 1 1 2 0 0 2 2 0 0 1 2 0 1 1 2 0 2 1 0 1 2 1 1 2 2 2 2 1 1 1 1 1 0 1 0 2 1 0 1 1 1 1 0 1 1
0 2 1 1 2 1 2 0 0 1 1 1 1 2 0 1 1 0 2 2 1 1 1 1 1 1 1 1 1 1 2 2 2 1 1 1 1 1 1 2 2 1 0 2 2 1 1 1 0 1 2 1
2 1 2 2 1 2 1 2 1 0 1 2 1 1 2 0 1 0 1 1 1 1 0 1 1 0 2 2 1 0 2 0 0 1 1 0 2 2 2 0 0 1 1 1 1 1 0 0 1 1 1 1
2 1 1 0 0 1 0 1 0 1 2 0 1 1 1 1 2 1 2 2 1 2 2 1 2 1 1 2 1 1 0 1 1 1 2 1 0 0 2 0 0 2 1 1 0 0 2 2 2 1 0 2
1 0 2 2 1 2 2 2 1 2 0 1 1 0 0 0 1 2 1 0 0 1 1 0 1 0 1 1 1 1 2 1 1 1 2 2 1 1 2 0 0 0 1 1 1 1 1 2 1 2 0 2
1 1 1 1 0 1 1 1 0 0 1 2 0 2 1 2 1 0 0 1 1 0 2 2 2 1 1 0 0 1 0 0 0 1 1 0 0 0 2 1 2 2 1 1 2 1 1 1 1 2 1 2
1 2 1 1 1 1 1 2 0 2 0 1 1 0 0 1 1 1 0 2 2 2 1 1 1 1 2 0 2 1 2 1 1 1 1 1 1 2 2 2 0 1 1 0 1 1 1 0 1 2 0 0
1 1 1 0 1 1 1 0 2 0 0 1 1 1 1 1 2 0 2 2 1 0 0 0 1 1 1 0 1 1 0 0 1 2 0 0 0 0 0 2 2 2 2 1 1 2 1 2 0 2 0 0
1 1 2 1 2 0 2 2 1 1 1 2 2 1 1 0 0 2 0 1 1 0 1 0 2 0 0 0 1 2 0 1 1 1 1 2 1 2 2 0 0 1 1 1 1 1 1 0 1 0 1 2
0 0 1 0 0 0 1 0 1 0 1 0 1 1 1 0 2 0 1 1 1 1 1 1 1 0 1 1 0 0 1 2 1 1 2 2 0 1 1 2 1 2 0 1 1 2 2 1 2 1 1 2
2 2 2 0 1 1 1 2 2 1 1 1 2 1 0 1 1 0 1 0 2 0 1 1 1 2 1 2 2 2 0 1 1 1 2 1 0 1 1 1 0 1 0 1 1 2 0 1 0 0 1 1
1 0 2 2 2 1 0 0 0 0 2 0 1 1 0 2 1 0 1 2 2 1 1 2 1 1 1 1 0 1 1 1 1 0 0 1 0 0 0 0 1 2 2 2 1 0 2 2 0 0 2 1
2 1 1 0 2 2 1 1 1 1 0 1 0 0 1 0 2 1 1 2 1 1 2 1 2 0 2 0 0 0 0 2 1 2 2 1 2 1 0 0 1 2 0 2 1 0 1 2 1 1 0 1
1 1 1 1 1 1 1 1 2 1 1 2 0 2 2 2 0 2 2 2 1 1 0 0 2 0 0 1 0 0 1 0 2 0 2 2 1 0 0 2 1 1 1 1 1 1 2 1 1 0 1 1
1 2 1 1 1 0 1 2 1 1 2 0 1 1 1 1 1 1 1 1 1 1 0 0 0 1 2 2 1 1 1 1 0 1 2 1 2 1 2 0 2 0 0 2 1 1 1 1 2 1 0 0
1 1 0 1 2 2 2 1 1 0 1 1 0 1 0 2 1 0 1 0 2 2 0 2 2 1 1 1 1 1 0 1 0 1 2 0 0 2 1 1 1 2 0 2 1 1 1 2 2 1 2 1
2 1 2 2 2 2 0 1 1 1 1 2 1 1 1 1 2 0 1 0 1 1 0 2 1 1 2 0 2 2 1 1 0 1 0 2 1 1 1 0 2 1 0 2 0 2 2 0 1 0 0 1
0 0 1 1 1 1 1 0 0 0 1 0 1 1 2 0 1 0 2 2 2 1 1 2 1 1 1 0 1 2 1 1 0 0 0 1 2 0 1 2 1 1 2 1 0 2 2 1 1 1 1 2
0 1 2 1 2 0 2 1 1 1 0 2 1 2 0 0 0 1 0 0 1 2 1 0 0 2 2 1 1 1 2 1 2 0 1 1 1 2 1 1 1 1 0 1 0 1 0 0 1 2 1 0
1 1 0 1 0 1 0 0 0 2 1 1 1 2 1 2 1 2 2 1 2 1 1 1 2 2 1 0 0 2 2 2 0 1 0 1 1 1 0 1 0 2 2 2 1 1 2 1 2 2 0 2
16 23 23 23
30 61 120 142 198 215 249 205 242 311 357 319 402 359 511 385 515 499 613 503 723 556 620 636 699 653 766 761 823 759 875 1080 1181 901 915 1245 1075 1039 1247 1386 1256 1401 1170 1268 1565 1376 1699 1619 1399 1591 1386 1412
