52
30
1 2 0 0 1 2 1 2 0 0 2 0 2 0 1 2 0 0 2 0 1 0 1 1 1 0 2 1 1 1 2 2 1 2 1 2 1 0 1 0 0 1 1 2 1 1 1 0 1 1 1 1
2 1 1 1 1 1 1 1 1 1 1 1 1 1 0 2 2 1 2 1 1 0 1 2 1 1 0 0 0 1 1 0 1 1 1 1 1 0 0 2 1 1 0 1 2 2 1 2 1 1 1 1
2 0 1 0 1 0 0 2 1 2 2 1 1 1 1 0 1 2 0 0 0 2 0 0 1 1 2 0 2 2 1 1 1 0 1 0 2 2 1 1 0 1 1 1 0 1 1 1 0 0 2 1
1 1 2 0 0 0 1 0 1 0 1 0 1 2 1 2 0 2 2 1 0 1 0 1 1 2 0 0 0 1 0 1 1 0 0 0 2 1 2 2 1 0 1 2 1 2 2 1 1 1 2 1
1 2 0 1 2 2 2 1 2 2 2 1 2 0 1 1 2 1 1 1 0 1 1 1 1 0 2 2 0 2 1 1 2 1 0 2 2 1 0 1 1 0 0 1 1 0 2 1 2 0 2 2
1 1 1 2 1 2 1 1 0 2 0 0 1 2 2 0 1 1 1 2 2 1 2 1 1 1 0 2 1 1 2 0 1 1 1 0 0 1 1 2 1 1 0 1 1 0 1 2 2 1 1 1
1 1 2 2 2 2 1 2 0 1 2 1 2 0 2 2 1 1 0 2 0 1 0 1 1 0 0 1 1 2 2 0 2 1 1 2 1 1 1 1 1 0 0 0 1 0 0 2 0 2 1 0
0 2 1 1 0 0 0 0 0 0 0 1 0 1 1 1 1 0 1 1 0 0 1 0 0 2 0 1 1 2 1 1 1 0 1 0 1 0 1 1 1 1 1 2 2 0 2 1 0 0 0 1
1 1 2 1 2 0 2 1 1 2 1 0 1 1 1 1 0 0 1 0 0 1 2 2 1 1 2 2 2 2 0 0 2 1 2 1 2 2 1 0 1 0 1 0 1 2 2 0 1 1 1 1
1 0 1 1 1 2 1 0 2 1 1 1 0 2 0 2 0 2 0 1 1 2 0 1 1 1 0 1 2 1 1 0 2 1 2 2 1 1 0 2 1 1 1 2 1 2 2 2 1 2 2 0
2 1 2 1 2 1 2 1 0 2 1 1 1 2 1 2 0 1 1 2 1 1 2 1 0 1 0 2 1 2 1 1 1 1 2 1 2 2 1 1 1 2 1 1 0 1 0 0 1 2 1 0
0 1 0 0 0 1 1 1 1 1 1 0 2 1 2 2 2 0 2 0 0 1 2 1 2 1 0 0 0 2 2 1 1 1 1 1 1 1 2 2 0 2 2 2 2 0 1 0 0 1 1 1
1 0 1 1 2 1 0 2 2 1 1 1 0 1 0 2 0 0 0 2 1 2 1 1 1 1 1 0 2 1 1 1 1 1 2 2 1 1 2 1 2 1 2 2 0 2 0 0 1 2 0 1
1 1 2 0 1 0 0 1 1 0 0 0 1 2 1 2 1 2 2 1 2 2 1 1 1 0 0 0 0 0 2 1 1 0 0 2 0 1 1 2 1 1 2 0 2 1 2 0 2 2 2 1
1 1 1 1 2 0 1 1 2 1 1 0 1 1 2 0 0 1 1 0 1 0 0 2 2 1 1 1 1 2 1 1 2 1 1 0 0 1 1 0 2 1 2 2 1 1 0 1 1 1 0 0
2 0 1 1 1 1 1 0 0 2 2 1 2 1 1 1 1 1 2 1 1 1 1 1 1 1 0 1 1 1 1 0 1 2 0 0 1 1 1 1 1 2 1 0 1 2 1 0 1 1 1 1
1 2 1 1 0 1 0 2 1 2 2 1 2 1 2 0 1 1 1 1 1 1 0 2 1 0 2 2 1 1 0 1 1 0 2 0 1 2 1 1 0 1 1 2 0 1 1 1 1 1 1 1
1 0 2 1 2 0 1 1 1 2 0 1 1 1 2 2 1 1 0 1 2 0 1 2 1 1 1 1 1 0 1 1 0 1 0 0 1 2 0 2 2 1 1 2 2 2 2 0 1 1 1 1
0 0 1 2 1 2 1 1 0 2 2 1 1 0 1 0 0 2 0 1 2 0 1 0 1 0 0 2 1 2 0 0 1 1 0 0 0 0 1 1 0 2 2 1 2 2 1 1 1 1 0 0
1 1 1 1 0 1 0 0 0 0 1 0 1 1 1 2 1 2 1 1 1 1 1 1 2 0 1 1 2 1 1 0 0 0 0 1 1 2 1 1 0 2 2 1 2 2 1 1 1 2 2 0
1 0 1 1 2 1 2 2 1 0 0 2 2 1 1 0 2 1 1 0 1 1 1 2 0 0 2 0 2 0 1 2 2 2 0 0 1 1 1 2 1 0 2 0 2 0 1 2 0 1 0 1
2 1 1 2 1 0 1 1 2 1 2 0 0 1 2 2 1 0 2 1 1 1 0 0 2 2 1 0 0 1 0 2 1 1 0 1 1 0 2 2 1 2 1 1 0 1 2 1 1 2 2 1
1 0 2 2 1 2 0 1 1 1 2 1 2 2 1 0 2 0 0 0 0 0 2 1 1 1 1 2 0 2 2 1 0 1 2 0 1 1 1 0 1 0 1 1 0 1 0 0 0 0 2 1
0 1 2 0 1 2 1 1 0 1 1 1 1 2 2 2 2 1 2 2 1 1 1 1 1 1 0 1 1 1 0 1 0 1 1 0 2 2 1 2 0 1 1 2 2 1 1 0 2 0 2 2
1 1 2 1 2 1 1 1 2 1 2 2 0 2 0 2 0 1 1 0 0 2 0 1 1 0 2 2 2 1 1 1 2 1 0 2 1 2 2 0 1 1 0 2 1 1 0 1 1 0 1 1
0 1 0 1 1 0 0 1 1 1 1 0 1 1 1 1 2 2 2 1 1 1 2 1 1 0 1 0 1 1 1 0 1 1 1 1 0 1 1 2 2 1 1 1 1 1 2 1 1 2 1 1
2 1 0 2 1 1 2 1 2 1 2 2 0 1 0 0 0 0 1 1 0 1 1 1 1 2 1 2 2 1 2 1 1 2 1 2 1 1 1 1 1 2 1 0 0 2 1 0 0 1 0 0
1 0 0 0 0 2 1 1 1 0 1 0 0 1 1 0 2 2 2 1 2 2 2 1 1 1 1 0 0 0 1 0 1 0 1 2 1 0 0 1 0 0 1 1 2 1 1 1 0 0 1 1
1 2 1 0 1 2 1 1 0 0 0 1 1 2 2 0 1 1 0 1 0 0 0 0 2 0 1 2 0 2 1 2 2 1 1 1 1 2 1 0 2 0 1 0 2 0 0 0 2 0 2 1
0 1 1 2 0 0 1 1 1 0 0 2 2 1 1 2 0 2 2 0 2 0 1 1 2 1 0 0 1 0 1 0 1 1 0 1 1 0 1 1 1 0 0 0 1 2 1 2 2 2 1 2
14 20 15 7
25 58 91 122 132 179 229 237 234 259 380 335 385 481 407 454 509 638 687 606 651 593 697 772 824 832 707 816 914 1038 1073 986 1071 1050 1051 1167 1246 1156 1016 1250 1053 1481 1452 1431 1386 1296 1467 1455 1164 1616 1430 1655
