52
20
0 1 2 2 1 1 2 1 1 2 0 1 1 0 0 1 0 0 1 1 0 1 1 0 2 1 1 1 1 2 1 0 1 1 0 1 1 0 2 1 0 1 0 0 1 1 0 1 1 1 1 1
1 1 0 1 2 1 1 0 0 0 0 0 2 2 2 2 2 1 1 2 1 2 0 2 2 1 0 0 1 1 1 1 1 0 0 0 2 0 0 1 2 1 1 0 2 2 2 2 1 1 1 1
0 1 1 1 1 2 2 2 1 2 0 2 1 2 0 1 0 2 1 2 0 1 2 1 1 2 2 1 1 1 2 1 1 2 1 2 2 2 1 1 1 0 1 1 1 2 1 1 1 0 0 0
1 1 1 2 0 1 1 0 0 1 1 1 1 1 1 0 0 0 1 2 2 1 1 1 1 1 0 1 1 0 1 0 1 0 2 1 2 0 2 2 0 0 1 1 2 1 2 2 2 2 2 0
1 2 0 1 1 1 0 2 1 1 1 2 1 1 1 1 1 1 0 2 0 0 1 1 1 1 1 0 2 1 1 0 2 2 1 1 2 0 2 1 1 1 1 2 2 0 1 0 0 1 1 1
0 0 2 1 1 1 0 0 1 2 0 1 1 1 0 1 1 2 1 0 2 2 1 2 2 2 0 2 1 1 1 0 0 0 1 1 1 1 2 1 1 2 1 0 1 2 1 0 1 0 2 1
0 1 1 1 2 2 2 2 2 2 2 1 1 0 2 1 1 0 1 2 2 1 1 1 1 0 1 1 1 1 1 0 1 1 2 2 1 0 2 0 1 0 0 0 1 1 1 1 0 0 2 0
1 1 0 1 0 1 1 1 2 1 1 2 1 0 2 2 1 1 2 1 2 2 2 0 2 0 0 1 1 0 2 1 1 1 1 1 1 0 2 1 1 1 0 1 2 1 2 2 2 0 0 1
1 1 2 2 1 1 1 1 2 1 1 1 1 0 1 1 1 1 0 1 0 0 1 1 2 1 2 1 1 1 1 1 1 2 1 1 2 0 0 2 1 0 2 0 0 2 0 1 0 0 0 2
0 2 1 2 0 0 0 1 0 0 0 0 1 1 1 0 2 2 0 1 2 1 0 2 1 2 0 1 1 1 1 1 1 0 0 0 1 1 0 1 1 2 1 1 1 2 2 1 1 2 2 2
2 0 1 0 2 1 1 1 2 2 2 2 1 1 0 1 0 2 1 2 2 2 0 2 1 1 1 1 0 0 2 0 2 2 2 1 2 1 1 1 1 0 1 0 1 0 0 1 1 0 0 2
0 0 0 0 2 2 0 0 0 1 2 1 1 2 2 0 2 2 2 0 1 0 2 1 1 1 1 0 2 0 1 0 1 1 1 2 1 1 1 0 0 1 0 2 1 1 2 0 1 2 2 1
1 0 1 2 1 2 1 1 1 2 0 1 1 1 2 0 1 1 1 1 0 1 1 2 0 0 1 1 1 1 1 2 1 1 1 1 1 2 2 0 0 1 2 1 0 1 0 0 0 0 1 1
1 1 1 1 1 0 1 0 1 2 0 1 2 2 1 1 1 1 1 1 1 1 2 1 1 1 1 0 1 2 1 1 0 2 1 0 0 0 2 1 1 2 2 2 1 1 2 1 0 0 2 1
1 2 1 2 1 1 2 2 1 1 2 2 0 1 2 2 0 1 1 1 1 1 0 2 2 1 1 0 1 2 0 2 1 1 1 1 2 1 2 1 0 0 2 1 0 1 2 1 1 1 1 0
1 0 0 1 2 1 2 0 0 1 0 1 1 1 2 1 2 2 2 0 1 2 2 0 1 1 1 0 0 1 1 2 0 1 0 1 1 0 0 2 1 1 2 2 1 1 1 2 2 1 1 1
1 1 2 2 0 1 1 0 2 2 2 2 1 0 2 0 2 2 1 0 1 0 2 1 0 1 1 1 2 2 1 1 2 0 2 1 1 0 1 1 1 0 0 1 1 1 1 1 0 2 1 2
1 1 0 1 1 2 0 0 0 1 1 0 2 2 0 0 0 2 2 1 1 2 2 2 2 2 1 2 1 1 1 0 0 1 0 1 1 1 1 2 0 1 2 2 1 0 1 1 1 1 2 0
1 1 1 1 1 1 2 2 2 1 1 0 0 2 0 0 0 1 0 0 1 1 1 2 0 2 1 2 1 1 1 2 1 2 0 1 1 1 1 0 1 1 0 1 1 1 2 0 2 0 1 1
1 0 0 1 1 1 0 2 1 1 2 1 1 1 1 2 2 2 1 1 2 2 1 1 0 1 1 0 0 1 1 2 0 1 0 1 1 1 0 1 0 2 2 0 1 2 1 1 0 1 1 2
11 9 12 10
18 35 57 71 88 120 117 153 160 211 194 270 274 248 249 319 287 308 374 436 503 368 396 447 537 608 488 663 576 562 632 740 606 668 730 695 793 872 836 954 803 853 797 745 1059 774 955 986 1187 875 1110 1000
