52
30
1 2 2 1 1 1 1 0 2 1 0 2 2 2 2 2 1 1 1 1 0 1 0 1 1 0 0 1 0 1 1 1 1 2 0 1 1 1 2 1 0 1 1 0 0 1 2 1 1 0 1 1
0 1 1 0 0 0 2 0 1 1 2 1 2 0 0 2 2 0 1 1 2 1 1 2 2 1 2 1 1 0 1 1 1 1 1 1 0 1 2 0 2 2 1 1 1 2 2 1 1 0 1 2
1 2 1 0 1 1 1 2 0 1 1 2 1 1 0 1 0 1 1 0 0 1 1 0 1 1 1 0 2 1 1 1 1 2 1 1 0 2 1 0 1 1 0 0 0 0 0 1 1 1 1 1
1 0 2 0 0 0 1 2 0 1 1 1 0 2 0 2 2 1 1 1 2 1 2 1 0 1 1 0 1 1 1 0 2 0 0 1 0 1 1 1 1 1 1 1 0 2 1 2 1 1 0 1
1 2 2 2 1 2 2 0 1 1 2 1 2 0 0 1 0 1 1 1 0 1 0 1 0 2 1 1 1 1 1 1 1 2 1 1 1 1 2 1 0 1 0 2 1 0 1 1 1 0 1 1
1 0 0 0 1 2 0 1 1 1 1 0 1 0 2 1 0 2 1 0 1 1 1 1 1 1 1 1 0 0 1 0 0 1 0 1 1 1 0 2 2 2 2 1 0 2 1 2 1 1 1 2
1 1 0 0 1 0 2 2 0 1 1 2 2 0 0 0 0 1 1 0 0 1 2 0 0 1 2 2 0 1 1 1 1 2 1 1 2 1 1 1 2 0 1 1 0 1 0 1 0 1 1 0
1 2 0 0 1 1 1 1 2 2 2 1 2 2 0 2 2 1 2 1 1 1 1 0 2 1 1 1 1 0 0 0 1 0 0 0 2 2 1 2 2 2 2 2 1 1 2 1 1 1 1 1
1 0 1 1 1 2 1 0 1 1 2 1 1 0 0 2 1 0 1 1 1 0 1 1 1 0 2 1 2 1 0 1 2 1 2 2 2 2 1 1 2 2 1 2 0 1 0 2 2 0 1 0
2 1 1 1 1 2 1 0 0 0 1 0 0 0 1 2 1 2 2 2 1 2 0 1 1 2 0 1 0 1 1 1 1 1 1 1 1 0 2 0 1 1 1 2 1 0 2 2 2 1 1 2
1 1 1 1 2 1 1 1 1 1 1 1 0 0 2 0 1 0 1 1 1 1 1 1 1 1 2 2 1 2 1 1 2 0 2 0 2 2 0 0 1 0 0 0 0 1 0 1 1 0 1 2
1 0 0 1 1 1 0 0 0 1 1 2 1 1 2 1 1 2 1 1 1 2 2 2 0 0 1 0 2 0 0 1 0 0 0 0 0 0 0 0 0 1 1 2 1 0 1 2 1 1 1 2
1 2 1 1 1 1 1 0 1 0 2 2 1 0 0 2 1 1 0 1 0 1 1 1 0 0 1 1 2 1 1 1 2 0 1 1 1 2 1 0 1 0 1 1 1 0 1 1 1 1 2 0
0 0 0 0 1 0 0 2 0 1 0 1 1 2 1 1 2 2 1 1 1 1 2 0 1 2 0 0 1 1 0 1 2 1 0 0 0 0 1 0 0 2 2 0 1 2 2 2 1 0 2 1
2 2 1 2 1 1 2 1 1 1 1 0 2 1 1 1 1 0 0 1 1 1 1 1 1 1 2 2 1 1 2 2 1 2 2 1 1 1 2 2 1 1 1 1 2 0 1 1 0 1 1 0
1 1 1 0 2 1 0 1 2 2 0 2 1 1 1 2 1 0 1 2 1 1 2 1 2 1 2 1 2 2 1 2 1 1 2 1 1 1 1 2 1 1 2 0 1 1 1 1 1 1 1 2
2 1 2 2 1 2 1 2 2 0 1 1 1 1 2 0 1 1 2 0 1 1 0 0 0 1 1 1 1 2 1 1 1 1 0 2 2 1 2 1 0 1 0 0 2 2 1 1 0 1 0 1
0 0 1 1 0 1 1 1 0 1 0 0 1 2 2 1 1 1 2 2 0 1 2 1 2 1 1 1 1 0 0 1 1 0 0 0 0 0 1 1 1 1 1 1 0 0 1 1 0 1 1 1
0 1 2 2 0 1 2 1 2 0 1 1 1 0 1 0 0 1 0 1 0 1 0 0 1 0 1 2 1 2 1 1 1 1 1 1 2 1 2 1 2 1 1 2 1 0 1 1 2 1 1 1
1 1 0 1 1 1 0 1 1 1 0 2 1 0 2 1 1 1 2 0 1 2 1 1 1 1 0 0 0 1 0 0 0 0 2 1 1 1 0 1 1 1 1 2 0 0 2 1 2 2 1 1
1 2 2 1 1 1 1 1 2 0 1 0 1 1 1 2 2 0 1 0 0 1 0 2 0 1 2 2 1 2 2 0 0 1 1 2 1 2 0 1 2 1 0 0 0 1 0 1 1 1 2 0
0 0 2 0 0 2 1 1 0 1 1 0 1 1 2 1 1 1 2 2 1 1 1 1 1 1 1 2 1 0 1 0 2 1 1 1 1 0 0 1 1 2 1 2 1 1 2 1 1 2 2 0
2 2 2 2 2 1 1 0 0 1 2 2 1 1 1 2 1 1 1 0 1 1 2 1 1 1 0 1 2 1 1 2 2 2 1 1 1 2 1 1 2 1 2 1 1 0 1 0 1 1 0 2
2 1 0 0 0 0 1 0 1 1 2 2 1 0 1 1 1 1 0 2 0 1 0 2 2 1 1 0 0 1 0 0 2 1 1 1 2 1 2 0 1 1 0 2 1 2 2 2 2 2 1 1
2 0 1 2 2 1 1 1 2 1 1 0 2 1 0 0 0 0 0 0 0 1 1 1 2 2 1 2 2 1 2 2 1 1 2 2 1 1 1 0 0 0 0 1 1 1 1 1 1 2 1 1
0 1 2 0 1 0 1 2 0 1 1 1 0 1 0 2 2 2 2 1 1 0 1 1 2 0 1 1 1 1 0 1 0 0 2 0 2 0 2 1 2 1 1 0 1 2 1 2 1 1 2 2
1 0 0 1 2 1 1 1 2 2 1 0 1 1 1 0 0 0 0 1 1 0 0 1 1 0 1 0 0 2 2 2 1 1 1 1 2 1 1 0 1 0 2 1 0 1 0 1 0 0 2 1
1 1 0 1 1 0 0 0 1 1 1 1 1 2 0 2 1 1 0 2 2 0 1 2 2 2 1 1 0 0 1 0 2 0 2 1 1 0 1 2 1 1 2 1 2 2 1 1 1 1 1 2
1 2 1 1 1 2 1 1 2 1 1 1 1 2 2 0 2 1 1 1 0 1 1 0 2 0 1 0 0 1 1 2 1 2 1 2 2 2 1 2 0 2 1 0 2 1 1 2 1 1 1 1
0 0 2 1 0 0 0 1 1 0 0 1 1 0 1 0 1 2 1 1 1 1 0 0 2 1 1 0 1 0 1 0 0 2 2 1 1 2 1 1 1 1 1 1 0 1 2 1 1 2 1 2
11 14 9 7
34 67 76 126 162 185 229 220 222 320 285 337 322 385 368 509 569 432 456 551 492 678 787 622 738 620 628 896 804 1009 816 956 945 835 1015 886 970 963 1276 996 1236 1005 1333 1247 1284 1393 1124 1131 1629 1534 1349 1816
