52
20
1 2 2 0 0 1 2 2 2 1 2 2 1 2 1 1 0 0 1 0 0 0 2 0 1 1 1 2 2 0 2 2 1 2 2 2 0 1 2 2 1 2 0 2 2 0 1 0 1 1 0 0
1 1 0 0 1 1 1 1 1 0 0 0 0 0 2 2 1 2 1 0 2 2 2 0 2 2 1 1 2 1 1 2 1 1 0 0 1 1 0 2 0 1 2 1 1 0 0 1 0 1 1 1
0 0 2 2 1 1 1 2 1 1 0 2 1 1 1 0 0 2 1 0 1 0 0 2 0 1 2 0 2 2 2 2 2 1 2 1 2 1 1 0 2 2 1 0 0 0 0 1 2 0 1 1
1 0 1 0 2 1 1 1 0 1 1 0 0 2 1 1 1 1 1 1 1 0 2 1 1 1 1 1 0 2 0 0 1 1 0 1 1 1 1 1 2 1 2 2 2 1 2 1 1 2 0 0
1 2 2 2 2 1 1 1 1 1 1 1 0 1 1 0 1 1 1 0 1 2 0 0 1 1 1 1 1 1 1 0 2 2 2 1 1 1 2 1 0 1 1 1 1 0 0 1 1 0 1 1
0 2 1 0 0 2 0 2 0 1 1 1 1 1 2 1 0 0 1 1 2 1 1 1 2 2 1 1 1 0 1 1 0 2 2 1 0 1 2 1 1 0 1 1 1 2 1 2 1 1 1 1
1 1 1 1 2 1 1 1 1 2 0 2 1 1 1 0 2 1 0 0 0 1 0 1 1 1 1 1 2 1 0 1 1 1 2 0 0 1 2 2 1 1 1 1 0 1 2 1 0 0 1 2
1 0 1 1 1 1 0 0 1 1 2 1 1 1 1 2 2 1 1 2 1 2 1 1 2 1 1 1 1 2 1 1 1 1 0 1 1 0 1 1 1 1 2 1 1 2 1 1 1 1 1 0
1 1 1 2 2 1 1 1 1 0 1 2 1 1 1 1 0 0 1 1 1 2 0 0 1 1 2 1 1 2 2 2 2 1 2 1 1 1 2 1 1 1 1 1 1 1 2 2 0 0 1 1
0 1 0 0 1 0 2 0 0 0 1 0 2 0 0 1 2 1 2 1 1 1 1 2 2 0 2 2 1 0 1 0 0 2 1 0 0 1 0 1 2 0 1 2 1 1 1 2 2 2 1 2
2 0 2 1 1 0 1 1 1 0 0 1 1 1 0 2 1 0 1 2 1 2 1 0 1 1 1 1 1 1 1 2 1 0 2 0 0 0 1 0 0 0 0 0 2 0 0 1 1 1 1 0
1 0 0 0 0 1 1 1 1 1 0 0 0 1 2 2 1 0 1 1 1 1 1 2 1 1 0 1 0 1 1 0 1 0 0 1 2 1 1 2 1 2 1 0 2 0 1 2 0 2 1 1
2 1 2 0 2 2 1 1 1 0 2 1 0 1 1 1 1 1 1 0 0 0 2 2 1 1 1 1 0 1 2 1 1 1 1 2 2 2 1 0 2 1 0 2 0 2 0 0 1 1 0 0
2 2 1 0 1 0 0 1 2 1 0 1 0 2 2 2 1 0 0 1 1 1 1 2 1 1 0 0 0 2 1 1 0 1 1 1 2 0 0 1 2 1 2 2 1 2 1 2 2 1 0 2
2 2 2 2 0 1 1 2 1 2 1 1 2 1 1 1 1 0 1 1 1 0 1 0 0 2 0 1 1 0 1 1 1 2 1 2 2 1 1 2 1 2 1 0 0 1 2 0 0 1 0 1
1 1 0 2 1 0 0 1 1 1 1 1 1 1 1 1 0 1 1 0 1 0 1 1 0 0 0 2 1 1 1 1 2 1 0 0 1 0 1 1 2 0 1 2 1 1 2 0 2 2 1 1
0 2 2 1 1 1 0 1 0 1 1 2 1 1 2 0 1 1 2 2 1 0 1 0 1 0 1 0 1 2 1 1 1 1 2 2 0 0 2 0 0 0 1 0 1 1 1 0 1 1 0 1
1 0 0 1 1 0 0 0 1 1 0 1 0 2 2 1 1 2 2 1 1 1 1 2 0 2 1 1 1 1 2 1 0 0 1 1 1 1 2 1 2 1 1 2 1 0 2 1 2 0 2 1
2 2 2 2 1 1 0 1 2 2 2 0 0 0 0 0 1 0 1 2 1 1 1 1 0 1 2 0 2 2 1 2 2 0 2 2 1 2 0 0 1 1 1 1 0 0 0 0 1 1 1 0
1 1 0 2 1 1 1 1 1 0 1 0 0 2 1 1 2 1 1 0 1 2 1 1 1 2 1 0 1 1 2 1 0 1 1 0 1 2 1 1 2 1 0 1 1 2 1 2 2 1 1 2
15 20 13 19
18 47 69 76 121 124 109 155 186 218 188 252 252 213 261 330 330 368 326 421 450 340 353 438 563 493 566 571 660 506 563 507 683 720 821 760 591 608 630 649 723 969 1009 829 727 867 1098 1083 1027 903 907 842
