52
30
0 1 2 0 1 1 2 2 1 1 0 2 1 1 1 1 1 1 0 2 0 1 1 0 0 1 1 1 2 1 2 1 1 0 1 1 1 0 1 0 2 0 1 0 0 0 1 0 1 1 1 2
0 1 1 1 1 2 0 2 0 0 2 1 1 0 1 1 1 2 0 0 1 2 2 0 2 1 1 1 0 1 1 0 2 1 0 0 0 1 0 2 2 1 2 2 2 2 2 1 1 2 2 1
1 2 1 2 1 1 2 0 2 0 2 0 1 2 1 1 2 0 0 1 0 1 0 1 0 1 2 2 0 1 1 2 2 2 2 1 2 1 2 2 2 1 1 0 2 1 1 1 0 1 2 0
0 1 0 1 1 2 0 0 1 1 1 1 0 2 1 1 0 2 1 1 2 0 1 1 1 1 1 0 1 1 1 1 1 0 1 1 1 1 1 1 0 1 2 2 1 0 1 0 1 2 1 0
1 2 1 2 0 2 1 1 1 1 2 1 0 0 2 0 1 2 1 0 2 1 2 1 0 1 2 0 2 1 1 1 2 2 2 1 1 1 1 1 0 1 1 0 1 1 1 1 0 0 0 2
0 2 1 1 0 0 1 0 0 1 1 0 1 2 2 0 1 1 1 2 2 1 1 2 1 2 1 2 1 1 2 2 1 1 1 0 1 2 0 0 2 2 1 0 1 1 1 2 0 1 1 1
2 2 1 2 2 1 1 1 1 0 2 1 1 0 0 1 1 1 1 0 0 0 2 2 0 2 2 2 1 1 2 0 1 2 1 1 1 2 2 0 0 1 0 2 1 1 0 1 1 1 1 0
1 0 1 0 1 2 0 1 2 1 0 0 2 0 1 2 1 0 2 2 2 1 1 2 1 0 1 0 1 1 1 1 0 1 0 0 2 2 2 1 1 2 2 0 1 2 2 2 2 1 2 1
1 1 2 2 1 1 1 1 0 2 1 0 2 1 1 0 0 1 1 2 1 0 1 1 0 0 1 2 2 2 1 1 1 0 2 2 1 2 1 2 0 1 1 2 0 0 0 1 0 1 2 1
1 2 0 1 1 0 0 1 1 0 1 0 0 0 2 1 1 1 1 1 1 1 1 1 1 0 0 0 0 1 1 1 2 0 0 0 1 1 1 1 2 1 0 1 1 1 2 1 2 1 0 2
1 2 0 2 0 2 1 1 1 2 2 0 0 1 1 0 0 1 0 2 2 2 1 0 0 0 2 1 2 1 0 1 2 1 1 1 1 2 1 2 2 1 1 0 1 2 1 2 0 1 0 0
0 1 1 1 1 1 2 1 2 1 1 0 1 0 2 2 1 2 0 2 2 2 1 0 2 1 0 1 1 0 0 0 2 1 0 1 1 1 1 0 0 0 0 1 1 2 2 2 2 1 2 2
1 2 1 2 0 1 0 1 1 1 2 1 2 1 1 0 1 1 1 0 0 1 1 1 0 1 2 0 2 1 1 2 1 1 2 2 1 1 1 0 0 1 1 0 1 1 1 1 2 0 2 1
1 0 2 0 0 1 0 2 0 0 1 0 1 1 2 2 2 1 1 2 1 2 1 1 1 2 1 0 2 1 2 1 2 1 1 2 1 2 2 2 1 2 1 2 2 2 1 2 1 0 2 2
0 0 2 1 2 1 1 2 2 1 1 1 0 1 1 0 0 0 1 0 1 1 0 2 0 0 1 0 1 2 2 2 1 1 2 1 1 2 2 1 2 0 1 1 1 1 1 2 1 2 0 1
0 0 1 2 0 1 1 1 1 1 0 0 1 1 1 1 2 2 1 0 2 1 1 1 2 1 2 0 1 1 1 0 1 1 0 1 1 1 1 0 1 2 1 1 2 1 1 1 0 0 2 2
2 1 0 2 2 1 0 1 1 1 0 2 1 1 1 1 2 1 0 0 0 1 1 1 1 1 1 1 2 2 1 1 0 1 2 2 1 1 0 1 0 1 1 2 0 1 1 1 1 1 2 0
1 1 1 2 1 1 1 1 2 0 0 1 2 1 1 1 2 2 1 0 0 2 1 1 2 2 1 0 0 1 1 0 2 2 1 2 2 1 1 2 1 0 1 2 1 0 1 2 2 2 2 1
1 2 2 0 0 0 2 1 1 1 1 1 1 1 1 0 0 1 1 2 1 1 1 0 0 1 1 2 0 1 0 2 2 1 1 2 2 1 1 1 1 1 0 1 0 0 1 0 2 1 1 2
1 1 1 1 1 0 0 1 0 1 0 2 0 0 2 0 1 1 2 1 0 1 1 1 2 1 1 2 0 0 0 0 2 1 1 1 1 1 2 0 1 0 1 1 1 1 2 0 1 2 0 1
1 1 0 2 1 1 2 1 1 1 1 1 1 2 2 0 0 2 0 1 1 1 1 1 1 0 1 1 2 1 2 2 0 2 2 1 2 1 0 2 0 1 1 1 1 1 1 2 0 1 1 0
0 1 1 1 1 1 0 1 1 1 0 0 1 1 1 1 1 1 1 1 2 1 2 2 2 2 2 1 1 1 0 1 0 1 2 0 0 1 2 2 0 0 0 0 2 1 2 1 1 2 1 2
1 2 1 1 2 2 1 2 2 0 1 2 1 1 0 0 0 0 1 1 2 1 0 0 0 0 2 1 0 1 2 1 1 2 2 0 1 2 1 0 1 1 1 1 1 0 0 1 0 1 0 0
1 0 1 0 0 2 1 1 0 0 1 2 0 1 1 1 1 1 0 1 0 1 2 2 1 1 0 0 0 0 2 1 2 1 1 1 2 0 1 0 1 2 2 1 2 2 1 0 1 1 2 1
2 2 0 2 1 0 1 1 1 1 1 2 0 1 0 1 0 1 0 0 1 1 2 1 1 2 1 1 2 2 1 1 2 0 1 2 1 1 0 1 1 1 2 0 1 0 2 0 1 2 1 1
0 0 0 1 1 0 2 0 1 0 0 1 0 1 2 1 2 1 1 2 1 2 1 2 1 1 0 0 2 2 1 0 1 0 0 0 0 0 1 2 1 2 2 1 2 1 1 2 2 2 2 1
1 1 1 1 2 2 1 1 1 2 1 1 1 1 2 0 1 1 1 0 0 0 0 1 0 1 1 2 0 1 2 2 2 2 0 1 2 0 2 0 1 0 1 1 2 0 1 1 2 2 1 1
1 1 2 1 2 0 1 1 2 1 1 0 1 1 2 1 0 1 1 1 1 1 1 1 1 1 1 1 0 0 0 1 1 1 0 1 1 0 0 0 2 2 1 2 1 2 1 2 0 2 2 0
2 2 1 1 1 2 0 1 1 2 0 0 0 0 2 1 1 2 1 0 0 2 1 2 1 2 2 2 2 1 0 1 2 1 1 2 1 1 1 0 0 0 1 1 2 1 1 1 0 0 1 0
1 1 1 1 2 1 0 0 1 1 1 1 2 1 1 1 1 2 2 2 2 0 1 2 1 2 1 1 0 1 1 1 0 1 1 0 2 1 2 2 2 1 2 0 1 1 1 1 0 1 1 1
16 14 23 14
20 61 91 106 179 169 251 209 271 251 381 308 397 372 455 433 567 421 600 538 677 669 660 792 752 863 671 875 911 850 1019 949 1076 1038 901 975 1072 967 1289 1032 1273 1372 1148 1178 1580 1317 1429 1423 1372 1319 1699 1593
