52
20
2 1 2 1 1 2 1 2 2 2 2 1 1 0 1 1 2 2 1 1 0 2 1 0 0 0 1 0 1 2 1 1 0 2 1 2 2 2 2 1 1 2 1 2 0 1 1 1 1 1 0 0
1 1 1 0 0 1 0 1 0 0 1 0 2 0 0 2 1 2 2 1 2 0 0 0 1 1 1 0 0 1 2 0 0 1 0 1 1 1 1 1 1 2 2 1 1 1 1 0 0 1 1 1
1 2 1 1 2 1 2 2 1 1 0 2 1 1 0 1 1 1 0 1 1 0 1 0 1 1 2 1 2 1 2 2 0 2 1 2 2 2 2 0 1 0 0 1 0 1 0 0 0 1 1 1
0 0 1 1 1 1 0 1 1 1 0 1 1 1 1 2 2 2 1 0 1 2 1 1 0 1 0 1 0 0 0 1 1 0 1 1 1 1 1 1 1 2 1 1 2 0 0 1 2 2 2 2
0 1 1 1 1 1 1 1 1 2 0 1 1 1 1 1 1 1 0 1 2 1 1 1 1 1 2 0 2 1 0 1 2 2 1 1 1 1 0 0 1 1 0 0 1 1 1 1 1 2 1 1
1 1 1 1 1 2 0 1 0 0 1 0 0 0 2 2 1 2 0 1 1 1 1 1 1 1 1 2 0 1 0 0 2 1 1 1 1 1 1 1 2 1 1 2 1 1 2 1 0 2 1 1
0 1 1 1 1 1 2 1 1 1 2 1 1 0 0 1 0 0 0 1 1 1 2 1 2 1 1 0 2 0 1 2 1 2 1 1 1 0 1 0 0 0 0 1 2 1 1 1 0 0 1 1
1 0 2 1 0 0 1 1 0 0 1 1 0 1 1 1 2 1 2 1 1 1 2 2 1 2 1 1 2 2 0 1 2 1 0 1 1 0 1 1 1 0 2 1 1 1 2 0 1 1 2 0
1 0 2 1 2 0 1 0 2 0 0 1 1 0 1 0 0 1 0 1 0 0 0 2 1 0 2 2 2 1 2 2 1 1 1 0 1 1 2 1 2 0 1 1 1 1 1 0 0 0 2 1
2 1 1 1 1 0 0 1 1 0 1 0 0 0 1 1 0 0 2 1 0 2 2 2 1 1 1 0 1 0 1 1 0 2 0 0 1 1 2 2 2 1 2 1 2 0 1 1 1 0 1 2
2 2 1 1 0 2 1 1 1 1 1 1 1 0 0 0 0 1 0 0 1 1 2 1 0 0 1 1 1 1 2 1 2 1 2 1 2 2 1 1 2 0 1 0 2 2 1 0 2 1 0 1
1 1 1 1 1 2 2 0 0 2 1 1 0 1 1 2 1 2 1 2 1 1 2 1 1 0 1 1 1 2 1 2 2 1 0 1 1 2 1 1 0 0 1 1 2 2 0 1 1 2 2 2
1 2 1 0 2 1 1 1 0 1 0 2 0 1 0 1 1 2 1 0 1 0 1 1 1 2 1 2 1 2 2 0 2 2 2 1 2 2 2 1 1 2 1 0 1 1 0 1 1 0 0 1
2 0 1 2 2 0 1 1 1 1 1 0 0 0 2 0 0 1 2 1 1 2 1 1 0 0 0 0 1 0 0 1 0 0 1 1 1 0 2 1 1 1 1 1 0 2 0 1 2 2 1 0
1 1 1 2 1 1 1 2 1 1 0 1 1 1 2 0 0 1 0 1 1 2 0 1 1 0 0 1 1 1 0 1 2 1 1 1 0 0 1 1 0 1 1 0 1 2 1 1 1 1 1 1
0 0 1 1 1 1 1 1 0 1 1 0 1 2 1 1 1 1 2 2 1 2 1 1 1 1 1 0 2 2 1 1 1 1 1 2 1 1 1 0 2 2 2 2 1 1 1 1 1 1 0 1
0 2 1 0 1 2 1 1 2 0 0 1 1 0 0 0 0 1 0 2 1 0 0 1 1 1 1 2 1 1 2 2 0 1 1 2 1 0 1 0 0 1 2 1 2 1 2 0 1 0 0 0
1 1 0 1 1 0 1 1 0 0 0 1 0 0 2 1 2 2 0 2 1 2 1 1 1 2 1 1 0 1 0 0 0 0 0 1 1 0 0 2 0 1 2 2 1 0 1 2 1 2 1 2
1 1 1 2 1 2 2 2 1 2 0 0 1 1 1 0 1 1 0 1 0 1 1 1 0 0 1 1 2 1 1 2 1 2 2 2 2 0 2 0 1 1 0 0 0 1 0 1 1 2 0 1
0 0 1 0 0 0 0 1 1 0 0 1 1 1 0 1 2 1 1 1 0 1 1 2 1 2 1 0 2 1 0 2 1 1 0 0 1 1 0 2 2 1 2 1 2 2 1 2 2 1 1 1
13 10 19 11
16 36 50 80 87 131 162 148 200 162 171 247 195 277 242 231 281 318 314 344 373 472 391 356 437 547 448 541 478 573 478 531 668 547 650 656 836 606 756 777 768 888 786 702 755 843 1081 940 782 778 990 1196
