52
20
1 2 1 1 2 2 1 1 2 1 1 1 1 2 1 0 2 1 1 1 2 1 1 0 2 1 1 0 1 0 2 2 0 1 1 1 1 2 1 0 1 0 1 0 1 2 1 2 1 1 0 1
1 0 1 1 0 0 1 0 0 0 1 0 1 2 1 1 2 1 1 1 1 1 2 1 1 1 0 1 1 0 2 0 2 1 1 0 1 1 1 1 1 1 1 2 1 2 0 2 1 0 1 1
1 2 1 0 1 1 1 2 2 2 2 1 2 1 2 1 1 1 1 2 1 0 0 1 0 1 1 2 1 2 1 2 2 2 1 1 1 2 1 0 1 1 1 0 1 0 1 1 0 1 1 2
0 0 1 1 1 2 1 1 1 0 0 1 1 1 2 1 1 2 1 2 0 1 2 0 2 0 1 1 0 1 0 0 1 1 1 0 0 0 2 1 2 1 2 0 1 2 2 2 2 0 1 0
0 0 1 2 1 1 2 2 1 0 0 2 1 2 1 1 1 1 2 0 1 1 0 1 1 0 1 2 1 1 1 2 1 2 2 1 2 0 2 1 1 1 0 1 1 1 1 0 1 1 2 2
2 0 1 2 1 0 1 2 0 1 0 1 0 2 1 1 1 2 1 2 1 2 1 1 2 1 1 1 0 0 2 0 1 0 0 0 1 1 1 2 1 1 2 1 1 1 0 1 1 2 2 0
1 1 2 2 2 1 0 1 1 2 0 2 1 0 1 0 0 0 0 0 1 2 1 1 1 0 1 1 2 1 2 1 2 1 0 2 1 1 1 2 2 0 1 2 2 1 0 0 1 1 1 2
1 1 1 1 1 1 1 0 0 1 2 0 1 1 1 1 2 2 1 1 0 1 2 1 1 2 0 1 2 2 0 1 1 1 0 0 0 1 1 1 2 1 1 1 1 0 1 0 2 1 2 0
0 2 1 1 1 2 2 0 1 1 1 1 1 1 2 1 2 1 0 0 1 0 1 2 1 1 2 2 0 1 1 2 1 1 1 0 1 2 1 1 0 0 0 0 0 1 1 1 1 1 1 0
1 2 0 1 0 0 1 1 1 0 1 0 1 1 2 1 1 2 1 1 0 1 1 1 1 1 0 1 2 1 1 1 0 0 2 1 1 0 2 1 1 0 1 1 2 2 1 1 1 0 1 2
2 1 2 1 2 0 1 1 1 2 1 1 2 2 2 0 1 1 1 1 1 2 2 2 1 1 1 1 2 2 2 1 1 1 1 0 2 1 1 1 1 1 0 0 1 1 1 0 0 2 1 1
0 1 1 0 1 0 1 1 0 1 1 0 1 1 1 2 1 1 1 2 2 1 1 1 2 2 0 0 0 1 0 0 1 1 1 1 1 0 0 0 0 1 0 2 1 1 0 1 1 1 1 1
2 1 2 1 1 1 1 0 1 1 2 2 1 1 2 0 0 2 1 2 0 1 0 0 1 2 1 0 0 1 1 2 2 1 2 2 1 2 1 1 1 2 1 1 0 1 1 1 1 0 1 0
0 0 1 2 1 2 0 1 1 0 1 1 0 2 2 2 1 1 2 1 0 1 2 0 1 2 0 1 1 1 0 0 1 0 1 1 0 1 0 1 1 2 1 1 2 1 0 1 1 0 2 0
2 2 1 2 2 1 0 2 2 1 0 1 0 1 0 1 0 0 1 0 0 1 1 1 1 1 1 1 1 1 0 2 1 2 1 2 1 1 1 0 1 2 1 0 1 1 0 0 0 0 0 1
0 1 2 1 0 2 0 0 1 0 1 0 1 1 2 1 1 2 1 0 2 2 1 2 1 2 0 2 1 1 0 1 1 2 0 2 1 2 0 1 1 1 2 2 1 2 1 0 0 1 1 0
0 2 0 1 1 2 0 1 2 2 2 1 2 1 2 1 2 0 1 0 1 1 0 0 1 0 0 2 0 2 1 2 1 1 1 1 0 1 2 0 1 0 1 0 1 1 1 1 2 1 0 1
1 0 0 1 0 1 1 0 0 0 0 2 1 2 1 1 1 2 2 1 2 2 1 1 1 1 0 0 1 1 1 1 1 0 0 2 0 0 2 1 1 1 1 1 1 1 1 1 1 2 1 1
2 2 0 2 0 1 2 2 2 2 2 1 1 1 2 0 0 0 0 1 0 2 0 1 1 1 2 2 1 1 2 1 1 2 2 2 1 2 0 2 1 1 2 0 2 1 1 0 1 0 1 0
1 0 1 0 1 0 1 1 1 0 2 2 0 2 1 1 2 1 0 2 0 0 0 0 1 0 1 0 1 0 1 1 2 1 1 1 0 1 2 2 2 2 2 1 0 0 1 2 2 2 1 1
11 8 14 15
14 43 56 96 83 118 132 151 145 184 222 272 224 250 292 266 342 379 457 331 431 534 418 552 515 426 487 502 631 702 504 735 695 559 695 869 661 769 633 928 673 879 755 918 980 1047 848 1010 1035 1091 983 1193
