52
20
2 2 2 0 0 1 2 1 1 1 2 1 2 1 1 0 2 1 1 0 0 0 1 0 0 1 1 2 2 1 1 0 1 1 1 1 0 2 2 0 0 1 2 2 1 1 2 0 0 0 0 0
1 1 2 0 0 1 1 0 0 0 1 0 0 1 0 1 2 1 0 0 0 1 1 0 2 2 2 1 1 1 1 1 1 0 1 0 2 0 0 1 1 1 2 1 2 1 1 1 1 2 1 0
2 2 2 2 1 1 0 1 1 2 1 2 1 0 1 0 0 1 1 0 1 0 1 1 0 1 1 2 2 2 2 2 1 2 2 1 1 1 1 1 1 2 0 1 2 0 0 0 0 0 1 2
1 0 0 1 0 2 1 1 1 0 0 0 1 0 1 2 0 1 1 2 0 1 2 1 2 0 1 0 0 0 0 1 1 0 1 1 1 0 1 1 2 2 1 2 1 1 1 1 1 1 1 1
1 1 1 1 0 1 0 1 2 0 2 1 1 1 0 2 1 1 2 1 1 0 1 2 0 0 0 2 1 2 2 2 0 2 1 1 2 1 2 0 0 0 1 1 0 0 1 0 1 1 0 1
0 1 1 0 1 0 0 0 1 0 1 0 1 1 1 0 1 2 1 2 1 2 1 2 2 1 1 1 1 1 0 1 1 1 1 1 0 1 1 2 0 1 2 2 1 1 2 2 2 1 2 1
0 0 2 2 1 1 1 1 2 1 1 1 2 1 1 2 1 1 0 2 2 0 1 1 0 1 1 1 2 2 2 1 2 1 1 2 1 1 2 1 1 0 1 1 0 0 2 1 2 2 0 0
0 0 1 1 1 1 1 1 1 1 1 1 1 1 1 1 1 1 2 1 2 2 1 1 2 1 1 0 1 1 1 1 1 1 1 1 1 0 0 2 0 2 1 2 1 1 2 1 1 1 0 0
2 2 2 2 2 1 2 1 1 1 1 1 1 0 1 1 0 1 0 1 0 1 0 1 2 1 2 1 1 1 1 1 2 2 2 0 1 1 0 0 0 2 1 1 1 2 1 0 1 2 1 1
2 0 1 1 0 1 0 0 1 0 1 1 1 0 2 1 2 2 1 2 1 2 1 1 2 1 1 2 1 0 1 1 0 1 2 1 1 1 1 1 2 1 1 1 1 2 0 1 1 1 1 0
1 0 2 1 1 2 1 1 1 0 2 2 1 0 0 1 0 1 1 0 1 0 0 0 0 0 1 2 1 2 2 2 0 2 2 1 1 1 1 1 1 1 1 1 0 0 2 0 2 1 1 2
0 1 1 0 0 0 2 2 1 2 0 0 1 1 2 2 2 2 1 2 1 1 1 2 1 2 0 0 0 0 0 1 1 0 1 0 0 2 1 1 1 0 1 1 1 0 2 0 1 0 2 2
0 0 1 2 2 1 1 2 2 1 1 2 0 1 1 0 0 1 1 1 1 2 0 0 1 1 0 2 2 1 1 1 1 2 1 1 1 2 2 0 1 1 1 0 2 1 2 0 1 1 2 1
1 2 1 0 1 2 1 2 1 1 0 0 0 2 1 1 2 2 2 2 1 1 2 2 0 1 2 1 0 0 2 2 1 1 1 1 1 1 1 2 2 1 2 1 1 1 0 2 2 0 1 2
2 1 1 1 1 0 1 1 2 1 1 1 2 2 1 1 1 0 0 1 0 1 0 0 1 1 2 1 2 2 0 1 2 2 2 2 2 0 1 2 1 1 0 0 0 1 1 0 2 1 1 2
0 1 1 2 0 1 1 0 1 1 0 2 1 0 2 2 1 1 1 2 1 1 1 2 1 2 1 0 0 0 1 1 1 1 0 1 0 1 0 1 2 2 0 1 1 1 2 1 1 1 0 1
1 1 1 0 0 1 2 0 1 0 2 1 1 1 1 1 0 0 1 0 1 1 2 1 1 0 0 2 1 1 1 2 2 1 0 2 0 2 2 2 0 1 0 1 0 2 2 1 0 1 1 1
2 0 1 1 0 0 1 1 0 0 1 1 0 0 1 0 2 2 1 2 1 1 0 2 1 1 1 0 1 2 1 0 1 0 0 1 1 1 1 1 1 1 1 1 2 2 2 2 1 1 2 2
2 2 2 2 2 1 0 0 1 1 2 1 1 0 0 1 1 1 1 0 1 1 2 1 0 2 0 0 0 0 2 2 1 1 2 1 1 1 1 1 1 1 0 1 1 1 2 2 2 1 1 2
0 1 1 2 2 1 2 1 1 1 2 1 2 1 1 1 1 2 1 1 2 1 2 1 1 2 1 1 2 1 0 0 1 1 0 1 0 0 0 0 0 2 1 2 2 0 2 0 1 1 0 0
17 16 9 13
18 33 74 80 96 128 158 141 205 177 185 274 270 298 248 299 373 364 364 421 456 491 519 502 583 587 446 636 566 673 705 671 747 714 703 663 871 646 748 773 844 984 950 936 913 1024 1071 1027 798 1078 1003 1119
