52
20
2 1 1 1 2 1 2 1 1 1 2 1 1 0 0 1 1 0 2 0 1 2 1 0 1 0 0 1 1 1 0 2 2 1 1 0 2 2 1 0 1 0 1 0 1 0 1 0 1 1 1 1
2 0 1 1 0 1 1 1 1 2 1 1 1 2 1 2 0 2 1 1 1 1 1 1 1 1 1 1 0 0 0 0 1 0 1 1 0 1 2 1 1 1 1 1 1 1 2 2 2 2 1 2
1 1 2 1 1 2 2 2 0 2 0 2 2 0 0 2 1 0 1 1 1 1 1 0 0 1 2 1 2 2 2 1 2 2 2 0 1 2 2 2 2 0 1 1 0 1 0 1 0 0 1 1
0 1 2 1 2 0 2 2 1 0 1 1 1 2 1 1 1 0 1 2 2 1 1 2 1 1 1 1 1 1 1 1 2 1 0 2 1 0 1 1 2 2 2 2 2 2 1 1 1 1 1 2
1 2 1 2 0 2 2 1 2 1 1 1 2 0 2 1 1 2 2 1 1 0 1 2 1 0 1 1 2 2 2 1 2 1 1 1 2 0 2 0 0 0 1 1 2 1 0 0 2 0 1 1
2 0 2 0 1 1 2 0 1 2 0 1 0 1 1 0 1 1 2 1 1 2 0 2 1 2 1 1 1 0 2 0 1 2 1 1 1 2 2 2 1 1 2 2 2 1 0 1 0 1 2 2
1 2 1 2 2 0 1 1 2 2 0 0 1 0 1 1 1 1 0 1 0 0 0 2 0 0 2 1 1 1 0 1 2 2 0 1 1 2 1 0 1 1 2 0 0 1 1 2 0 1 1 1
1 2 0 2 0 2 0 2 1 2 1 1 1 2 2 1 1 2 2 2 1 1 2 1 2 2 1 1 2 2 1 2 1 1 2 1 2 0 0 2 1 1 2 1 2 1 1 2 0 1 1 2
1 2 2 1 0 1 0 1 0 2 2 2 2 0 1 2 0 1 0 0 1 1 1 0 1 1 1 2 1 1 0 0 1 0 1 2 1 2 2 2 0 0 1 1 1 1 1 2 0 1 1 0
1 0 0 2 1 1 2 0 1 1 0 1 0 1 2 2 2 1 1 2 2 1 1 1 2 1 0 1 2 0 1 0 2 0 1 1 1 2 0 1 2 2 2 2 1 1 2 1 2 2 2 2
1 2 1 1 2 2 0 1 1 1 2 1 2 1 2 0 1 0 1 1 1 2 1 1 0 0 2 2 0 2 0 0 1 0 2 2 1 1 1 1 0 1 0 0 1 1 0 1 1 1 0 0
0 0 2 1 1 1 0 2 0 1 2 0 2 1 1 2 2 2 1 0 0 1 2 1 1 0 0 1 1 0 0 1 2 1 1 1 0 1 0 2 1 1 0 1 2 1 2 2 1 1 0 2
2 1 0 1 1 0 1 1 1 1 1 2 1 1 0 0 2 1 1 0 1 0 0 2 2 2 2 2 0 0 1 1 1 2 2 1 2 2 1 2 1 2 0 1 0 1 0 1 0 0 2 1
1 1 1 0 1 0 1 1 2 1 2 0 1 0 2 1 1 1 0 1 2 1 1 1 1 0 2 1 1 1 1 0 1 1 1 1 1 1 1 1 0 1 2 1 1 1 1 1 1 1 1 2
1 0 1 2 2 1 2 2 1 1 2 0 1 1 0 0 1 1 0 1 1 1 0 1 1 0 1 2 2 2 1 0 2 2 1 1 0 0 1 0 1 0 1 1 1 0 0 1 0 2 0 1
0 1 0 0 2 0 1 1 1 1 1 0 1 0 0 1 1 2 2 2 0 2 2 2 0 2 1 1 1 0 2 1 1 2 1 2 2 1 2 2 2 2 1 2 1 2 2 1 1 1 1 2
2 1 2 2 1 0 2 1 1 1 1 1 1 1 2 1 0 1 1 2 2 2 1 0 2 1 1 1 1 2 2 1 1 1 1 1 2 1 2 0 0 1 1 2 0 2 1 1 0 2 0 0
0 0 1 0 1 0 1 1 1 1 1 2 1 1 1 2 2 1 1 0 1 2 0 2 2 1 1 1 2 0 0 1 2 1 2 1 2 0 2 1 1 1 1 2 1 1 1 2 1 2 2 0
1 1 2 1 1 2 1 0 1 2 1 2 1 1 1 0 1 1 1 2 1 0 0 1 0 1 2 1 0 0 1 1 1 1 1 2 1 1 1 0 1 1 2 0 1 0 1 1 1 1 2 0
1 0 0 1 0 0 1 1 2 0 1 0 1 1 2 0 0 2 2 1 2 1 0 1 2 0 2 0 0 1 1 1 1 1 0 0 1 1 1 1 0 1 2 2 1 1 1 1 0 2 0 2
18 13 9 26
18 36 56 92 102 143 148 198 197 220 216 280 315 310 252 284 397 326 380 349 505 452 540 502 553 575 669 693 515 636 772 686 800 666 639 654 814 919 807 879 1002 935 749 844 1022 1146 830 1161 1106 965 1111 1112
