52
20
2 1 2 2 1 2 0 1 2 0 0 2 2 0 1 0 1 1 1 2 0 1 2 0 0 1 1 1 2 0 1 2 2 0 2 2 2 0 1 2 1 1 2 1 1 2 0 0 1 1 1 0
0 1 1 0 2 0 2 0 1 0 0 1 1 1 2 1 1 2 2 1 2 1 2 0 2 2 2 0 2 1 0 1 1 1 0 1 1 2 0 2 0 2 1 1 1 1 2 1 1 2 2 1
2 0 1 2 1 2 1 1 1 1 1 1 1 1 1 0 0 1 1 1 1 0 1 1 1 1 1 2 2 0 1 0 1 0 2 1 1 1 2 1 1 2 1 0 2 1 1 1 1 1 2 1
0 1 0 1 1 0 0 0 0 0 1 1 1 1 1 2 1 1 2 1 1 0 1 1 1 1 2 0 1 1 1 2 0 0 2 1 1 1 1 1 2 2 1 1 2 1 1 1 1 2 2 1
1 2 0 2 1 0 1 1 1 0 2 2 1 1 1 1 0 1 1 2 1 0 0 0 1 0 1 0 1 1 1 2 2 0 2 0 1 2 1 2 1 2 2 1 1 0 1 0 0 1 1 0
0 0 2 0 1 2 1 1 2 1 0 2 0 2 0 1 0 1 1 1 0 1 2 1 2 2 0 2 0 2 0 2 0 0 1 0 0 0 2 1 2 2 1 2 0 1 2 1 2 1 2 1
1 2 2 2 2 1 1 1 1 1 0 2 1 2 1 0 2 0 0 0 1 0 0 1 1 1 1 1 1 2 2 1 1 1 2 1 0 1 2 0 0 1 0 1 0 1 0 1 1 1 0 1
0 1 2 1 1 2 2 0 1 1 2 1 0 1 2 0 0 1 1 2 1 1 1 2 2 2 1 0 1 0 0 1 1 1 2 1 0 1 1 0 1 0 1 1 1 0 1 2 1 0 2 1
1 2 1 2 2 2 0 0 1 2 1 1 1 0 2 1 1 1 2 1 1 0 2 1 0 0 1 1 1 1 2 2 1 1 1 1 0 1 1 2 2 1 0 1 2 0 0 0 1 1 2 1
0 1 1 0 0 0 0 0 0 0 1 1 2 2 1 2 1 0 1 1 2 0 0 2 1 1 2 2 0 0 0 1 2 1 0 0 0 1 0 2 2 1 1 1 0 1 0 2 1 2 2 1
2 2 2 2 1 0 1 2 1 2 1 2 1 0 1 2 0 1 1 1 1 0 0 2 1 1 1 2 2 2 2 2 2 2 2 1 1 1 1 0 1 0 1 1 1 1 2 1 2 0 2 0
2 1 1 0 2 2 0 2 1 2 0 1 1 2 1 1 0 0 1 1 2 0 1 0 1 2 0 0 0 0 1 0 0 0 2 1 1 1 1 0 0 0 1 1 2 2 2 2 2 2 2 0
2 1 2 2 2 1 2 1 1 1 2 2 2 1 1 0 1 0 1 0 1 0 1 0 2 2 2 1 2 2 2 1 2 1 1 1 0 1 0 0 0 2 1 1 1 1 0 0 1 2 0 1
1 1 0 0 1 0 1 2 1 1 1 2 1 1 0 1 1 1 2 2 0 1 2 1 1 1 2 1 2 0 1 0 0 2 1 0 0 2 0 2 2 0 2 2 2 1 1 1 1 0 1 2
2 2 1 2 2 1 1 1 1 2 1 1 1 0 1 1 0 1 1 1 0 0 2 1 1 0 0 1 2 2 1 1 1 2 2 2 0 2 0 1 1 0 1 2 1 0 0 0 0 0 1 2
1 1 0 2 0 0 0 1 2 1 1 2 1 1 1 2 1 0 2 0 1 2 2 1 1 1 0 1 1 1 0 0 2 0 0 1 0 0 1 2 2 1 2 0 1 1 2 1 1 1 0 2
1 2 1 1 2 2 2 0 1 0 1 0 1 1 0 1 1 1 1 0 0 1 2 1 1 1 2 1 0 1 0 1 0 1 1 1 2 1 1 2 1 0 0 2 1 1 2 1 1 0 1 1
1 1 1 2 1 0 1 0 2 0 1 0 1 2 2 2 0 1 1 1 2 2 1 1 2 0 0 0 1 1 1 0 2 1 1 0 1 1 1 1 1 1 2 1 2 1 1 2 0 1 1 1
2 2 1 1 0 2 1 1 1 2 2 1 1 2 1 1 0 0 1 1 2 1 1 1 1 0 2 1 2 0 1 2 2 1 1 2 0 1 1 1 0 1 1 0 1 2 1 1 1 1 1 2
1 0 1 0 0 1 1 1 1 1 1 1 0 1 2 2 2 2 1 1 1 0 1 2 2 1 1 1 0 1 0 0 1 0 1 0 1 2 0 1 2 2 2 1 1 1 1 1 1 1 0 1
19 13 10 26
25 48 55 105 138 111 131 200 184 210 229 296 225 328 256 331 290 421 429 463 487 471 453 560 543 513 598 674 531 531 606 746 583 558 601 603 628 836 763 927 905 819 1039 1066 862 967 1135 1124 1173 1033 834 1224
