52
20
1 1 2 1 2 1 1 1 2 2 1 1 0 1 1 1 1 1 1 0 1 0 0 1 1 0 1 2 2 1 1 1 1 1 1 2 1 0 1 0 1 2 1 1 2 1 1 0 1 1 1 2
1 0 1 1 2 0 1 0 2 1 0 0 1 1 1 1 1 1 0 2 0 2 0 0 1 2 1 0 1 1 1 1 1 1 0 2 1 1 1 1 2 1 0 0 1 2 1 0 2 2 1 1
1 1 1 2 0 2 1 0 2 1 0 1 1 1 1 2 1 1 0 1 0 2 1 0 1 0 0 1 0 1 2 1 0 1 1 2 1 1 0 0 0 0 1 2 1 0 1 1 2 1 1 1
1 1 0 1 1 1 1 1 0 1 0 0 1 1 2 1 1 1 2 2 1 0 1 2 2 2 1 0 1 2 0 2 1 0 2 1 1 1 1 2 1 0 1 1 2 2 1 0 0 0 1 2
1 0 1 1 1 2 1 1 0 1 0 1 1 1 0 1 1 0 1 1 0 2 2 1 1 2 0 2 0 1 1 2 1 1 1 1 2 1 1 1 1 1 0 1 1 0 1 1 0 0 0 0
2 0 1 0 0 0 0 1 0 0 1 2 0 2 2 1 1 1 2 2 2 2 2 1 2 1 0 0 2 0 1 0 1 1 0 1 1 1 1 2 1 2 1 1 1 2 2 1 1 0 0 1
2 1 2 1 2 2 1 1 1 0 2 1 1 1 1 1 1 0 0 0 2 2 1 0 1 0 0 1 1 2 2 1 0 2 0 0 1 1 2 1 1 1 1 1 0 1 0 0 0 0 0 2
1 1 1 1 1 2 1 1 1 2 1 1 1 1 2 1 2 2 2 2 2 1 1 2 2 2 0 1 1 0 1 2 1 1 2 2 1 1 0 0 2 2 2 2 1 1 2 0 2 1 1 0
2 1 2 2 2 1 2 1 1 0 2 2 0 0 0 1 1 1 2 1 1 0 1 0 0 0 2 1 1 0 2 1 1 1 1 1 2 2 1 2 2 1 1 0 1 1 1 1 1 1 1 0
0 0 0 1 1 1 1 1 1 1 1 0 1 1 1 1 0 0 2 1 0 1 2 1 1 1 1 2 0 1 1 2 1 1 1 1 0 0 0 2 1 2 1 1 1 1 1 1 1 2 2 2
1 1 1 1 1 2 0 2 1 1 0 2 2 0 1 2 1 1 1 0 0 1 1 1 1 0 1 1 1 0 2 1 1 2 1 2 2 0 1 1 1 0 0 1 0 0 1 1 2 1 1 0
1 1 1 1 2 1 1 1 1 1 2 2 0 1 1 0 0 1 1 1 1 1 1 2 2 2 0 2 2 2 1 1 2 1 0 0 1 1 2 1 2 1 1 2 0 1 2 0 2 2 1 1
1 1 0 1 2 0 2 1 1 2 1 1 1 0 0 0 1 0 0 1 2 1 2 1 1 0 1 1 2 2 1 1 0 1 2 0 1 2 1 1 0 2 1 0 1 0 1 1 0 2 1 0
1 1 1 1 2 1 0 0 1 1 0 0 0 1 1 1 1 1 2 2 2 2 1 2 2 1 1 1 0 1 0 1 1 0 2 2 0 1 0 1 0 1 1 1 1 1 1 1 1 1 1 2
2 1 1 1 1 1 1 2 1 1 1 1 0 1 2 0 2 0 0 1 1 1 0 1 0 0 1 2 1 1 1 2 0 2 0 0 2 2 2 1 1 1 2 0 1 1 1 0 1 1 1 1
1 0 0 1 2 1 2 1 1 0 1 0 0 2 1 1 1 2 1 1 1 1 1 2 0 1 0 1 2 2 1 1 1 1 1 1 0 2 2 1 1 2 0 2 2 2 2 1 2 1 1 1
2 2 1 2 1 2 1 0 1 2 0 1 2 1 2 0 1 1 1 0 0 1 1 1 0 1 1 1 1 2 1 2 2 2 1 1 0 1 2 1 0 0 2 1 1 2 1 1 0 1 2 1
0 1 2 1 2 2 2 1 1 1 1 0 0 1 1 2 1 1 2 1 2 0 2 2 1 1 1 1 0 0 1 1 0 1 1 1 0 1 0 1 1 2 1 1 1 0 1 0 2 2 1 1
1 1 2 0 2 0 1 1 2 2 1 0 1 0 0 2 2 0 0 1 0 1 0 1 2 0 1 2 1 1 2 2 1 2 2 1 2 2 1 1 0 1 2 1 2 0 0 1 1 0 0 2
0 1 2 1 0 0 1 0 1 0 0 1 1 1 1 1 0 0 2 1 0 1 2 1 2 0 1 1 1 1 1 0 1 1 0 1 1 1 1 1 0 1 2 0 1 2 1 0 0 2 2 1
15 14 17 19
22 42 54 68 125 137 171 195 166 177 245 261 219 237 345 288 337 311 378 412 443 462 434 383 527 605 577 524 570 512 688 694 650 712 566 817 639 896 856 808 944 872 1019 858 807 1098 1027 1048 910 1068 845 911
