52
20
1 2 2 1 1 1 1 2 1 0 2 2 1 0 0 0 2 1 1 1 0 1 1 1 0 0 1 0 1 2 1 1 0 1 1 2 1 2 0 1 2 0 1 1 2 0 0 0 1 1 1 2
1 2 2 1 1 1 1 0 0 1 1 1 1 1 0 1 2 0 1 1 0 2 1 2 1 0 0 1 2 1 1 0 1 2 0 0 1 1 1 2 1 1 1 1 2 1 2 1 2 2 1 2
1 1 1 2 1 2 2 0 1 2 2 0 2 1 1 1 1 2 0 2 1 0 2 1 0 0 1 1 1 2 1 2 1 1 1 1 2 2 1 0 1 1 0 0 1 2 0 0 1 1 1 0
1 0 0 0 0 2 1 0 1 1 1 1 0 1 2 2 2 2 1 1 1 1 0 0 2 1 0 2 0 0 0 0 0 1 1 1 0 1 1 1 1 1 0 0 2 1 1 1 0 0 1 1
1 1 1 0 1 1 1 2 1 1 1 1 2 1 0 1 1 0 2 1 0 1 2 0 1 1 1 1 2 0 1 1 1 2 1 1 0 2 1 0 0 1 1 2 1 1 1 0 1 0 1 1
1 0 1 1 2 0 1 0 0 0 1 2 0 2 2 2 0 1 2 0 0 1 1 2 1 0 0 0 1 1 1 0 1 1 0 0 2 2 0 1 1 1 1 2 0 2 1 1 1 1 1 2
1 0 2 1 2 1 0 2 0 1 0 1 1 1 1 1 1 2 1 2 1 1 0 1 2 1 2 0 2 1 0 2 1 2 0 1 0 2 2 1 1 1 1 2 1 1 2 0 1 1 0 0
1 0 1 1 2 1 0 2 0 1 1 0 2 2 1 2 1 1 0 0 2 0 2 1 2 1 1 1 0 0 0 0 1 2 1 1 1 0 0 2 1 1 0 1 2 2 2 2 1 2 1 2
0 2 1 2 1 0 2 0 1 2 2 0 2 1 1 1 1 0 1 0 0 2 2 1 1 1 2 1 0 1 1 1 2 2 1 2 1 2 2 0 1 1 1 1 1 1 1 1 0 0 0 1
1 1 0 1 1 0 0 1 1 0 1 0 0 2 1 1 1 1 2 2 2 1 1 2 2 2 0 2 2 1 1 0 1 2 0 1 0 1 0 2 1 1 1 2 2 2 0 1 1 1 1 1
0 0 1 1 1 1 2 2 0 2 2 1 2 0 0 0 0 2 0 0 1 1 0 0 0 1 1 2 1 0 0 1 0 1 2 2 1 2 2 2 1 0 0 1 1 1 1 0 2 0 1 0
0 0 0 1 1 0 0 0 0 0 0 0 0 1 2 0 2 1 1 2 1 2 2 1 0 2 1 1 1 1 1 0 0 0 0 2 0 1 0 2 2 2 0 1 2 1 2 0 0 1 1 1
2 1 2 1 2 2 1 2 0 0 2 2 0 1 1 2 1 2 1 1 1 0 1 1 2 0 2 1 1 1 2 2 2 1 2 1 2 0 1 1 1 1 0 0 1 0 1 1 1 1 1 1
0 1 0 1 1 1 0 1 0 1 1 1 0 1 1 1 0 2 2 1 0 2 1 1 1 1 2 0 1 2 1 2 1 1 0 1 0 1 2 0 1 2 1 2 2 1 0 2 0 1 2 1
2 2 2 0 1 2 1 1 1 1 2 1 0 2 0 1 1 2 2 2 0 0 0 0 1 2 1 2 0 1 1 1 2 1 2 1 2 0 1 0 2 1 1 0 1 1 1 1 1 2 1 2
0 2 1 0 0 1 1 1 1 0 1 1 1 1 1 0 1 1 1 2 1 2 1 1 2 1 2 1 0 1 1 1 0 1 2 2 1 0 0 1 2 1 0 0 0 1 2 2 1 0 2 1
2 0 2 1 2 1 2 2 0 2 2 2 2 0 1 0 0 1 2 1 0 2 0 0 0 0 2 1 2 1 1 1 1 1 1 1 2 1 2 0 1 2 0 0 1 1 0 0 1 0 1 1
2 0 0 1 1 1 0 0 0 1 0 1 1 1 1 2 2 2 0 2 0 1 2 1 0 2 0 1 1 0 0 1 0 0 1 1 1 0 1 1 1 1 0 2 1 2 1 1 2 2 1 2
1 2 1 0 2 0 1 2 2 1 0 2 1 1 0 1 0 2 1 1 1 0 1 1 2 1 0 2 1 2 1 0 2 2 0 0 1 2 1 0 0 1 0 1 0 0 2 0 1 0 0 1
1 1 0 1 1 1 2 1 1 1 1 0 1 0 1 2 2 2 1 2 1 1 1 0 1 0 0 0 1 0 0 0 1 1 0 2 0 0 1 2 1 1 2 2 1 1 0 1 2 1 0 1
18 26 26 12
21 41 55 73 87 93 133 186 171 175 212 265 250 249 317 337 358 350 356 474 384 479 542 476 483 491 615 639 640 687 562 661 655 766 555 753 657 679 623 864 780 961 748 913 1031 1028 872 1084 850 988 1061 821
