52
20
1 2 1 2 0 0 2 2 1 1 0 2 1 0 0 2 2 2 1 0 1 1 1 1 2 0 1 1 1 1 2 2 2 1 2 1 0 1 1 0 2 1 0 0 1 1 0 1 0 1 1 0
1 1 0 2 2 1 2 0 0 1 1 2 0 1 2 1 2 1 2 1 1 0 2 1 1 2 0 0 1 1 0 1 2 0 0 1 2 1 2 2 0 2 1 2 2 2 0 1 2 0 2 2
2 0 2 0 2 0 1 1 1 1 2 0 1 1 1 2 1 2 1 1 1 0 0 2 0 1 1 2 1 1 2 2 2 2 1 1 1 2 0 0 0 1 0 1 1 1 1 1 2 0 0 1
0 2 0 0 1 2 0 1 1 0 1 0 1 2 2 1 1 2 1 0 2 1 1 1 1 2 0 2 0 2 1 1 1 1 2 0 0 0 0 1 1 2 0 0 2 1 0 1 2 1 2 1
2 1 2 0 2 1 1 0 2 1 1 1 1 0 0 0 0 1 0 1 1 0 0 2 2 2 1 1 1 0 1 0 2 1 2 2 1 1 0 0 1 1 2 1 1 0 1 1 1 1 1 1
0 0 1 1 0 1 1 1 2 0 1 0 1 1 1 0 1 2 2 1 1 2 1 2 0 1 1 2 1 1 1 0 1 0 0 0 0 0 1 1 0 1 1 1 1 1 1 2 1 0 2 1
2 0 1 0 0 1 0 0 1 1 2 1 2 0 1 1 2 1 1 1 2 0 2 0 0 1 1 1 1 2 1 2 1 1 2 0 1 1 2 0 2 1 2 0 1 0 2 0 1 0 1 2
1 0 0 1 0 2 1 1 0 1 2 1 1 0 2 1 1 1 2 2 2 1 2 1 2 1 1 1 0 0 1 1 2 0 1 0 0 2 0 1 1 0 2 1 0 2 2 2 0 1 1 1
2 1 2 2 0 0 0 2 2 1 1 2 0 0 0 1 0 1 1 1 0 0 2 1 1 2 1 1 2 2 2 1 2 1 1 1 1 2 1 1 0 0 0 1 0 1 1 1 1 1 0 1
1 1 0 1 0 1 1 1 1 1 0 0 1 0 2 1 1 2 1 1 1 0 0 0 2 2 0 0 0 1 0 2 0 1 0 1 2 2 2 1 1 2 1 2 0 2 2 2 1 1 2 2
1 2 1 2 2 2 1 0 1 1 0 2 2 2 1 1 1 0 1 0 1 0 1 1 0 0 2 2 1 2 2 1 1 1 1 1 1 2 1 1 1 2 1 0 0 2 0 0 0 0 1 0
1 2 1 1 0 1 0 1 1 1 1 1 1 2 0 0 2 0 2 2 0 2 1 1 1 1 1 1 2 0 1 1 1 1 1 1 0 2 0 1 2 1 2 1 1 2 1 0 1 0 0 2
0 1 0 1 0 2 1 1 1 2 2 1 1 0 2 1 1 1 0 1 1 1 2 0 1 1 2 1 0 1 2 2 2 1 0 1 2 2 2 0 0 0 1 0 2 0 0 0 1 1 2 1
1 0 0 0 0 1 1 1 1 0 2 1 0 1 1 1 2 2 1 1 0 1 2 2 1 1 1 2 0 1 2 1 1 0 0 1 2 1 1 1 1 2 2 2 1 1 1 1 2 2 1 0
0 2 2 2 1 1 2 2 1 1 2 1 1 2 0 1 1 0 0 0 0 0 1 1 0 1 0 2 1 1 1 1 1 1 1 1 2 1 1 0 1 1 0 1 1 0 1 0 1 2 1 0
1 1 0 1 2 0 1 2 0 0 1 1 1 2 0 1 0 1 2 2 1 2 1 1 2 1 0 0 2 1 1 2 1 0 1 1 1 2 1 1 1 1 1 1 2 2 2 1 2 0 2 2
0 1 1 1 2 2 2 1 1 1 2 1 2 0 2 1 1 2 1 0 2 1 2 0 2 0 1 0 1 2 2 2 2 1 2 1 1 1 0 0 0 2 1 0 0 1 1 1 0 1 0 1
0 1 0 1 0 1 0 2 1 0 1 0 1 1 1 1 0 1 2 1 0 1 1 2 0 1 1 0 1 1 2 0 1 1 1 0 1 2 1 0 2 0 1 1 2 1 1 0 1 1 0 1
0 1 1 2 0 2 1 1 1 1 1 1 2 1 1 1 1 0 1 0 1 0 1 1 0 0 2 1 0 2 2 1 2 0 0 2 2 2 1 1 0 0 0 1 2 1 0 0 2 1 0 1
2 1 1 2 0 1 2 1 2 1 0 1 0 1 2 1 2 1 2 2 1 0 2 2 1 0 0 0 1 2 0 2 1 1 1 2 0 2 1 1 1 2 1 2 2 0 2 2 1 1 1 1
19 21 13 23
14 36 53 67 75 108 144 127 188 163 206 208 296 306 337 288 348 374 359 456 361 418 523 531 545 454 601 561 582 622 535 547 605 601 689 806 772 708 911 790 866 979 795 871 748 814 955 885 845 852 1102 919
