52
20
0 1 1 2 0 1 2 2 1 2 0 2 2 1 2 0 1 1 1 1 0 0 2 2 1 0 1 1 2 0 1 1 0 2 0 2 2 1 1 2 0 0 1 1 1 1 1 2 1 1 0 0
2 1 0 1 0 1 1 2 0 2 0 1 1 2 2 2 2 1 2 2 2 1 1 0 2 0 1 0 1 1 1 1 0 2 2 0 1 2 1 1 1 2 1 0 1 2 1 1 2 1 1 2
1 1 2 2 1 1 1 1 1 0 2 0 1 1 1 0 1 2 0 1 2 1 1 1 1 0 2 1 2 0 1 1 0 2 2 2 1 2 1 1 0 1 1 1 1 1 1 0 1 1 0 2
1 2 0 1 0 0 1 0 2 1 0 0 2 0 1 2 2 2 1 1 1 2 1 1 1 2 1 2 0 0 1 1 1 1 1 0 2 0 1 1 0 2 0 0 1 2 2 2 2 1 1 1
1 2 2 1 2 2 2 2 1 1 1 1 2 1 1 0 1 0 2 1 2 1 1 0 1 1 0 1 1 2 1 2 2 1 1 2 0 1 2 1 1 1 2 1 2 0 0 0 1 0 1 1
0 1 1 0 1 1 1 0 2 0 0 1 2 1 1 2 2 2 2 2 1 2 1 0 2 1 0 1 2 0 0 2 2 0 0 1 0 1 1 0 1 1 2 1 1 2 0 2 0 1 1 2
2 1 2 1 1 1 1 0 0 2 2 2 1 1 0 1 0 0 0 0 2 1 0 2 0 1 1 1 0 2 2 1 1 0 0 1 2 2 1 1 2 2 0 2 0 1 0 2 0 0 0 0
1 1 0 0 1 1 1 1 1 1 0 0 0 1 2 2 1 0 1 1 1 1 1 1 0 0 1 0 1 1 1 1 2 0 0 0 0 0 0 1 2 0 1 1 1 1 2 0 1 2 0 1
2 1 2 2 1 1 1 1 0 2 1 1 1 0 0 1 0 1 1 1 0 1 1 0 0 0 2 2 1 1 1 2 1 1 2 2 1 1 0 2 0 0 2 0 1 0 2 2 0 2 1 1
1 1 0 1 1 0 2 0 1 0 0 0 1 1 2 2 2 1 1 2 1 2 1 1 1 1 1 0 1 1 0 0 1 1 2 0 2 2 0 2 1 2 1 1 2 1 2 1 2 1 1 2
1 2 2 1 1 2 1 2 2 2 1 1 0 1 1 1 1 0 2 1 1 1 0 2 2 1 1 1 2 1 1 2 0 1 1 2 0 1 2 1 1 0 0 1 2 0 0 1 0 2 1 1
2 1 1 0 1 1 0 2 2 0 1 1 1 1 1 1 1 2 2 1 1 1 2 2 2 2 1 0 1 0 2 2 0 1 1 0 1 2 0 1 0 1 1 2 0 2 1 1 2 2 2 2
1 1 2 2 2 2 1 1 1 1 2 0 2 0 0 0 1 0 0 1 2 0 2 1 1 1 2 1 2 1 1 2 1 2 1 1 1 0 0 0 0 1 1 2 0 1 1 0 1 0 2 0
1 1 0 1 0 2 1 1 2 1 1 0 1 2 1 1 1 0 1 0 1 2 2 1 1 2 0 1 1 1 1 1 2 2 0 0 1 0 0 0 0 1 0 1 0 2 2 2 1 1 1 1
1 2 0 1 1 1 2 1 2 1 2 1 2 1 0 2 2 0 1 1 1 2 1 1 0 1 1 1 1 2 2 1 2 2 2 1 1 1 2 2 1 1 1 2 1 0 0 1 1 1 2 1
0 2 2 1 1 1 0 0 0 1 0 1 1 2 0 2 2 2 2 1 1 1 1 2 0 1 1 1 1 1 1 1 2 1 2 2 1 1 1 1 2 2 2 2 1 2 2 1 1 1 0 2
2 2 1 1 2 2 1 1 1 2 0 0 1 0 1 0 0 2 2 0 1 1 2 1 2 1 1 1 1 2 2 2 1 1 1 1 1 1 2 1 0 1 2 1 2 1 0 1 1 1 0 1
2 2 1 1 0 1 1 1 1 1 0 1 2 0 1 2 1 1 2 0 2 1 1 1 1 2 1 1 2 2 1 0 1 1 0 1 0 1 0 0 2 1 0 1 1 2 1 0 2 0 1 2
2 1 2 1 1 1 1 1 1 2 1 1 1 0 1 2 2 0 1 2 0 0 1 1 2 1 2 1 0 2 0 1 1 1 1 1 0 2 1 0 1 0 0 0 1 0 1 1 2 1 1 0
0 1 0 1 0 1 0 0 1 2 0 2 1 0 2 1 0 1 0 2 1 2 1 1 1 1 1 1 1 0 2 0 2 2 0 1 1 2 1 1 1 1 2 1 2 1 1 0 1 1 0 1
12 8 8 17
27 49 79 103 112 121 155 177 165 195 228 213 280 334 305 342 425 411 471 425 423 410 475 413 505 463 538 531 594 601 560 662 835 804 730 780 910 663 696 905 826 746 863 1045 847 946 1051 1048 1103 969 1244 933
