52
30
2 1 2 2 2 0 0 0 1 1 2 1 1 0 1 0 1 1 2 0 2 0 1 0 2 1 2 1 1 1 2 1 2 1 0 2 1 1 2 0 0 0 1 0 1 1 2 1 1 0 0 0
0 2 2 1 0 0 1 1 1 1 1 1 1 1 1 1 1 0 2 2 1 1 2 2 1 1 0 1 2 0 0 0 1 1 0 1 0 2 0 0 1 2 2 1 0 1 0 2 2 0 0 1
2 1 1 2 1 1 1 1 2 1 2 1 1 1 0 1 1 1 2 1 0 1 1 0 0 1 0 2 1 1 2 2 2 2 2 1 2 1 1 1 2 1 1 0 1 1 1 2 1 0 0 0
1 0 1 2 1 1 0 0 1 2 1 1 0 1 1 1 1 1 1 0 2 2 0 2 1 1 1 0 1 2 0 1 0 1 2 1 2 1 1 2 1 1 2 0 1 1 1 1 2 2 2 2
1 1 1 2 0 0 1 0 2 1 0 2 1 1 0 1 2 0 0 1 0 0 1 1 1 1 2 0 2 1 2 2 1 1 2 2 1 2 1 2 1 1 0 1 2 1 0 0 0 0 0 2
2 1 2 1 0 0 1 1 0 1 1 1 0 2 0 1 0 1 1 2 1 0 1 0 2 2 2 1 0 2 1 0 1 1 1 1 0 0 1 2 0 1 1 1 1 1 2 1 0 1 2 2
1 2 1 1 1 1 1 2 1 1 1 1 1 1 1 1 1 1 1 1 1 1 1 1 1 1 1 1 0 2 1 2 2 1 2 2 1 1 0 1 0 1 1 0 0 0 1 0 2 1 1 1
0 1 1 0 2 2 1 2 0 1 1 0 0 1 1 2 2 1 1 2 2 1 2 2 1 2 2 1 1 0 0 0 2 1 0 0 0 1 1 2 1 1 1 2 2 0 0 2 1 2 0 2
2 2 2 1 1 0 1 1 1 0 2 2 1 0 1 2 0 2 1 1 2 0 2 1 0 2 2 1 2 1 2 2 2 1 2 0 0 2 0 0 2 1 0 0 0 1 1 1 0 1 0 1
0 1 0 0 1 0 2 0 0 1 1 1 0 1 2 1 2 1 1 2 1 2 1 2 2 2 1 1 1 0 0 0 1 1 1 0 2 2 2 1 1 2 2 1 2 1 1 1 1 0 2 1
1 2 1 1 1 1 1 1 1 1 1 1 0 0 2 0 1 1 2 1 0 1 2 2 0 0 1 1 0 2 1 1 1 1 2 1 2 2 2 1 0 2 0 1 1 2 0 0 1 1 0 0
0 1 1 1 1 1 1 0 1 1 0 1 1 1 1 2 2 0 2 1 2 1 2 1 1 2 1 1 1 1 2 1 1 1 1 1 1 0 0 2 2 1 2 2 1 1 2 1 1 0 2 1
1 2 1 2 2 1 1 1 2 2 1 0 1 1 1 1 0 0 0 1 0 1 1 0 1 1 0 2 1 1 0 1 2 2 1 0 1 2 1 1 2 0 1 0 1 1 0 1 2 0 0 0
1 1 1 0 0 1 1 0 0 0 1 0 2 1 2 2 1 1 1 1 1 2 1 1 1 1 0 1 2 1 0 1 1 1 2 2 2 0 1 1 1 1 1 1 2 2 1 2 2 1 2 0
2 2 0 1 1 2 1 1 1 2 1 0 1 2 1 1 1 0 1 2 0 1 0 1 1 1 1 1 0 2 1 2 2 2 2 1 1 1 1 0 0 1 1 0 0 1 2 2 2 0 1 0
0 1 1 1 1 1 1 1 0 2 2 1 0 2 1 2 1 2 1 2 1 1 1 2 2 2 1 1 2 2 1 0 0 1 1 1 2 2 1 1 0 2 1 1 1 1 2 1 1 1 1 2
1 2 2 1 0 0 2 1 1 1 1 2 1 1 1 0 0 2 1 1 2 0 1 2 0 0 1 1 1 0 1 1 0 1 0 2 0 1 1 0 0 1 0 0 2 1 0 1 1 1 0 1
1 1 1 1 0 2 1 1 0 0 1 0 1 2 2 1 0 1 1 2 2 1 2 0 2 0 0 0 1 0 2 1 1 1 0 1 2 1 1 2 2 2 2 1 1 1 1 2 2 2 1 1
1 1 2 2 1 2 1 1 0 1 1 1 1 1 1 1 1 0 1 2 0 1 1 1 0 1 1 1 1 1 1 2 1 1 2 2 2 1 1 2 1 0 1 2 1 1 1 1 0 2 1 0
1 1 2 2 0 1 1 2 0 2 1 0 0 1 1 0 1 2 0 1 1 0 1 1 2 1 0 0 2 1 2 0 0 1 1 0 0 0 2 0 0 1 2 2 1 1 2 0 1 1 2 1
1 2 2 2 2 2 1 1 1 1 1 1 0 2 1 2 2 1 0 2 1 0 0 1 1 1 2 1 2 0 0 0 1 2 0 2 2 1 2 2 0 2 0 0 0 0 1 0 0 1 1 2
2 0 1 1 0 0 2 1 0 0 0 0 0 0 1 2 1 0 1 1 1 1 2 0 2 1 1 1 1 1 1 2 0 1 0 1 1 2 1 1 1 0 1 1 1 1 2 2 1 1 2 1
2 0 0 2 1 2 1 0 2 2 0 0 1 1 0 0 2 0 0 0 1 0 1 1 0 1 1 2 1 1 1 2 0 2 2 1 1 2 2 1 0 2 2 1 2 0 1 0 1 0 1 1
0 0 1 1 1 1 1 1 1 0 0 0 1 2 2 1 2 1 2 2 2 1 0 0 1 1 0 1 0 0 0 2 0 1 2 1 2 2 1 2 2 1 1 2 1 2 0 2 0 1 2 2
1 2 1 1 2 2 1 2 2 2 1 0 1 2 1 1 0 0 1 2 0 0 1 2 0 1 1 2 1 1 1 1 1 1 0 2 2 2 2 1 2 2 2 2 0 0 1 0 2 1 1 0
1 2 0 2 1 2 1 0 1 0 0 1 1 1 1 2 1 2 1 2 1 2 2 0 2 2 1 0 1 1 1 0 1 2 2 0 2 0 0 1 1 1 1 0 1 0 2 1 1 2 1 0
2 1 0 1 2 0 2 2 2 1 2 0 2 1 2 1 1 1 1 1 1 1 1 1 0 1 1 1 1 2 1 1 1 2 2 2 2 2 2 1 0 1 1 0 1 1 1 0 0 1 2 1
1 2 0 1 1 1 1 1 0 2 0 1 1 1 0 1 1 1 1 2 1 1 2 2 2 0 1 1 1 0 1 0 0 1 1 2 1 0 2 2 2 2 1 1 0 0 2 2 2 1 2 2
1 2 0 2 0 2 2 2 0 1 1 2 2 0 2 0 1 0 1 0 1 1 1 1 1 1 0 1 2 2 0 1 1 2 1 1 1 0 0 0 1 0 2 2 0 1 1 1 1 1 0 1
1 1 1 0 0 1 0 1 2 0 1 0 1 2 1 1 2 0 1 0 1 1 1 1 1 1 1 1 1 1 2 1 0 1 0 2 1 0 0 1 2 1 0 1 2 2 2 0 0 0 0 0
18 25 9 12
26 59 110 137 164 224 223 226 336 314 363 330 458 441 499 519 568 621 578 505 550 729 689 614 844 920 886 945 913 874 844 819 959 1068 902 1022 1236 1305 1188 1313 1510 1164 1434 1431 1428 1583 1276 1420 1360 1739 1723 1407
