52
20
1 0 0 2 2 1 1 2 1 2 0 2 2 0 1 1 2 1 1 0 1 1 0 1 2 0 1 1 1 1 0 0 1 1 1 0 0 2 1 0 1 1 1 0 0 1 2 1 1 1 1 0
1 0 1 2 1 0 2 1 0 1 1 1 0 1 2 1 1 1 2 1 1 1 0 1 1 2 1 0 0 2 0 0 0 1 0 1 1 1 1 0 2 1 1 1 1 1 2 1 0 2 0 1
0 0 1 2 1 0 1 2 2 2 2 1 1 0 0 1 1 1 0 0 1 1 0 1 0 0 2 0 0 0 0 1 1 2 2 1 1 2 1 1 2 1 1 1 1 0 1 0 0 1 1 2
1 0 2 1 0 0 2 1 0 1 0 2 2 1 0 1 1 1 2 1 2 1 1 1 1 1 1 2 0 1 1 1 1 1 0 2 0 1 1 2 1 1 1 1 1 1 1 2 2 1 0 2
1 1 2 1 1 2 0 2 2 2 2 0 2 0 1 1 0 0 1 2 0 2 0 1 1 1 1 1 2 2 1 1 0 1 1 1 2 2 0 1 1 1 1 0 1 0 1 1 1 0 2 0
1 1 1 1 1 2 2 1 0 1 1 1 2 1 1 0 2 2 1 1 2 1 1 0 1 1 0 1 1 1 1 2 1 1 0 2 1 1 1 1 1 1 1 2 1 1 1 2 1 2 0 1
1 2 1 0 1 1 1 1 1 0 2 1 1 1 1 1 0 0 0 0 1 0 0 0 1 0 1 1 2 0 1 2 1 1 2 0 0 2 0 2 0 2 1 2 1 0 0 0 1 0 1 2
1 1 0 1 1 2 0 1 0 1 1 0 1 2 2 0 0 2 1 1 0 1 1 0 1 2 1 0 1 1 1 1 1 1 0 1 1 1 1 2 1 1 2 2 0 0 0 2 2 1 2 0
1 1 1 1 2 1 1 1 0 1 0 2 1 1 1 2 0 2 1 0 1 1 2 0 0 1 2 0 1 1 1 1 0 1 0 2 1 1 0 1 0 0 2 2 0 2 1 1 1 0 1 2
1 2 2 2 2 0 1 1 0 0 2 0 1 0 2 0 0 1 1 2 0 2 2 1 0 2 2 2 1 0 1 1 1 0 1 1 0 0 1 2 2 1 2 1 1 1 2 1 1 2 0 0
0 2 2 1 2 0 2 2 1 2 1 1 1 1 1 2 0 0 0 1 0 2 1 0 1 1 1 1 1 2 1 2 1 1 1 1 2 1 1 1 1 0 0 1 0 0 1 0 1 0 0 1
0 1 0 1 1 1 0 2 2 1 1 1 0 0 1 2 1 0 1 1 1 2 2 1 1 0 1 0 1 2 1 0 0 0 1 0 1 1 2 2 2 1 0 1 1 1 1 1 1 0 1 2
1 1 2 2 0 0 0 1 0 2 1 2 1 0 0 2 1 2 1 1 2 0 2 0 0 2 2 1 1 2 2 0 1 1 0 1 1 1 1 1 1 1 1 1 1 1 1 1 0 0 1 2
1 0 1 2 1 1 0 1 0 0 1 1 0 1 0 1 1 2 0 2 0 1 1 2 2 1 0 1 1 2 1 1 1 1 1 0 2 0 1 1 2 1 2 1 1 1 0 1 0 2 2 0
0 2 1 2 0 2 1 0 2 2 2 1 0 0 1 1 1 1 1 1 1 1 1 0 0 1 0 1 1 1 1 2 1 1 1 1 1 2 2 1 0 0 1 0 0 1 1 1 1 1 1 1
0 1 0 0 1 0 1 0 2 1 1 2 1 1 1 2 1 1 1 1 2 1 2 1 1 2 1 1 2 0 0 2 2 0 0 1 1 1 2 1 2 0 1 2 0 1 2 2 1 1 1 2
0 2 1 2 1 1 1 0 1 0 0 2 1 0 2 1 0 0 0 1 0 1 1 1 2 0 2 2 1 0 1 2 1 1 1 1 2 2 1 1 2 1 0 1 1 1 1 1 1 1 2 1
2 2 0 2 1 2 2 2 0 1 0 2 0 1 1 2 0 1 1 2 0 1 2 1 0 2 0 1 1 2 1 0 1 2 0 0 0 0 0 0 1 1 1 2 1 2 2 0 0 1 2 2
1 1 0 2 2 1 1 2 2 1 1 1 1 0 1 1 1 0 0 1 1 1 0 0 2 1 2 1 1 2 1 1 2 2 1 0 1 1 2 1 1 1 1 2 1 0 1 1 1 1 0 1
1 1 1 0 2 1 2 0 0 1 0 1 0 1 0 2 2 1 1 1 2 0 1 1 2 2 1 2 1 0 1 1 2 0 0 1 2 0 0 1 2 1 2 1 1 2 0 1 2 1 2 0
17 21 19 15
13 39 47 97 86 100 166 158 214 207 186 216 230 266 352 344 289 380 402 347 471 461 398 513 414 481 443 533 498 520 568 647 736 762 750 714 843 856 856 771 955 935 697 1028 803 722 996 793 856 880 1067 1167
