52
20
0 1 1 2 2 1 0 2 2 1 2 1 1 0 1 0 1 2 1 1 2 0 2 1 1 2 2 2 0 2 1 1 1 2 1 1 1 2 2 2 0 1 0 1 0 0 1 1 2 0 2 0
1 1 0 2 1 1 0 1 1 0 1 0 2 2 1 2 2 1 0 2 0 2 2 1 1 1 0 1 0 1 0 1 0 0 0 0 0 0 0 0 1 1 2 0 1 2 2 1 0 2 2 1
2 1 1 1 1 0 2 2 1 2 2 1 1 2 1 2 0 1 1 2 0 2 1 1 1 1 1 2 2 1 2 2 0 2 1 1 2 1 1 0 2 0 1 1 0 1 0 2 2 2 0 1
1 0 2 1 1 1 1 2 0 1 1 1 2 1 0 1 2 2 1 1 1 2 2 2 1 2 1 1 1 1 1 1 0 0 0 1 1 2 2 2 1 0 1 2 2 0 1 2 1 2 2 2
2 0 1 2 1 2 1 2 1 1 1 0 1 0 0 2 1 0 0 0 1 1 1 0 1 0 1 1 1 0 1 1 1 1 0 0 1 1 1 1 1 1 0 1 1 0 0 0 0 1 1 2
0 1 2 1 1 1 2 1 1 1 0 1 0 2 2 1 1 2 1 1 1 1 1 2 1 2 0 0 0 0 1 1 1 1 1 1 1 1 1 2 2 2 2 2 1 2 1 2 1 1 1 2
2 2 0 1 1 1 1 1 1 1 2 1 1 1 1 1 0 2 1 1 1 0 0 1 0 0 2 1 2 1 2 2 2 1 2 0 0 2 1 1 1 0 0 0 1 0 0 1 1 0 0 0
2 1 2 2 1 1 0 1 1 1 1 0 1 2 2 0 1 1 1 1 1 1 1 2 1 1 1 1 1 1 0 1 0 2 0 1 1 0 1 1 0 1 2 1 1 2 0 0 1 2 0 2
1 1 0 1 1 1 1 1 2 2 1 2 1 0 1 0 1 0 0 0 0 1 2 2 2 2 2 2 0 1 1 2 0 1 1 1 1 1 2 1 1 1 2 0 1 0 1 1 1 0 0 2
0 1 0 1 1 1 1 1 0 0 0 1 2 0 2 2 1 1 1 1 2 1 1 0 1 1 1 0 1 0 1 2 2 0 1 0 1 1 1 1 0 1 2 2 1 0 1 1 2 0 1 1
0 2 1 1 2 2 1 1 2 2 2 1 1 1 1 2 0 1 0 2 1 2 0 0 1 1 1 2 1 1 1 2 0 1 1 2 1 0 1 0 1 1 0 0 1 2 1 1 0 1 1 0
2 0 1 0 0 1 1 0 2 1 2 1 2 1 1 1 2 2 2 2 2 1 1 1 1 2 1 0 0 1 2 1 0 1 1 0 1 1 0 0 0 0 2 1 2 2 0 1 1 1 1 2
2 2 1 2 1 1 2 1 0 0 1 1 1 1 0 1 1 0 0 0 2 1 1 2 0 1 1 1 1 2 2 1 1 1 1 1 2 2 1 0 1 1 0 0 2 1 1 0 0 1 1 1
0 0 1 1 1 2 1 0 2 1 1 1 1 2 0 2 1 2 1 0 1 1 1 0 1 0 1 0 0 0 1 2 0 1 1 0 1 1 1 2 1 1 1 0 2 1 2 1 1 2 0 2
0 0 2 1 1 0 1 2 0 0 2 2 1 1 1 1 0 1 0 0 0 1 1 1 0 2 1 2 0 1 1 1 1 0 2 2 1 2 2 2 0 1 1 1 1 0 2 1 0 1 1 1
1 0 0 1 1 0 0 1 0 1 1 0 1 2 2 2 2 2 1 1 2 2 0 1 1 2 0 2 1 0 1 0 1 0 0 1 1 0 0 2 1 2 0 1 1 0 1 1 0 1 0 2
2 2 2 1 1 2 0 0 1 2 2 1 1 1 1 1 0 1 1 1 1 1 1 0 0 1 1 1 0 2 1 0 2 0 1 0 1 2 2 1 0 0 1 0 0 1 0 1 2 0 0 0
1 1 1 0 1 0 0 1 2 1 1 1 1 2 2 2 2 1 0 1 1 2 1 1 0 2 2 0 1 1 1 2 0 0 2 1 0 1 2 1 1 1 1 1 2 0 0 1 1 2 1 2
2 2 1 0 0 0 1 2 1 1 2 1 1 0 1 1 0 0 0 1 0 0 1 2 0 1 1 2 2 1 1 2 0 2 0 1 2 1 2 0 1 0 0 0 1 1 1 0 0 1 1 1
2 0 1 1 1 2 1 0 2 1 1 0 0 1 1 2 1 2 0 2 1 2 0 1 2 1 1 1 0 0 2 1 1 2 1 1 0 1 2 1 1 2 1 2 1 1 2 1 1 1 2 0
15 18 19 13
24 35 65 80 86 105 127 161 169 241 250 252 296 282 287 353 388 362 371 405 404 366 508 462 521 433 514 669 558 536 622 668 691 716 660 760 865 747 646 738 859 965 697 754 965 744 1076 857 920 836 1085 874
