52
20
1 1 2 1 2 1 1 0 0 2 1 1 1 1 0 1 2 0 0 0 1 2 1 2 1 2 2 1 1 2 1 1 0 1 1 1 1 0 2 1 1 2 2 1 0 2 1 1 0 1 2 1
0 1 1 1 1 2 0 0 0 1 0 2 1 2 1 1 2 1 1 0 1 1 1 0 1 1 0 1 0 2 1 2 1 0 1 1 0 0 0 1 1 0 1 1 0 2 2 2 1 1 1 2
1 2 2 2 1 2 2 1 1 2 1 2 2 0 0 0 1 1 1 0 0 0 2 0 0 0 0 2 1 2 2 2 0 2 1 0 1 1 1 1 0 0 1 0 0 0 0 0 1 1 1 1
0 0 1 1 1 1 0 1 2 0 2 2 0 0 2 1 1 1 1 1 1 1 1 2 2 1 1 2 0 1 1 1 1 1 1 1 1 0 0 1 1 1 2 1 1 1 1 2 2 1 1 1
1 2 2 2 1 0 1 1 1 2 2 0 1 2 2 0 1 1 0 1 1 0 0 1 1 1 1 2 2 1 2 2 1 1 2 2 1 1 1 0 0 1 0 1 0 1 1 0 0 1 1 0
1 1 1 0 1 0 0 1 0 0 0 1 0 2 2 2 2 2 2 1 0 1 2 1 2 2 0 2 0 2 2 1 0 2 1 0 0 2 0 2 2 2 1 0 2 0 2 2 0 1 1 2
0 1 1 1 0 2 0 1 1 0 0 1 2 0 1 0 0 0 1 2 1 2 1 1 1 0 0 1 1 2 2 2 2 2 2 1 1 1 1 1 0 0 1 0 1 1 1 0 0 1 1 0
0 1 0 0 0 2 0 2 1 1 2 0 0 2 1 0 1 2 1 1 2 1 1 1 1 0 2 1 0 0 1 2 1 1 0 1 0 0 0 0 1 1 0 2 0 0 0 2 2 1 1 1
0 1 1 0 1 2 1 1 1 1 1 1 0 1 1 1 1 0 1 1 1 2 0 0 0 1 1 1 2 2 0 2 2 2 0 0 1 1 1 1 2 0 1 0 1 0 1 0 1 0 0 1
1 0 1 2 1 1 0 0 2 2 1 1 1 0 0 1 1 0 0 2 2 1 1 1 1 2 1 1 1 0 1 0 2 1 2 0 1 1 2 1 1 1 1 1 2 2 2 0 2 0 1 2
2 1 1 0 0 2 2 1 2 1 0 1 1 0 0 1 1 1 0 1 2 1 2 2 1 1 2 2 1 1 0 1 1 2 1 2 0 1 0 1 1 0 1 1 0 1 1 0 0 0 0 1
1 0 0 1 1 0 1 1 1 0 1 0 1 2 0 1 1 1 1 0 1 1 1 0 2 2 0 1 0 1 1 1 0 2 1 1 2 0 1 1 1 1 2 2 0 1 1 0 0 1 2 2
1 1 1 2 2 2 2 2 1 2 2 1 1 2 1 0 1 1 1 0 1 0 0 1 1 2 2 1 2 1 1 1 0 1 1 2 1 1 0 1 0 0 0 0 2 1 0 1 1 1 1 1
0 1 0 0 1 0 0 0 1 0 1 2 0 1 1 1 0 1 2 0 1 0 2 0 1 2 0 0 1 1 1 1 0 0 2 1 1 1 2 2 2 1 1 2 1 1 1 2 0 2 1 2
0 2 0 1 1 0 1 2 1 2 1 0 1 0 1 2 2 1 2 0 1 2 2 2 1 0 0 0 1 1 1 2 1 0 2 1 2 2 1 0 0 0 1 0 0 1 1 0 1 1 1 0
1 1 1 0 0 1 0 1 1 1 1 0 0 1 1 2 1 1 1 0 1 2 1 2 1 1 0 0 1 0 1 0 2 1 2 0 0 1 2 2 1 2 0 1 0 1 2 1 0 1 1 1
1 1 1 1 2 2 1 2 1 1 2 1 0 1 1 0 1 0 1 1 1 0 0 2 1 1 1 1 1 1 2 1 1 2 1 2 1 0 1 2 1 2 1 1 1 2 2 1 1 1 1 0
1 2 0 0 0 2 1 1 2 0 0 2 1 0 2 1 2 2 2 2 2 0 2 1 2 2 2 0 1 1 0 0 2 0 0 0 1 1 0 2 1 1 0 1 1 1 2 2 1 1 2 2
1 2 1 2 1 1 2 0 1 2 1 2 2 0 0 0 0 0 0 1 1 1 2 1 2 2 2 0 1 2 2 2 1 1 1 1 1 1 2 1 1 1 1 1 1 1 1 1 0 2 0 1
0 1 1 1 0 0 1 0 1 1 0 1 0 0 0 1 1 2 1 2 2 2 2 0 2 1 0 2 1 2 0 1 0 1 0 1 1 0 0 2 2 1 1 1 1 0 1 2 1 0 0 1
13 13 16 16
11 39 55 84 95 100 142 154 185 209 175 191 225 287 281 278 318 327 338 306 314 372 418 443 557 415 615 545 494 469 511 687 554 644 581 825 600 641 677 664 678 980 732 760 856 1033 990 875 835 1070 797 1001
