52
20
1 2 1 1 0 1 1 1 2 1 1 1 2 0 0 0 2 1 1 2 1 0 0 1 0 1 1 1 1 2 1 2 1 1 2 1 2 1 2 0 1 1 0 1 1 0 0 0 2 1 0 2
1 0 1 1 1 1 0 1 1 0 0 0 0 0 2 0 2 2 1 0 2 2 1 2 2 2 1 0 1 1 1 0 0 0 1 1 2 1 0 2 1 1 1 1 1 2 1 0 1 1 1 1
1 1 2 1 0 2 0 1 1 2 1 2 1 1 1 1 0 0 0 0 1 1 0 0 2 1 2 1 0 1 1 2 1 1 2 1 0 0 1 0 1 1 0 0 0 1 1 0 2 1 1 1
1 1 1 0 0 1 2 1 1 1 2 1 0 1 2 1 2 2 1 2 0 1 0 2 0 0 0 1 0 0 1 1 1 1 1 1 1 0 1 0 2 1 1 2 1 2 1 0 2 1 1 2
1 2 1 1 2 0 2 2 1 0 1 2 2 2 0 1 1 0 2 1 2 0 2 0 1 1 2 1 2 2 2 1 0 1 1 1 2 1 0 2 2 1 0 0 1 0 2 2 1 2 0 1
0 1 1 1 2 0 1 1 0 1 1 1 2 0 1 2 2 0 1 1 0 2 0 1 2 1 2 1 1 2 0 2 1 1 0 0 0 0 1 1 0 1 1 2 1 1 1 1 1 0 1 2
1 1 2 1 1 1 1 0 1 1 1 2 1 2 2 0 2 0 1 2 0 0 0 1 1 1 1 1 2 1 0 0 2 2 1 2 2 1 1 1 2 1 0 2 0 1 0 0 0 0 0 1
2 0 0 1 0 1 1 0 1 0 0 0 0 2 1 1 2 1 0 1 1 1 1 2 1 1 1 0 1 2 0 1 1 1 1 1 2 1 2 1 1 1 2 2 1 1 2 2 1 2 0 1
2 1 1 1 1 2 1 0 2 0 1 2 1 1 2 1 2 1 1 2 1 1 0 2 1 2 2 1 0 1 1 1 1 1 2 0 2 1 2 2 1 1 1 1 0 0 1 1 2 0 0 2
1 1 1 0 1 0 1 2 1 0 1 1 1 1 2 1 1 2 0 0 0 1 1 2 0 0 1 0 1 1 0 1 1 1 0 1 1 2 1 2 1 2 2 2 1 2 1 1 2 0 1 1
2 1 2 2 2 2 1 0 0 1 0 2 2 1 1 1 1 0 0 1 2 1 1 0 0 2 2 1 2 1 1 0 2 0 2 2 0 2 0 0 1 1 1 1 1 0 0 1 2 2 2 0
0 1 1 1 1 2 2 0 0 1 1 1 0 1 1 2 2 1 2 1 2 1 1 1 1 1 1 1 1 1 1 2 0 0 1 0 2 1 0 2 1 2 0 1 0 0 1 1 1 0 1 2
0 1 2 0 0 0 1 1 2 1 0 2 1 1 0 0 1 0 0 0 2 2 2 1 1 0 1 0 2 2 0 1 2 1 2 1 0 1 2 1 0 0 0 2 2 1 1 1 0 2 1 2
1 1 2 0 1 1 0 0 1 2 1 0 1 2 2 1 2 1 2 1 2 1 2 1 1 1 0 0 1 1 1 0 0 1 2 1 1 0 0 1 2 2 1 2 1 1 2 1 0 1 1 2
1 1 2 2 1 1 2 1 2 1 2 1 1 1 1 1 1 1 1 1 0 0 1 1 1 2 1 2 2 0 1 0 0 0 2 0 1 2 1 1 0 0 1 1 2 1 0 2 0 0 2 1
0 2 0 1 1 1 0 1 1 1 0 0 1 0 2 0 1 0 2 1 0 1 1 0 1 0 1 0 0 1 0 2 1 2 0 1 0 1 2 2 2 1 2 1 1 2 1 2 0 1 1 0
1 1 1 1 1 1 1 2 2 1 2 1 1 2 2 2 2 1 2 2 1 0 0 0 0 1 0 1 1 0 1 1 2 1 1 0 1 2 2 1 1 2 2 2 0 1 1 2 1 0 0 1
0 2 2 0 1 0 0 0 1 0 1 0 1 1 2 2 1 2 0 1 1 1 1 0 1 0 1 0 1 1 1 0 1 2 1 0 0 1 0 0 2 1 0 1 1 2 1 1 1 1 0 1
2 0 2 0 1 0 0 1 1 2 2 2 1 1 0 1 0 1 1 0 2 1 2 1 1 1 2 1 1 1 0 0 1 0 0 0 2 0 2 1 1 2 0 2 0 1 0 1 1 0 0 0
1 0 1 1 0 1 0 0 1 1 0 0 2 2 1 2 1 2 0 1 2 0 0 1 1 2 2 2 1 1 0 1 2 1 1 0 2 1 0 2 1 1 2 1 2 1 1 0 2 1 2 1
18 16 21 25
20 44 67 85 81 134 113 127 196 169 199 205 262 228 326 255 378 317 448 359 405 466 504 384 572 499 549 462 505 638 524 540 535 573 607 810 583 592 694 864 863 705 943 891 965 916 1018 927 888 826 1077 1061
