52
20
0 1 2 2 2 1 1 2 1 1 0 0 1 1 0 0 1 1 0 1 1 0 2 0 0 2 1 0 0 2 1 2 1 1 0 2 2 1 2 0 0 0 0 1 1 1 1 1 1 1 0 1
1 0 0 1 0 0 1 1 0 2 1 1 2 2 2 1 0 0 1 1 2 1 1 0 1 2 0 2 2 1 1 0 1 2 1 0 1 1 1 1 2 2 1 1 1 2 2 1 1 2 1 1
0 2 1 1 0 1 0 2 0 1 1 1 2 1 0 1 0 2 1 2 1 1 1 1 1 2 1 2 2 1 1 2 1 1 2 1 2 2 1 1 1 0 1 1 0 2 0 1 1 1 0 0
2 0 1 0 1 2 1 1 2 0 0 2 2 1 1 2 2 0 1 2 2 1 0 0 2 0 0 1 1 1 2 1 0 1 1 1 1 1 0 2 2 2 1 2 1 2 2 2 2 2 1 2
1 1 2 1 0 1 0 1 1 2 1 2 1 1 0 1 0 1 0 2 0 0 1 1 0 1 2 1 1 1 1 1 2 1 2 1 1 1 0 0 1 0 0 0 0 0 1 1 0 0 1 2
0 1 1 1 0 1 1 1 0 1 2 1 0 1 1 2 2 0 2 2 0 0 0 2 1 1 0 1 0 1 1 0 0 1 1 2 1 2 1 1 1 1 1 2 1 0 0 1 1 2 1 2
2 1 2 0 2 2 1 1 1 0 2 0 1 1 1 0 1 1 2 1 1 0 1 1 0 1 1 2 2 1 1 2 1 0 1 1 1 1 1 0 2 2 1 1 1 2 0 0 2 0 1 1
2 1 1 0 0 0 1 1 1 0 1 1 0 1 1 1 2 1 2 1 0 1 1 2 1 2 1 1 0 0 1 0 0 2 0 0 1 0 0 1 2 2 2 1 1 1 0 1 2 1 1 1
1 1 1 1 2 1 1 2 2 2 1 1 1 1 1 0 1 0 2 2 1 1 0 2 1 0 2 1 2 1 1 1 1 0 2 1 0 1 1 1 1 1 1 0 1 0 1 1 0 1 1 2
1 1 1 1 1 0 1 1 0 2 1 0 1 1 1 2 1 2 1 1 1 2 1 1 1 2 0 0 0 1 0 1 2 0 2 2 1 1 1 1 1 1 0 1 0 1 0 1 1 2 0 2
2 1 1 0 2 1 2 2 1 1 2 2 1 2 0 1 0 0 0 0 1 1 2 2 2 1 2 1 2 1 2 1 0 1 1 2 2 1 1 1 1 1 2 0 1 0 0 1 1 0 0 2
1 1 2 0 1 1 1 2 1 1 1 0 0 0 1 2 1 0 0 2 2 0 0 2 2 0 1 2 0 1 1 1 2 1 1 2 0 0 1 0 1 0 2 1 0 1 1 2 1 1 0 2
1 2 2 2 0 2 1 1 1 1 1 1 1 2 1 1 0 1 2 0 1 1 1 1 0 0 1 2 2 1 1 1 0 2 1 0 1 2 1 1 1 1 0 1 0 0 0 0 0 0 1 2
0 1 0 1 1 0 2 0 1 1 0 2 0 2 1 0 0 1 2 1 1 1 2 2 1 1 0 0 1 1 1 2 1 1 0 0 1 1 1 2 1 1 2 0 1 1 0 1 1 1 1 2
2 2 1 2 2 1 2 2 1 0 0 0 2 2 1 1 1 1 1 0 1 1 1 2 0 2 2 2 1 0 2 2 2 2 0 0 0 1 1 0 0 1 1 1 0 0 1 1 0 1 0 1
2 1 1 1 1 1 1 2 0 0 0 1 0 1 1 1 1 1 0 1 1 1 1 2 2 1 0 2 1 1 1 0 1 1 1 0 0 1 1 1 1 1 1 2 1 2 2 1 1 1 1 0
1 2 2 0 1 2 2 1 1 2 2 1 2 1 1 0 0 0 0 0 1 1 1 0 0 1 1 2 1 2 1 2 1 1 1 1 1 1 1 2 1 0 1 2 1 0 1 2 0 1 1 2
2 1 1 1 0 0 1 1 1 1 2 1 1 2 2 2 1 1 1 2 1 1 1 2 1 2 0 2 1 0 1 1 0 1 1 2 0 0 1 0 1 0 2 1 0 2 1 1 1 1 2 2
1 1 0 1 1 1 1 2 1 1 1 1 2 0 0 1 0 0 0 0 0 1 1 1 0 0 2 1 1 1 0 1 2 1 1 1 1 1 1 0 0 0 1 1 1 1 1 1 1 0 1 1
0 1 0 0 1 2 2 1 1 2 1 0 0 1 2 1 1 1 1 2 1 0 1 1 1 1 1 1 0 0 0 0 0 0 1 0 1 0 0 0 1 2 1 2 1 2 2 2 1 1 1 0
19 12 15 24
23 52 71 68 82 130 129 204 197 189 209 235 272 330 364 361 369 425 376 392 407 357 472 470 439 508 444 524 518 506 734 653 585 772 708 728 595 771 883 802 925 886 968 996 900 852 809 805 829 941 859 962
