52
20
1 1 0 1 2 1 1 0 1 1 1 1 1 1 1 1 0 1 1 1 2 0 1 1 1 0 1 1 2 0 1 1 1 2 1 1 1 1 2 0 1 0 2 1 2 1 1 0 0 1 1 0
0 1 1 2 1 1 1 0 0 0 1 1 1 1 1 1 1 1 2 1 0 2 2 2 1 2 0 1 0 2 0 1 0 1 1 1 2 1 0 1 2 1 1 2 2 2 2 1 1 2 2 2
1 2 2 1 1 1 1 2 1 2 2 1 1 1 0 1 0 1 1 2 0 1 1 1 1 2 1 2 0 2 2 1 2 1 1 2 1 1 2 0 2 1 1 0 1 1 2 0 1 0 0 1
1 2 1 0 0 1 0 1 1 1 2 0 0 2 1 2 1 1 2 1 2 0 2 2 0 2 1 2 1 0 1 0 0 1 2 2 1 1 1 2 2 2 1 1 1 2 1 1 1 2 2 1
1 2 2 0 2 1 2 1 1 1 2 1 2 1 0 1 0 0 1 0 0 1 1 1 0 1 1 2 1 0 2 1 2 2 2 0 0 2 2 1 1 2 2 0 2 1 0 1 0 1 1 1
2 1 1 1 1 0 1 1 0 1 0 1 0 0 1 2 2 1 1 1 2 2 1 1 1 1 1 0 0 1 1 0 1 1 1 0 0 1 1 1 1 1 1 2 2 1 2 1 0 2 2 0
2 2 2 2 1 0 1 1 2 1 2 1 2 1 2 1 0 1 1 1 0 1 1 0 1 1 1 2 0 1 1 2 1 0 2 1 1 2 2 0 0 1 2 1 0 0 2 1 1 1 1 0
1 2 1 1 2 0 2 0 1 2 1 1 1 0 1 2 0 1 2 2 1 1 2 2 2 1 0 1 1 0 1 1 0 0 0 0 1 0 0 1 0 0 1 0 1 2 1 1 0 1 2 0
1 0 1 0 1 1 1 0 1 0 1 0 1 0 0 1 2 1 0 2 1 1 1 1 1 1 1 1 1 2 1 1 2 1 2 2 1 2 2 0 0 0 0 0 1 1 1 0 1 1 1 1
0 1 0 1 1 1 0 2 0 0 2 1 1 1 0 1 2 2 2 0 1 0 2 0 1 0 0 1 1 1 1 1 1 2 1 1 1 2 1 2 0 0 2 1 2 2 0 2 2 1 1 2
2 2 2 1 1 1 1 1 0 1 1 1 1 1 1 1 1 1 0 0 1 1 0 2 1 1 1 2 1 2 1 1 0 2 1 1 1 1 1 1 1 1 1 2 1 1 1 0 2 1 1 1
1 1 1 1 1 2 1 1 2 0 1 1 1 2 2 2 2 1 1 1 2 1 0 0 0 1 1 0 0 1 1 1 1 2 2 1 0 1 0 2 1 2 0 0 1 0 1 2 1 1 1 1
1 1 0 2 1 1 2 1 1 1 2 1 2 2 1 0 0 1 0 1 0 1 1 1 2 1 1 1 2 1 1 0 0 1 2 1 2 0 1 1 1 0 0 0 0 2 0 0 0 1 1 0
1 2 1 1 0 1 0 0 2 1 1 1 0 2 2 1 2 2 2 1 1 1 2 1 0 2 0 1 1 0 1 1 2 1 1 1 1 0 1 2 1 2 1 1 2 2 1 2 1 1 1 1
1 1 1 1 1 2 0 2 2 0 0 2 2 1 1 0 2 1 0 1 2 0 1 0 0 0 2 0 1 1 0 1 0 1 2 2 1 1 2 0 2 2 1 2 1 1 0 1 1 1 1 1
1 1 1 1 1 0 1 1 1 0 1 0 1 1 1 2 2 0 1 1 2 1 2 0 1 1 0 1 0 2 1 1 1 1 2 0 0 1 1 2 2 2 1 1 2 1 1 1 0 2 1 2
1 2 1 1 2 0 1 1 1 1 1 2 2 1 1 2 1 0 1 0 2 1 1 2 0 1 1 1 1 1 1 0 1 1 2 1 1 2 0 1 2 1 1 0 0 1 2 2 1 0 1 1
1 0 1 1 1 2 1 2 0 0 0 0 0 1 0 2 1 0 1 1 2 0 2 1 1 2 1 1 0 1 1 0 1 2 0 1 0 1 1 1 2 0 1 2 1 2 2 2 1 1 2 2
1 1 0 0 0 1 1 2 1 2 2 1 1 1 1 0 1 1 1 2 1 0 0 0 0 0 0 1 2 2 1 2 2 0 0 0 2 2 2 1 1 1 2 0 0 1 1 1 0 0 0 2
2 2 0 1 1 0 0 1 1 0 0 1 0 2 2 2 2 1 1 1 1 2 1 1 0 1 1 0 1 0 1 1 1 1 1 2 0 1 0 1 2 1 2 2 0 1 0 1 1 0 1 2
18 17 23 22
25 45 74 70 92 130 136 192 169 187 258 283 207 302 320 349 360 319 455 439 392 422 556 457 430 522 576 592 602 568 555 756 690 682 573 622 805 770 807 840 898 813 1028 1048 955 944 939 1036 1090 1042 1228 1233
