52
20
2 1 1 1 1 1 1 0 1 1 1 2 2 0 0 1 1 0 2 1 1 1 1 1 2 0 0 1 1 2 2 1 1 2 1 2 0 2 2 2 1 1 2 0 1 0 1 0 0 1 1 0
1 0 0 1 1 1 0 0 0 1 1 1 1 1 2 2 1 2 0 0 1 2 2 0 2 0 2 1 2 1 1 0 1 1 1 1 0 1 0 2 1 1 0 0 2 1 2 1 2 1 2 1
2 2 2 2 2 1 1 1 2 2 1 1 1 1 2 1 0 1 2 1 0 0 1 1 1 2 1 2 1 2 1 1 1 2 1 1 2 2 1 1 2 1 2 0 1 1 1 1 0 0 1 2
1 1 1 0 0 0 1 0 1 0 1 1 1 1 2 1 1 2 1 2 2 2 1 2 0 2 0 1 0 1 1 1 0 1 0 1 0 1 1 1 0 0 2 1 2 0 2 1 2 1 1 2
1 1 0 1 2 2 1 0 0 1 1 2 1 0 1 0 1 0 1 0 0 0 0 1 1 0 0 0 1 2 2 1 2 1 0 1 2 1 2 2 0 1 0 2 1 1 1 0 0 1 1 2
1 0 1 1 1 1 0 1 1 0 1 1 0 1 2 2 0 1 2 2 1 1 2 1 1 0 0 0 0 1 1 0 1 1 1 0 0 0 0 0 2 0 2 1 0 0 1 1 1 0 1 2
1 2 1 2 2 1 2 1 2 2 2 0 1 1 2 1 0 1 1 1 2 0 2 0 1 1 1 2 1 2 1 2 1 1 1 1 1 0 2 1 1 0 2 0 0 2 0 1 1 0 0 0
1 1 1 1 1 1 2 1 1 0 0 0 1 1 2 1 1 1 0 1 2 2 0 1 2 1 0 0 1 2 1 1 1 0 0 1 1 2 0 1 2 2 2 1 0 1 2 0 1 1 2 1
1 0 1 2 1 1 2 1 1 2 1 1 2 1 1 0 2 1 1 1 0 1 0 1 0 0 0 1 1 0 2 1 2 2 1 2 1 1 2 0 0 0 1 1 0 1 1 1 1 1 2 1
1 1 2 2 0 0 1 2 0 1 1 2 2 0 2 2 1 1 2 0 1 1 1 2 1 2 1 1 2 1 0 1 0 2 1 1 0 0 1 1 1 1 2 1 2 1 2 0 0 1 1 1
1 1 1 1 1 1 1 1 1 2 1 1 2 1 0 0 0 0 0 1 0 1 1 1 1 2 1 1 1 1 0 2 1 1 1 1 2 1 0 2 1 1 0 1 2 0 1 1 0 1 0 0
0 0 1 0 1 0 0 0 1 0 1 1 0 1 1 1 1 1 2 2 1 0 1 0 1 1 0 0 1 1 0 2 2 1 0 0 1 0 1 1 2 1 2 2 1 0 1 1 1 0 1 1
1 2 1 2 1 1 1 2 2 2 1 1 2 0 1 1 1 1 1 1 0 1 1 0 1 1 1 1 2 1 1 2 0 1 1 1 2 2 1 0 0 2 0 0 1 1 1 0 0 1 1 2
1 0 2 0 0 1 0 2 1 2 0 0 1 1 1 1 2 2 2 1 1 1 1 2 2 1 1 1 0 0 1 0 1 2 0 0 2 0 1 0 2 1 2 2 1 0 1 2 2 1 2 0
2 1 1 1 2 2 0 2 1 0 1 2 2 2 0 1 0 0 1 1 1 2 0 1 2 0 2 1 2 1 1 1 0 0 2 1 2 2 1 2 1 1 1 2 1 2 1 0 2 1 0 0
1 0 2 1 1 0 2 1 1 1 1 0 1 0 1 1 2 1 2 0 1 2 1 2 2 0 0 1 0 1 2 0 1 0 1 1 0 1 0 1 1 1 2 2 2 1 1 1 2 2 1 2
1 2 1 1 1 1 1 2 0 1 0 2 1 1 0 0 0 1 0 0 1 1 1 0 0 1 0 2 0 1 1 1 1 2 1 0 2 1 2 2 1 1 1 0 2 0 2 2 2 0 0 1
2 1 2 1 0 1 0 0 1 0 1 1 1 2 1 0 1 1 2 2 0 2 0 2 0 1 1 1 2 0 2 1 0 1 0 0 2 1 1 2 1 2 1 2 2 2 0 0 1 2 2 2
2 1 0 2 1 1 1 2 1 1 2 0 2 1 2 1 0 2 1 0 0 2 1 1 1 0 1 1 2 2 0 1 2 1 1 2 1 1 0 1 2 0 0 2 1 2 1 0 0 1 0 1
1 2 1 1 1 1 1 1 0 1 0 0 0 2 0 1 1 1 1 1 2 2 1 1 0 2 0 1 0 1 0 1 2 1 1 1 0 0 1 1 1 2 2 1 0 1 2 1 1 0 1 2
17 16 11 16
23 40 75 96 91 125 132 189 205 200 239 197 276 255 344 274 333 328 375 343 417 413 427 542 423 521 601 495 473 677 558 592 595 660 578 800 854 728 667 710 931 693 826 923 1006 795 836 840 780 897 913 951
