52
20
1 0 1 1 2 2 1 2 1 2 1 1 0 1 1 1 2 0 0 0 1 1 2 0 1 1 1 1 0 0 1 1 1 0 1 1 1 1 0 0 1 0 0 1 2 1 0 1 0 0 0 1
1 0 1 1 0 0 1 1 1 1 1 0 2 1 0 2 2 1 0 1 1 1 0 1 2 2 0 0 0 2 0 0 2 0 2 0 0 1 1 2 2 1 1 1 0 0 0 2 1 0 1 0
2 2 0 2 1 2 0 0 1 2 1 2 2 1 1 2 0 1 2 1 0 1 2 1 1 2 1 1 1 1 2 1 2 2 1 1 1 0 2 1 0 0 1 2 0 0 2 1 0 1 1 1
2 1 1 1 1 0 0 1 1 1 1 1 1 1 1 1 0 1 1 2 2 1 2 1 2 2 2 0 0 0 2 0 0 0 0 0 0 1 1 1 1 0 0 1 0 2 2 1 1 0 1 2
2 1 1 0 1 1 2 1 1 2 1 1 1 1 1 0 1 1 0 1 1 0 0 1 2 0 0 1 1 0 1 2 1 1 1 1 2 2 2 1 1 2 0 1 1 0 1 0 1 1 0 1
1 0 2 1 2 2 2 0 0 1 0 2 0 2 1 2 2 2 1 1 1 1 2 0 0 1 2 2 0 1 1 1 1 1 1 0 2 0 1 1 1 1 0 1 1 1 2 2 0 2 1 1
1 1 0 2 2 0 0 2 1 0 2 0 0 1 2 1 1 1 0 2 2 0 1 0 1 1 2 2 2 1 1 2 2 2 2 1 2 1 1 2 1 0 1 1 1 2 0 1 0 0 1 1
2 2 2 2 0 2 1 1 0 0 1 2 2 1 1 2 0 1 2 2 0 1 2 2 1 2 1 1 1 1 1 1 0 2 1 1 1 1 1 1 0 1 2 1 2 1 1 1 1 2 2 1
1 1 1 0 1 0 1 1 1 0 0 1 1 0 1 0 0 1 1 1 1 1 1 1 0 0 1 1 0 1 1 1 1 1 1 1 2 1 2 2 0 0 1 1 0 1 1 0 1 1 1 1
1 0 0 1 1 1 0 1 0 0 0 1 1 1 2 1 2 1 2 0 1 1 0 1 1 1 0 1 1 1 1 0 0 1 0 0 2 1 1 2 1 2 1 0 1 0 2 1 2 0 2 1
1 0 1 1 1 1 0 0 1 1 2 1 1 1 1 1 0 1 0 1 0 1 0 1 0 1 0 0 2 1 0 1 1 2 1 1 1 2 2 1 1 1 1 1 1 0 0 1 1 0 0 1
0 1 0 1 0 0 2 1 0 0 2 1 2 1 0 2 1 2 1 1 2 2 2 2 2 0 1 0 1 1 0 1 0 1 2 1 1 0 0 1 2 1 1 2 1 0 2 0 2 1 1 1
1 1 0 2 0 0 2 0 1 1 1 2 2 1 1 1 1 1 0 1 1 0 1 1 1 1 2 0 1 1 2 1 1 1 2 2 1 0 1 0 1 1 1 0 1 1 1 1 1 0 1 0
1 2 0 0 2 2 1 0 0 1 1 1 1 2 1 2 1 2 0 1 1 2 2 0 1 1 1 0 2 1 0 0 0 0 1 2 0 1 0 0 1 1 2 2 1 2 2 2 1 2 1 1
1 1 2 1 2 0 1 2 2 2 1 1 1 0 1 1 0 2 1 0 2 1 0 0 0 0 1 2 2 1 1 2 0 2 1 1 1 2 0 1 0 2 1 1 0 1 0 1 0 0 1 1
2 1 1 0 1 1 1 0 0 1 1 1 0 1 1 1 1 1 2 2 2 1 1 1 1 0 1 1 0 1 0 1 2 1 1 1 2 0 1 2 0 0 1 1 1 2 2 1 2 2 2 2
0 2 0 2 1 2 0 1 0 2 2 1 1 1 1 1 1 1 0 0 0 2 2 1 1 0 1 1 1 1 2 2 2 1 0 1 2 1 1 1 1 2 1 0 1 0 1 1 1 0 1 1
1 0 1 0 1 2 0 1 0 1 2 1 0 1 1 1 0 1 1 1 1 1 2 2 2 2 1 1 2 0 1 1 1 1 0 1 0 2 1 1 1 1 2 1 2 2 2 1 0 0 1 0
2 2 1 2 0 1 1 1 2 1 1 1 0 0 0 1 2 0 0 2 1 0 1 0 0 1 1 1 1 1 1 1 2 0 2 2 2 2 1 1 0 0 0 1 2 1 1 1 1 0 1 1
0 0 1 1 1 1 1 0 2 1 1 0 2 1 1 1 1 2 1 0 1 2 2 1 2 2 0 0 1 0 1 1 1 0 1 0 0 1 0 1 0 1 1 0 2 2 2 0 2 2 1 1
17 21 12 15
23 45 51 73 100 111 115 159 177 184 195 200 277 312 255 263 381 311 398 387 347 481 481 536 561 437 617 588 458 684 513 556 708 787 760 788 719 809 807 712 666 678 868 755 862 1049 810 1066 957 811 871 1072
