52
20
2 2 2 2 0 1 0 1 1 1 0 1 0 1 2 1 0 0 0 0 1 0 0 0 2 1 2 1 1 1 1 1 1 1 2 1 1 1 2 0 1 1 0 1 1 1 2 1 1 2 1 1
1 0 1 1 0 2 0 2 1 1 1 0 1 2 2 2 1 0 0 1 2 2 0 1 1 0 1 0 0 1 1 1 1 0 1 1 1 1 0 2 2 1 0 1 1 2 1 1 2 2 2 0
1 0 1 1 0 1 1 1 2 2 2 0 1 0 1 1 2 1 1 1 1 0 1 1 1 1 0 2 2 1 2 2 1 2 0 1 2 1 2 1 0 0 2 1 1 0 1 0 1 2 2 0
0 2 0 1 0 0 0 1 0 0 1 0 2 0 2 2 0 0 1 2 0 1 2 2 1 1 0 1 2 0 0 2 2 1 1 2 0 0 1 0 1 1 1 2 1 1 0 1 1 1 1 1
2 2 2 0 1 1 1 1 1 0 1 1 2 0 2 1 0 0 1 1 2 0 0 0 0 1 2 2 1 1 0 0 0 1 1 1 1 2 2 2 2 0 2 2 2 0 1 0 1 2 1 2
1 0 0 0 0 0 1 1 0 1 1 2 0 1 1 1 2 0 2 1 0 1 1 1 0 0 0 1 1 0 1 1 1 1 1 2 0 2 0 0 1 2 1 2 1 1 1 2 2 0 0 2
1 1 1 1 1 0 1 2 2 2 1 0 0 0 1 1 1 1 2 1 1 0 2 1 0 2 1 1 1 1 0 2 2 1 1 1 0 1 2 1 0 1 0 1 1 1 0 0 0 0 1 1
0 0 1 0 0 0 1 1 1 1 2 0 1 1 2 1 1 1 2 2 2 2 1 1 0 1 0 0 1 1 2 0 0 1 1 0 2 0 0 0 1 2 0 0 0 1 1 2 1 2 1 2
2 1 0 0 1 1 1 2 1 1 2 1 1 1 0 0 2 1 1 2 1 0 0 0 0 1 1 2 1 0 1 0 1 2 1 0 0 1 1 1 1 2 1 0 1 2 1 1 1 1 1 1
0 0 1 1 1 0 0 1 0 0 1 0 2 1 1 1 1 0 2 0 0 0 0 1 1 1 1 2 1 1 1 0 0 0 0 1 0 1 1 1 2 1 1 2 2 1 1 0 0 1 2 1
2 0 0 1 0 1 2 2 1 1 1 1 2 1 1 1 1 1 0 1 0 2 0 0 1 1 0 2 2 2 1 2 0 1 1 1 1 2 1 1 0 1 1 1 0 1 1 1 1 0 0 1
0 0 1 0 1 1 0 1 1 0 0 1 2 1 0 0 1 1 0 1 2 0 0 1 2 2 1 1 2 0 0 1 0 1 0 2 1 2 0 0 0 1 2 1 1 1 1 1 2 0 2 0
0 1 1 1 2 0 1 1 0 2 1 0 2 0 0 0 1 2 1 0 0 1 0 0 1 0 2 1 0 2 1 2 0 2 0 1 1 2 1 1 1 1 1 0 0 2 0 0 0 1 0 0
1 1 1 0 0 1 1 1 1 1 1 1 1 2 1 2 1 1 1 1 0 0 1 0 0 1 0 1 2 1 0 0 1 1 1 0 0 1 2 1 0 0 1 0 1 1 2 0 1 1 1 1
1 1 1 2 2 1 1 2 1 1 0 0 0 0 1 1 0 0 1 1 0 0 2 0 0 1 1 1 1 1 2 1 1 2 1 1 1 1 1 1 1 1 2 0 0 0 1 1 1 2 0 1
1 1 1 0 2 1 2 1 1 0 0 0 1 0 1 1 0 1 1 0 1 1 2 0 1 2 1 1 0 1 0 0 1 2 1 0 1 1 1 0 1 0 2 1 1 1 1 0 1 2 1 2
2 1 2 1 0 2 0 1 2 0 1 1 1 0 0 0 1 0 0 1 1 1 0 2 0 0 2 2 1 1 1 1 1 1 2 0 1 2 1 0 1 0 2 1 1 0 0 1 1 0 1 1
1 1 1 1 0 1 0 0 0 0 1 1 1 1 1 1 1 1 2 1 2 1 1 0 1 1 0 1 0 1 0 2 1 2 1 1 1 0 0 2 2 2 1 1 2 1 2 2 1 2 0 2
1 2 2 2 2 1 1 2 2 2 1 1 0 2 1 1 2 1 1 0 0 1 1 0 1 1 1 1 1 1 2 2 1 1 0 1 1 1 1 0 2 1 0 2 0 0 1 1 0 0 1 0
0 1 0 1 2 2 1 2 0 0 0 0 1 2 1 2 1 2 2 2 1 1 2 2 2 2 2 0 2 1 1 1 1 1 0 1 1 1 1 2 2 0 0 2 1 1 1 2 1 1 0 1
17 16 15 13
21 28 52 58 71 104 110 157 160 194 187 217 256 278 264 254 321 381 305 311 300 461 385 394 353 484 384 577 525 623 638 458 496 557 602 670 755 811 597 802 663 786 704 912 733 855 701 859 1030 934 1008 809
