52
20
1 1 2 0 2 2 1 1 0 2 1 1 2 1 1 0 1 0 0 0 0 0 1 1 1 1 1 1 2 2 1 0 1 1 2 1 2 1 0 0 0 0 0 0 0 1 1 1 2 0 0 0
0 1 1 1 2 2 0 0 0 0 1 2 1 1 1 2 1 2 1 1 1 1 1 1 1 1 0 1 0 0 1 1 0 2 2 0 1 1 1 2 1 1 2 0 1 0 1 1 0 1 0 1
2 1 0 0 1 0 1 1 1 2 2 1 2 0 0 0 1 0 0 0 1 1 1 0 1 1 0 1 1 2 1 1 1 1 0 1 1 1 0 1 1 0 1 0 1 1 2 1 1 0 1 1
0 1 1 0 1 1 2 0 1 1 2 2 1 2 1 1 1 1 1 2 1 2 2 1 2 1 0 2 1 1 1 1 2 1 1 0 1 0 1 1 1 2 0 1 2 0 1 1 0 2 2 0
2 2 1 1 2 2 2 2 1 1 1 1 2 1 2 1 1 1 2 0 1 0 2 2 1 0 2 0 1 1 1 1 1 2 1 2 1 1 2 1 1 1 1 1 2 1 2 1 2 1 1 0
1 0 1 0 0 0 0 1 1 0 2 1 0 1 1 2 0 1 2 0 2 2 1 2 1 1 1 1 0 0 0 1 1 0 0 1 2 1 1 1 1 1 1 2 2 1 0 0 2 0 2 2
1 0 2 2 1 1 1 0 1 2 2 1 1 1 0 0 0 1 1 2 0 1 1 1 0 1 2 1 1 1 0 2 0 2 2 2 2 1 2 1 0 1 1 1 1 0 1 1 2 1 1 2
1 1 0 0 2 0 2 1 1 2 0 1 1 1 2 1 1 1 2 2 2 2 0 1 2 1 2 1 1 0 1 1 2 1 1 2 1 0 0 2 1 1 2 2 1 2 2 2 1 1 2 0
1 1 2 0 1 1 2 1 1 1 1 2 1 1 1 0 2 0 1 0 1 0 1 1 0 1 1 1 2 1 2 2 2 2 1 1 1 1 2 1 2 2 2 0 0 1 0 1 1 1 1 1
1 0 1 0 0 1 0 1 0 1 0 1 1 1 2 2 2 1 1 1 0 2 1 1 1 1 1 1 0 1 0 0 1 1 1 1 1 1 1 0 1 1 1 1 1 1 1 0 1 2 2 1
2 0 2 2 1 2 1 2 1 2 2 2 0 1 0 1 0 1 2 1 2 0 1 0 0 0 1 1 0 1 1 1 2 0 2 0 1 2 1 0 1 2 0 1 1 1 1 1 1 2 0 1
1 0 2 0 0 0 1 1 1 2 0 1 0 1 2 1 2 2 2 1 1 0 1 0 2 2 1 0 1 1 1 0 1 1 0 0 1 1 1 1 1 1 1 1 0 2 2 1 2 2 1 1
1 2 1 1 2 2 0 1 1 2 2 2 2 0 1 2 1 1 0 0 2 1 1 1 0 1 1 2 1 2 0 0 1 1 1 1 2 2 0 1 0 2 2 1 0 1 1 2 2 0 1 2
0 0 1 1 2 0 2 0 1 1 0 1 1 0 1 1 1 1 2 2 1 2 0 2 1 1 2 0 1 1 1 1 0 1 1 0 1 1 0 0 1 2 0 2 2 2 0 1 1 1 0 2
1 2 2 2 0 2 0 1 2 2 0 1 0 2 1 1 1 2 1 1 1 1 0 0 1 1 0 2 2 2 1 1 2 1 1 1 0 2 2 0 1 1 1 2 2 0 0 1 2 0 0 0
1 1 1 1 0 0 2 0 2 2 1 1 1 2 1 1 0 0 1 2 0 2 1 2 2 2 0 0 2 0 1 2 1 1 2 0 0 1 0 2 1 1 1 0 2 1 2 2 2 1 1 2
1 2 1 2 0 2 2 0 0 1 0 1 1 0 1 0 1 2 2 1 1 1 1 1 1 1 1 1 2 1 1 2 1 2 0 1 2 2 2 0 1 1 2 1 0 1 1 1 0 1 0 1
1 2 1 1 0 0 0 1 0 2 0 0 0 1 1 0 2 1 2 2 0 2 1 2 2 2 1 2 2 2 2 0 2 1 1 0 0 1 1 1 2 1 1 0 1 1 2 2 2 2 1 1
2 2 1 1 0 1 2 2 2 2 1 2 2 0 2 0 2 0 1 2 1 0 0 0 1 0 1 2 1 2 2 2 2 0 0 2 0 1 2 1 1 1 1 2 2 1 1 0 1 1 1 0
2 0 1 2 1 0 0 1 0 1 2 0 0 1 2 2 2 1 2 1 2 1 2 0 1 1 2 0 0 0 0 1 1 1 2 0 2 1 1 2 1 2 2 1 2 1 1 1 0 0 2 2
15 12 15 15
18 35 78 91 116 109 155 173 157 182 254 279 235 249 353 376 307 330 430 367 477 452 490 555 582 542 560 563 576 530 616 713 665 710 766 592 686 728 729 889 769 1008 883 991 804 1052 1031 938 1105 1084 1078 1193
