52
30
2 2 0 1 1 1 1 1 0 0 1 2 1 2 1 2 0 2 1 0 2 2 0 1 0 0 0 2 1 0 2 1 1 2 0 2 1 0 2 2 1 1 0 1 1 1 0 1 1 0 1 1
1 1 1 0 1 2 0 1 1 1 1 0 1 0 2 1 1 0 1 1 2 1 2 1 1 1 0 0 2 0 1 2 1 1 0 2 0 0 0 2 1 2 2 2 0 1 0 1 1 0 2 1
1 1 2 2 0 1 1 1 2 2 2 0 1 0 1 2 0 0 1 1 1 0 1 2 1 1 1 2 1 2 1 0 1 2 0 1 2 2 0 0 1 1 1 0 1 1 2 1 0 1 0 1
1 0 0 1 0 1 0 0 0 0 1 1 0 1 2 0 1 1 2 2 2 1 1 1 2 1 1 0 0 0 2 2 0 1 1 0 1 2 1 1 1 1 2 0 1 1 1 2 1 1 0 1
0 1 1 1 1 1 2 1 2 1 1 2 1 2 1 2 1 0 0 1 1 0 0 0 1 0 2 2 2 1 2 1 1 1 1 1 1 1 2 1 0 1 0 1 0 1 1 2 0 1 0 0
0 2 0 1 0 1 0 1 0 1 0 1 2 1 1 1 2 1 1 1 0 2 1 1 2 1 2 1 2 2 1 2 1 1 1 1 0 0 1 2 0 0 1 1 0 2 1 1 1 2 2 1
1 2 1 1 2 0 2 1 1 1 1 2 0 2 1 1 2 1 0 0 0 0 0 0 1 2 1 2 1 1 1 2 0 1 1 1 2 1 2 0 1 1 2 1 2 0 0 1 0 1 0 0
2 0 2 1 1 1 1 0 0 0 1 0 1 1 2 1 2 1 1 1 2 2 1 1 1 2 0 0 0 1 1 0 0 1 2 1 2 0 1 1 2 1 1 2 2 2 2 1 2 2 0 1
1 0 1 2 1 2 2 2 0 1 2 0 1 1 1 2 1 1 0 1 0 0 1 1 0 0 2 2 2 1 1 1 2 1 1 1 1 2 1 2 0 0 1 0 1 1 1 1 2 1 1 0
1 1 0 1 2 1 0 1 2 0 0 1 1 0 1 1 2 1 0 2 0 1 2 2 1 1 0 0 0 1 1 0 1 2 1 0 2 1 1 1 1 1 1 2 0 0 1 2 1 1 0 2
2 2 1 1 2 0 2 1 2 1 1 1 2 0 0 0 0 2 1 0 1 1 0 0 1 2 2 0 1 1 1 1 1 2 2 2 2 2 1 1 2 0 1 1 1 0 1 1 1 0 1 0
1 1 1 0 1 1 1 1 1 1 0 1 1 0 1 1 0 1 1 1 1 0 1 1 2 0 0 1 0 1 1 0 1 1 1 1 1 1 2 2 2 2 1 2 1 1 2 0 1 2 2 1
1 2 1 2 2 1 1 2 1 1 1 1 0 2 2 0 1 1 1 1 1 1 1 0 0 0 2 2 1 1 2 1 2 1 1 1 1 1 1 1 0 1 2 2 0 0 1 1 1 1 2 1
2 0 1 1 0 1 1 0 1 1 1 2 1 0 1 1 2 2 1 1 1 1 1 2 1 2 2 0 1 1 1 0 2 1 0 1 1 1 2 1 0 1 2 2 1 1 1 1 2 1 1 2
2 1 0 2 1 2 2 1 1 1 2 1 2 0 1 0 2 1 1 2 1 0 1 0 1 1 1 0 2 1 1 2 2 1 1 1 1 2 2 0 2 1 0 1 0 0 0 1 1 1 0 1
1 1 1 1 0 2 2 0 1 1 2 0 0 1 1 1 0 0 2 1 2 2 1 1 2 1 1 1 0 0 0 2 1 0 1 2 1 1 1 1 1 2 2 1 1 1 1 1 2 1 1 1
1 1 2 2 0 1 1 1 1 1 0 2 1 1 1 0 0 0 2 0 1 1 1 0 1 0 2 2 2 1 1 1 1 2 1 1 2 1 0 0 1 0 2 1 1 0 1 2 1 1 1 1
0 1 0 0 1 2 2 0 1 2 1 1 1 2 1 2 1 1 1 1 2 1 2 2 2 0 1 1 0 1 0 1 1 1 0 1 1 0 0 0 2 1 2 2 2 2 1 2 2 0 1 1
1 1 1 2 1 0 2 1 0 1 2 1 1 0 1 1 0 1 2 2 1 0 1 1 1 1 2 2 1 0 1 2 1 1 2 2 1 1 1 0 0 0 2 1 0 0 1 1 0 2 2 1
1 1 0 1 0 2 1 2 0 1 0 1 1 1 0 1 1 0 2 2 0 0 1 2 2 1 1 2 1 1 0 1 0 2 1 1 2 1 1 1 1 1 1 2 1 1 1 2 1 2 1 1
1 2 1 1 1 1 1 1 2 0 0 1 1 2 0 0 1 1 1 1 1 2 0 2 2 0 2 2 2 2 2 1 0 1 1 1 1 1 0 2 2 0 2 1 2 2 0 1 2 2 2 2
2 1 1 2 1 1 1 0 1 0 1 1 1 2 2 2 1 2 1 0 1 1 1 1 1 1 0 1 1 1 1 1 1 1 0 1 1 0 1 0 0 1 1 1 2 0 1 1 1 1 1 0
1 2 1 1 1 1 2 1 1 2 1 1 1 0 1 1 1 1 0 1 0 1 1 1 1 0 2 0 1 1 1 1 2 1 1 1 1 1 1 2 0 0 1 2 2 0 1 0 1 2 1 0
0 1 0 0 2 0 1 0 2 1 1 1 2 1 1 1 1 0 1 0 1 0 1 2 0 0 1 1 1 1 1 1 0 1 1 2 1 0 1 0 1 2 2 1 1 2 1 0 1 1 1 2
2 1 2 2 1 1 0 1 2 1 2 1 2 1 0 1 1 2 1 1 1 1 0 0 0 0 2 2 0 1 1 1 1 2 1 0 1 1 2 1 1 1 1 1 1 1 0 1 1 0 1 1
1 0 1 1 1 1 0 0 0 1 1 1 0 1 2 1 1 0 0 2 1 1 1 2 2 1 1 0 0 1 1 1 2 1 0 0 1 1 1 2 2 2 2 1 2 1 2 2 2 1 2 2
2 1 2 2 2 2 1 2 2 0 2 1 1 0 0 2 2 0 2 0 0 1 1 2 2 1 1 1 2 2 1 2 1 1 2 2 1 2 2 1 0 2 1 1 1 2 1 1 1 0 0 0
1 2 1 1 0 1 0 1 1 0 1 0 0 1 0 2 0 0 0 1 2 2 1 0 1 1 1 0 0 1 0 0 2 0 0 0 1 0 1 1 1 1 2 2 1 1 1 1 1 2 1 1
1 0 2 0 1 2 1 2 0 1 2 2 2 0 1 2 0 0 1 1 2 1 0 0 2 1 1 1 1 0 1 2 1 1 0 2 2 1 2 0 1 0 0 1 0 1 1 1 1 2 0 1
1 0 1 1 1 1 2 1 2 1 2 1 1 1 1 1 1 1 1 2 1 2 1 1 1 1 2 1 0 0 1 1 1 2 0 2 1 0 1 0 2 1 1 1 2 2 1 0 1 1 1 1
17 22 11 16
39 58 80 102 134 210 197 248 259 322 360 403 371 391 512 527 414 560 580 617 541 738 580 823 620 873 648 987 850 808 1047 901 885 1175 1052 1036 967 1170 952 1379 1436 1277 1556 1238 1230 1283 1641 1198 1195 1288 1801 1610
