52
20
2 1 2 0 1 1 1 1 1 1 2 1 0 2 0 0 1 1 0 0 2 2 1 1 1 2 0 1 2 2 1 2 1 1 2 2 2 2 0 1 1 1 0 2 0 1 1 1 0 1 0 1
0 1 2 1 2 1 1 2 0 0 0 0 0 1 0 2 1 1 1 1 1 1 2 2 1 1 2 2 1 0 0 1 0 1 2 1 0 1 0 1 2 1 1 2 1 1 1 1 0 2 2 1
2 1 0 1 0 2 1 1 1 2 1 1 1 1 1 2 0 2 1 1 1 0 2 1 1 1 0 1 2 1 0 2 1 0 0 1 1 0 1 0 0 1 1 1 2 1 1 2 0 2 1 0
1 0 0 1 1 1 1 1 1 1 2 1 1 1 1 2 1 1 1 1 0 1 0 1 1 1 0 0 0 1 1 1 1 1 1 0 0 1 0 0 1 2 2 0 1 1 1 2 1 2 1 2
0 1 0 0 0 1 1 2 2 1 1 1 1 1 1 2 0 1 0 1 1 1 1 0 2 1 1 2 1 1 2 2 2 0 2 2 1 1 0 1 0 0 1 1 0 1 1 2 2 0 0 0
1 1 0 2 1 1 1 1 1 2 0 1 0 2 1 2 1 2 1 1 2 0 2 2 2 2 1 0 2 1 0 0 1 1 1 0 1 0 2 1 1 0 1 0 1 1 0 2 1 0 1 2
2 1 2 1 2 2 2 1 1 0 2 1 2 1 1 0 0 1 0 1 1 1 0 2 1 0 0 2 0 1 2 1 2 2 2 1 1 2 2 0 0 0 1 1 1 1 0 1 2 2 0 1
1 0 1 1 1 1 0 2 2 1 2 1 2 1 0 1 1 1 1 2 1 2 1 2 2 2 2 1 0 1 1 1 1 0 0 1 2 0 1 1 1 2 0 0 2 2 2 2 1 0 1 0
1 1 1 1 2 1 2 1 1 1 1 2 1 0 1 1 0 1 1 0 1 1 0 1 0 0 2 1 0 0 1 2 1 2 1 1 0 1 1 1 0 1 0 0 1 0 1 0 1 0 0 1
1 0 1 2 1 1 1 1 0 0 1 1 1 1 2 2 1 2 1 0 1 2 2 1 2 0 1 1 0 1 2 0 2 0 2 0 2 1 2 0 1 1 1 1 2 2 1 2 2 2 1 1
1 1 1 1 0 2 2 2 0 2 1 0 0 2 2 1 0 1 1 0 2 2 1 0 1 0 1 1 2 1 2 1 2 2 1 0 0 2 1 1 2 1 2 0 2 1 0 1 0 0 0 0
1 1 0 0 2 0 2 1 1 0 0 1 2 1 0 0 1 2 0 1 1 1 2 1 0 1 2 0 1 1 1 1 1 0 0 1 0 2 0 1 2 2 2 0 2 1 1 1 2 1 1 0
2 1 2 2 1 1 1 0 1 2 0 1 1 1 1 1 1 1 0 1 0 1 1 1 1 1 2 2 0 1 2 1 2 1 1 1 1 2 2 0 1 0 0 2 0 1 2 0 0 0 0 1
0 1 1 0 0 1 1 1 2 0 1 0 1 0 2 1 2 0 2 1 0 2 0 2 0 2 0 2 1 0 1 0 1 0 0 0 1 0 0 1 2 2 0 2 1 1 1 2 1 2 2 1
1 2 1 1 0 0 0 1 2 2 0 1 0 2 0 1 1 2 1 1 2 2 1 1 0 1 2 1 1 1 1 1 1 1 2 1 2 2 1 0 0 1 0 0 0 2 1 2 1 2 1 0
1 0 0 1 1 0 1 2 0 2 1 0 1 2 1 1 1 1 2 2 2 2 1 2 2 0 1 0 1 1 1 1 0 1 0 1 0 1 0 1 1 1 1 1 1 1 1 1 1 2 1 1
0 1 1 1 2 0 2 2 2 1 1 0 2 1 2 1 2 1 1 0 1 0 1 1 0 1 1 1 1 2 2 1 2 0 0 1 2 0 1 1 2 2 0 0 1 1 0 1 0 1 1 0
0 1 1 0 2 1 0 1 1 2 0 1 2 1 1 1 1 1 2 1 0 1 2 2 1 2 1 0 1 1 1 1 0 2 0 0 1 2 0 2 2 1 2 2 0 2 2 1 1 2 1 1
2 1 1 0 0 1 0 1 1 1 2 1 2 0 1 2 1 1 0 1 0 1 1 0 1 1 2 2 2 1 0 1 2 1 1 1 0 2 1 1 0 1 0 1 2 0 0 1 2 2 1 0
1 1 1 1 1 1 1 2 0 0 1 1 0 0 1 1 1 1 2 0 2 1 2 1 1 0 1 0 1 0 0 1 0 0 0 0 1 1 0 1 1 1 2 2 2 2 0 1 1 1 0 2
14 19 10 11
16 43 50 84 95 112 112 149 142 231 187 246 295 320 261 328 399 387 373 356 494 440 488 399 503 499 609 525 544 514 738 737 691 678 779 617 667 640 697 922 957 761 771 1014 802 1065 765 1053 983 797 858 883
