52
20
0 2 1 1 1 1 1 1 2 1 1 2 2 1 1 1 1 1 0 0 1 1 2 1 0 2 0 1 2 1 1 0 1 1 2 1 2 1 1 0 0 0 1 0 1 0 1 0 0 0 1 2
1 0 0 1 1 1 0 1 1 2 1 1 1 2 2 1 1 1 1 2 1 2 1 1 1 2 1 2 0 1 0 1 0 2 1 1 1 1 0 1 0 2 1 2 1 0 1 1 0 0 1 0
1 1 1 1 1 2 1 1 0 2 2 1 1 0 0 0 2 2 1 0 1 0 1 0 0 0 2 1 1 1 1 2 0 1 1 1 2 1 1 2 0 2 0 0 1 0 0 0 2 2 1 1
0 0 0 1 1 1 0 2 1 1 2 1 2 1 1 2 1 1 2 1 1 1 0 1 1 2 1 1 1 2 1 1 1 1 2 0 1 0 1 0 0 0 1 2 2 1 2 0 1 1 0 0
1 0 2 1 1 2 1 2 0 2 1 1 1 1 1 2 1 1 2 1 1 1 1 0 1 0 1 2 1 1 0 1 1 1 1 1 1 0 0 0 2 1 1 1 0 0 0 0 0 0 0 1
0 0 0 0 0 1 1 1 2 0 0 2 0 0 0 1 1 1 2 2 1 2 1 2 0 1 2 0 0 1 0 0 1 2 1 1 0 2 0 2 1 2 1 2 0 2 2 1 1 1 2 2
1 2 1 2 1 1 1 1 1 0 1 1 1 0 1 0 1 1 2 1 0 0 1 1 2 1 2 2 2 0 1 0 1 1 1 2 2 2 1 0 1 0 0 1 0 1 1 1 0 0 1 0
2 0 1 0 2 1 1 0 0 1 1 0 0 1 2 0 1 2 2 1 2 2 1 1 1 1 1 2 0 1 0 1 1 2 2 0 1 2 0 2 1 2 1 1 2 1 1 1 1 1 2 2
1 1 1 2 1 1 1 1 2 2 2 1 1 1 1 1 2 1 2 1 1 1 2 1 0 1 1 0 2 1 0 0 1 1 1 1 1 2 1 0 1 1 0 1 1 1 2 1 1 2 1 1
1 0 1 2 0 1 1 1 0 0 1 1 1 1 1 2 2 2 1 2 2 1 1 2 1 1 0 0 1 1 2 1 1 1 1 1 1 0 2 1 1 1 0 2 2 2 1 1 1 1 1 1
0 1 1 2 2 0 1 2 2 1 0 2 0 0 1 0 1 1 1 1 1 0 2 0 1 0 2 2 1 2 1 1 1 1 1 1 1 1 1 0 2 2 0 0 0 1 1 1 0 1 2 0
0 1 1 1 1 1 2 1 0 1 0 1 2 2 1 2 1 2 1 1 1 1 2 2 1 0 0 1 1 1 0 0 0 1 2 0 1 2 1 1 2 1 0 2 1 1 1 0 2 1 1 1
2 1 1 1 2 1 2 1 1 0 1 2 1 1 2 1 1 0 0 0 1 1 1 0 1 2 2 0 2 1 2 1 2 2 2 2 0 1 2 1 1 1 0 1 1 1 2 2 0 1 0 2
2 0 1 1 0 0 0 1 1 1 1 2 0 1 1 1 1 1 1 1 1 1 1 1 1 2 1 0 2 1 1 1 1 1 0 0 0 0 0 1 2 1 2 1 1 2 1 2 0 0 1 2
1 0 1 1 2 1 1 0 1 1 2 1 1 2 1 0 1 0 1 2 1 0 1 0 1 1 1 1 2 1 1 2 1 1 0 1 2 2 1 1 2 0 2 1 1 1 1 2 1 2 1 1
0 1 0 1 0 0 1 1 1 0 1 1 2 1 1 1 2 2 1 1 2 1 1 0 2 1 0 0 1 1 1 2 2 2 0 0 2 0 2 2 1 1 0 1 2 2 2 1 1 1 0 0
1 0 1 1 2 0 2 0 2 0 0 1 0 0 1 0 0 2 1 1 1 1 0 2 0 2 0 2 1 2 0 2 2 1 2 0 2 1 0 0 0 2 0 1 0 1 1 0 2 2 0 0
1 0 1 1 0 1 1 0 0 1 1 1 1 0 1 1 2 2 1 2 1 1 1 1 2 1 1 1 1 0 1 1 0 0 1 1 1 0 0 0 0 1 2 1 1 1 1 1 2 1 2 2
1 2 0 2 1 1 1 1 2 2 2 1 2 2 1 0 1 0 1 0 1 1 0 2 1 2 1 1 1 0 2 2 1 1 2 1 2 1 1 0 1 1 0 1 1 0 1 0 1 1 0 0
0 1 1 1 0 1 1 1 0 1 1 0 0 2 0 2 1 0 2 1 1 1 1 2 0 0 1 0 0 1 1 2 1 1 1 1 1 0 1 2 2 0 1 1 2 1 2 2 1 2 2 0
11 6 7 11
12 28 41 81 91 96 133 147 136 216 230 268 214 289 232 264 311 377 308 364 486 427 366 496 467 589 457 516 503 617 669 679 550 627 693 635 782 805 920 849 835 812 947 990 982 759 859 902 811 988 949 994
