52
20
1 1 2 2 0 2 2 0 1 0 0 0 2 2 1 1 0 1 0 1 1 1 0 0 1 1 2 1 2 1 2 1 1 2 0 0 2 0 2 1 1 2 0 1 1 2 0 0 2 1 1 1
0 1 0 1 2 1 0 1 0 1 0 1 1 2 2 2 1 2 1 1 1 1 1 0 1 1 2 2 0 1 1 0 0 2 1 0 2 0 0 0 1 0 1 1 1 2 1 2 1 1 1 0
2 1 1 2 2 1 2 2 0 2 1 1 1 1 0 1 1 1 1 0 2 1 1 0 0 0 0 1 1 1 1 1 1 1 1 2 2 1 1 1 1 1 2 0 0 1 1 0 1 0 0 0
1 1 1 0 1 1 1 1 0 1 2 0 1 2 2 2 1 1 2 0 1 0 2 2 1 1 1 0 1 0 1 1 0 1 1 1 1 2 0 1 2 2 2 1 0 1 1 1 2 1 1 1
1 1 2 2 1 1 0 2 1 1 1 2 1 2 2 0 1 0 2 2 0 0 0 1 1 0 2 2 1 2 2 1 1 2 2 0 1 2 2 1 1 1 0 1 0 1 0 1 1 1 0 0
2 2 1 1 1 0 2 2 0 1 1 2 1 1 0 1 1 2 1 0 2 2 2 2 2 1 1 1 1 1 0 0 1 1 1 1 1 0 0 1 1 1 0 2 1 1 1 1 1 2 1 0
1 1 2 1 1 0 2 1 2 1 1 1 1 1 1 0 0 1 0 0 1 1 2 1 0 1 0 1 2 1 1 0 2 1 2 1 2 1 1 0 0 0 1 1 1 2 0 1 0 2 0 1
2 2 1 1 1 1 0 0 0 0 1 0 2 2 2 1 1 1 1 1 1 1 1 2 1 1 2 2 2 1 1 2 0 1 1 0 1 1 1 2 1 2 1 0 0 2 1 2 1 1 0 1
1 1 1 1 2 2 2 1 2 1 0 2 2 1 0 0 1 1 2 1 0 1 2 0 1 2 2 0 2 1 1 2 2 2 2 1 2 1 2 0 2 1 2 1 2 0 1 1 1 1 0 1
0 2 1 0 0 1 0 0 0 1 0 0 0 2 1 1 2 1 2 1 2 1 2 1 2 1 1 2 1 0 0 0 1 1 0 0 0 1 1 1 2 1 1 1 1 1 0 1 1 0 2 1
2 1 1 2 0 2 0 0 2 2 2 1 1 1 1 1 1 1 1 2 0 0 1 0 1 2 2 2 1 2 1 0 2 1 0 2 1 2 1 1 0 1 0 0 1 1 0 1 1 0 0 2
1 0 0 1 2 1 1 1 1 0 1 1 1 2 1 2 1 1 1 1 1 2 1 2 2 2 1 1 1 1 0 1 1 2 0 0 2 0 1 2 2 2 0 1 2 2 2 0 2 1 1 2
1 1 2 0 1 1 2 1 0 1 0 0 1 1 2 1 0 1 0 1 0 1 1 1 0 0 1 2 2 2 1 2 2 1 1 1 2 2 1 1 0 2 1 1 1 0 1 1 0 0 0 0
0 0 1 1 1 2 1 1 1 1 1 0 1 0 1 1 0 1 1 2 1 1 1 2 1 1 0 0 1 0 1 1 1 2 2 1 1 2 0 1 0 2 0 0 1 1 1 2 2 1 1 1
2 2 1 2 2 0 2 1 1 1 1 2 1 1 1 1 0 0 1 1 1 1 1 1 2 2 2 1 2 0 1 1 1 1 1 1 0 1 1 1 1 2 2 0 1 1 0 1 1 0 1 1
1 1 2 1 0 1 0 2 1 2 1 1 2 1 1 1 2 2 2 1 0 1 2 1 1 2 1 0 0 1 0 1 0 1 0 1 2 0 1 0 1 1 1 1 2 1 1 1 1 0 1 2
2 2 1 1 1 1 1 1 1 1 2 2 1 1 1 0 1 0 1 0 0 1 1 1 1 2 2 2 2 1 0 2 0 1 2 2 1 1 0 1 0 0 1 0 1 0 0 0 0 1 0 1
1 1 0 0 1 1 0 1 1 0 1 1 1 2 2 2 1 2 1 1 1 1 0 1 2 0 2 1 1 0 2 0 1 1 1 1 1 2 0 1 1 1 2 2 1 1 2 0 0 1 2 0
1 1 2 1 1 1 2 2 2 1 1 1 1 0 1 2 0 0 1 1 0 0 1 1 1 0 1 1 2 1 2 1 2 2 1 0 1 1 0 1 1 1 1 2 0 1 1 2 2 0 1 2
1 1 0 0 1 1 1 1 1 2 1 2 1 2 1 1 2 1 0 1 1 1 2 2 2 2 1 0 2 1 1 1 1 2 1 0 1 0 1 1 1 2 1 1 2 1 2 1 1 2 1 2
18 24 18 20
20 51 77 97 116 136 128 193 156 188 220 203 269 240 350 385 374 334 370 366 361 429 384 488 574 540 509 594 583 682 718 679 728 711 670 642 672 862 773 789 851 811 866 1076 971 809 837 826 889 933 1237 1124
