52
20
1 2 2 2 2 1 1 1 2 2 1 0 2 1 1 0 1 1 1 0 0 2 0 1 1 0 1 1 0 1 1 2 0 2 1 0 1 1 2 1 1 0 0 2 0 0 1 1 0 1 1 2
0 1 1 0 0 0 1 0 1 2 0 0 0 1 1 2 2 2 2 0 1 2 1 1 1 1 0 1 1 2 1 1 1 1 2 0 0 0 0 2 1 1 1 1 1 2 1 2 1 0 2 2
2 0 1 2 1 0 1 2 2 2 0 2 0 1 1 1 0 0 1 2 0 1 2 1 1 1 1 1 2 1 0 1 1 2 1 0 1 2 1 0 2 2 1 0 0 1 1 0 0 1 0 1
1 1 1 0 1 1 2 1 0 0 2 1 0 1 2 0 0 1 2 2 1 0 0 0 2 1 0 1 1 1 0 0 1 0 0 1 1 0 0 2 2 2 2 1 2 0 1 2 1 1 1 0
0 2 0 1 0 2 2 2 2 2 2 1 2 1 1 1 0 1 2 1 1 1 2 1 1 1 2 1 1 1 0 2 0 2 1 1 2 2 1 1 1 1 0 0 0 0 0 2 1 0 0 1
1 1 1 1 0 1 0 1 1 1 0 0 1 0 1 1 1 1 2 2 2 1 2 1 0 1 1 0 0 1 1 1 2 1 2 1 1 1 1 0 0 2 0 1 2 1 1 2 2 2 1 1
2 1 0 2 1 1 0 0 1 2 2 2 2 0 0 1 1 1 1 1 1 0 0 2 0 1 2 1 1 1 0 2 1 1 0 2 1 2 2 2 0 1 1 1 1 0 1 1 2 2 1 1
0 2 1 1 1 1 2 1 1 1 1 0 1 1 1 1 1 0 0 1 2 1 1 2 1 1 1 0 0 0 2 1 0 1 0 1 2 2 0 2 2 2 1 1 2 1 2 1 2 2 0 1
1 2 2 1 2 1 1 2 1 0 2 1 1 0 0 1 2 2 0 0 1 0 1 1 0 1 0 1 1 1 1 1 0 0 2 1 2 1 1 1 2 0 1 1 1 1 0 2 0 1 0 1
1 1 1 2 1 1 0 2 0 1 1 1 0 2 1 0 1 1 1 2 0 1 2 2 2 2 1 1 2 1 2 1 2 1 1 2 1 1 1 1 1 1 1 0 1 1 1 1 1 1 2 1
2 1 2 2 2 2 1 1 2 1 1 1 1 0 1 1 1 0 1 1 0 0 0 1 1 1 0 1 2 1 0 1 1 2 1 2 1 2 2 1 0 0 1 1 1 1 1 1 0 1 1 2
0 2 1 1 2 1 0 1 1 1 1 1 1 2 1 2 2 2 1 2 1 1 1 0 1 2 0 0 2 1 1 0 1 0 0 0 2 0 1 1 2 2 2 1 1 1 1 1 2 1 1 1
0 2 1 1 1 2 2 1 2 0 1 2 1 0 0 0 1 1 1 0 0 2 1 1 1 1 2 1 2 1 2 0 1 1 1 1 1 1 2 0 1 1 1 2 0 0 1 2 1 0 2 0
1 1 1 2 1 1 1 2 0 1 0 1 0 1 2 1 1 1 1 2 1 1 2 0 1 0 1 1 1 1 1 1 2 0 1 1 1 1 2 1 1 1 0 0 1 2 1 2 0 2 1 1
1 1 2 0 1 0 1 2 1 2 2 0 1 0 2 1 0 1 1 1 1 1 1 1 0 0 1 2 1 2 2 1 2 1 1 0 1 1 2 1 1 0 1 1 1 1 1 1 2 1 0 0
0 2 2 1 0 1 1 2 2 1 0 1 1 1 2 1 1 1 1 1 1 2 2 1 1 2 1 1 0 0 1 1 1 1 1 2 0 1 1 0 1 2 2 1 2 2 1 1 0 1 2 1
1 0 1 0 2 1 1 1 1 2 2 2 1 0 0 1 0 1 0 0 1 1 2 1 0 0 1 2 1 2 1 1 1 1 0 1 2 2 2 0 0 1 1 1 0 0 1 2 0 1 0 0
0 1 0 2 1 1 0 1 0 0 1 1 1 0 0 2 1 2 0 2 1 1 2 1 1 1 1 2 1 0 0 1 1 1 2 1 1 1 1 1 1 2 0 0 1 1 0 1 0 2 2 0
1 0 1 1 1 1 2 1 1 1 2 1 0 1 1 2 1 1 1 0 0 1 1 1 1 1 2 1 2 2 2 2 2 1 1 1 2 2 0 0 0 0 0 0 1 1 1 0 1 0 1 0
1 1 1 1 1 0 1 0 1 1 0 1 0 1 1 1 1 2 1 1 0 2 1 1 2 1 2 2 0 0 1 2 0 1 2 0 0 1 2 2 1 1 2 2 1 0 2 2 0 1 2 1
14 18 15 17
17 34 59 82 124 114 132 140 216 202 239 281 292 253 302 261 318 332 428 368 461 469 506 465 407 436 485 575 699 633 551 616 642 552 630 762 679 897 721 892 858 930 893 1047 1074 898 1020 998 1062 1157 952 1187
