52
30
1 2 0 0 1 1 0 2 2 2 1 2 1 1 0 0 1 1 0 0 1 0 1 0 1 1 0 0 0 1 0 0 2 0 2 2 0 1 0 0 1 2 2 0 0 0 1 1 2 0 2 0
1 1 0 2 1 1 2 2 0 2 1 0 1 0 0 2 2 2 0 1 2 2 1 0 1 2 1 0 1 1 1 0 1 1 1 1 1 0 1 1 2 1 2 0 1 1 0 2 1 1 0 1
1 0 1 1 2 1 2 0 1 1 1 1 2 1 0 0 0 1 2 1 1 0 1 1 2 1 2 1 1 1 2 1 2 1 2 2 1 1 1 0 1 1 0 2 1 1 0 1 0 2 0 1
1 1 1 0 0 2 2 0 1 1 1 1 0 1 1 2 1 1 2 2 0 2 1 1 2 1 1 1 2 0 0 1 0 0 1 1 1 1 1 1 1 1 0 1 0 2 2 1 0 1 0 0
1 1 1 2 2 1 1 2 1 2 2 1 1 1 1 1 0 0 1 1 0 0 1 1 1 1 2 1 1 2 2 2 2 2 1 1 1 1 1 0 0 0 0 1 1 1 0 0 1 1 1 0
2 2 1 0 1 1 1 0 1 0 0 0 2 1 2 2 1 1 1 2 1 1 2 1 1 2 0 1 1 1 0 0 1 1 2 0 0 0 1 1 2 0 0 2 1 0 1 1 1 1 1 2
0 2 2 1 1 1 1 2 0 2 0 1 1 1 1 0 0 0 0 0 1 0 1 0 1 0 2 2 2 2 1 2 2 1 2 1 2 1 0 1 1 1 1 1 0 0 1 1 0 0 0 0
0 1 0 2 0 2 1 1 2 0 2 1 1 1 1 1 1 1 1 2 2 2 2 0 2 0 1 1 2 2 0 0 1 1 1 2 1 0 1 2 2 1 1 1 2 2 0 1 1 1 1 1
0 2 2 0 2 2 1 2 2 0 0 2 1 2 1 0 1 0 0 1 0 1 1 1 1 0 2 0 2 0 2 2 1 1 1 2 2 2 1 0 0 1 1 0 0 0 0 0 2 2 1 1
1 0 0 1 1 1 0 2 0 2 2 0 1 2 2 2 1 1 2 1 1 2 1 1 2 2 1 0 1 1 1 2 0 2 2 2 0 0 1 0 2 2 2 1 1 2 1 1 1 1 1 2
1 1 0 2 1 2 2 2 1 0 1 1 0 1 0 1 0 1 0 1 1 0 1 0 0 0 1 0 1 0 2 2 1 1 2 1 2 1 1 1 1 2 2 0 1 1 0 1 1 1 0 2
0 1 1 2 1 0 1 0 2 0 0 1 1 0 0 2 0 0 2 1 1 2 0 0 1 1 0 2 0 1 1 0 0 1 2 2 0 0 0 1 0 1 1 1 1 0 1 2 1 1 0 0
2 0 1 1 1 2 2 2 2 1 1 2 2 1 0 0 1 0 1 1 0 1 1 2 1 1 1 2 0 2 1 1 2 1 0 2 1 2 1 1 0 0 1 0 1 0 1 1 1 0 2 0
0 1 0 0 0 0 0 0 0 1 0 1 0 2 1 1 1 2 2 2 0 0 0 2 1 2 2 1 0 0 0 0 0 0 1 0 2 0 2 0 1 1 1 1 1 2 1 1 1 1 2 1
2 2 2 1 1 1 1 1 1 0 0 0 1 0 2 1 0 1 2 1 0 0 0 1 1 0 2 1 2 2 2 0 2 1 2 1 2 0 1 1 2 0 0 1 0 0 2 0 0 0 2 1
1 0 1 1 2 0 2 1 1 0 1 1 0 1 1 2 2 1 0 1 0 1 0 2 1 0 2 0 0 0 1 1 0 1 0 0 0 0 1 2 1 1 2 1 2 2 2 1 2 2 2 2
2 1 2 1 2 1 1 2 1 0 2 2 0 1 1 2 1 0 1 0 0 2 1 0 2 1 1 2 1 2 0 2 1 1 2 1 1 1 1 0 1 1 1 1 1 0 1 0 2 1 1 1
0 1 0 0 1 1 0 1 0 1 0 0 1 1 2 1 2 2 1 1 1 2 2 1 0 0 1 0 1 1 0 2 1 0 1 2 0 1 1 2 2 1 0 2 0 1 1 2 1 1 0 1
1 1 1 0 0 2 2 2 2 2 1 2 0 0 1 2 0 2 1 1 1 1 1 1 1 2 1 1 1 1 2 0 2 1 1 2 1 2 2 1 0 1 1 0 0 0 0 1 1 1 1 0
0 1 0 1 1 1 1 0 1 1 1 0 0 2 0 1 2 1 2 1 2 1 1 2 2 2 0 0 0 2 1 0 2 0 1 0 1 1 1 1 0 2 1 2 1 1 1 1 1 2 1 1
1 2 0 2 2 0 2 0 2 1 1 1 2 0 1 1 2 2 0 0 1 0 1 1 1 1 1 1 2 0 1 1 1 1 1 2 2 1 2 1 1 1 2 2 1 1 0 0 0 1 0 0
0 0 0 1 0 2 0 1 1 0 2 0 0 1 2 1 1 1 1 2 2 2 1 1 1 0 0 1 0 1 1 1 1 1 0 1 1 1 1 2 2 0 1 2 0 1 2 1 0 2 2 2
0 0 1 1 1 1 2 2 1 1 2 1 2 0 1 0 0 0 0 1 1 0 2 0 1 0 1 1 2 1 2 2 1 1 1 2 1 0 2 2 0 0 2 1 0 1 1 2 1 1 1 1
2 1 1 0 0 1 2 1 1 0 1 1 1 2 1 1 1 1 2 1 0 0 1 2 1 1 1 0 2 1 1 0 2 1 1 1 1 0 1 2 1 2 0 2 1 2 2 1 0 2 1 2
0 1 1 1 2 2 1 0 1 0 2 0 0 2 0 1 1 1 0 1 1 1 0 2 0 1 2 0 2 2 1 1 1 1 1 0 1 2 1 2 1 1 1 0 1 1 0 0 1 0 1 1
1 0 0 0 0 0 1 2 0 1 1 0 1 1 1 2 1 1 1 2 1 1 2 1 2 2 1 0 2 0 1 0 2 1 0 1 1 1 2 1 1 2 1 0 1 2 1 2 1 1 2 2
2 2 1 1 1 2 1 1 2 1 1 1 1 1 2 0 1 1 2 1 1 2 0 1 0 1 2 1 1 1 1 1 2 2 2 2 2 1 2 2 1 0 1 0 2 0 1 0 1 0 2 0
1 1 0 0 1 1 0 2 1 1 2 0 2 1 2 2 1 0 2 1 2 1 2 0 2 1 0 0 0 1 0 1 2 0 1 1 2 1 0 1 2 1 1 2 1 2 1 2 1 1 1 1
0 1 1 2 1 1 1 2 2 1 1 2 1 1 1 0 1 1 1 1 1 0 0 0 1 0 0 1 1 2 1 1 1 2 0 1 2 1 2 1 1 1 1 0 0 0 0 1 1 1 0 0
1 0 0 1 2 1 1 0 0 0 0 2 1 0 1 2 1 0 1 0 2 2 0 1 0 2 1 2 0 1 2 1 0 1 1 2 1 1 1 2 1 1 1 2 1 1 1 2 2 1 0 1
13 15 7 7
29 44 64 101 146 166 197 199 307 288 287 341 365 377 349 403 534 586 601 685 638 694 636 712 628 758 835 749 851 986 934 891 886 886 1036 1116 960 1081 1358 1285 1298 1390 1213 1105 1205 1323 1571 1563 1169 1449 1343 1577
