52
20
1 2 2 1 1 2 1 0 2 2 0 1 1 1 1 2 1 1 1 1 2 1 0 0 2 1 1 1 0 1 2 1 1 1 1 0 2 2 0 0 1 1 1 0 1 1 1 1 1 1 0 1
0 0 0 1 0 1 0 1 2 1 1 0 2 1 0 1 2 2 1 1 1 2 2 2 2 1 1 0 2 1 1 1 2 1 1 1 1 1 1 2 1 1 1 0 2 2 1 1 1 1 0 1
1 2 0 1 1 2 2 2 2 0 2 2 0 2 1 1 0 2 2 0 2 1 0 0 1 1 2 2 1 1 1 1 2 0 1 1 2 2 2 0 0 0 1 1 0 0 1 1 0 0 2 1
1 0 0 1 0 0 0 1 0 1 1 1 1 1 1 1 1 1 2 2 0 2 1 2 2 2 1 1 0 1 0 1 1 1 1 1 1 1 0 1 1 1 1 1 1 2 1 1 1 1 1 1
0 1 0 2 1 2 1 2 2 1 1 0 1 1 1 0 1 1 0 1 1 2 0 0 1 1 2 0 2 2 1 2 1 2 1 0 0 2 2 1 1 2 0 1 1 0 0 0 0 0 0 1
0 0 1 0 1 2 2 1 0 1 0 2 1 2 1 0 1 1 2 2 2 2 2 2 1 1 0 0 1 0 1 1 1 1 2 1 1 1 0 1 1 1 0 2 0 1 1 0 1 1 2 2
0 2 1 1 1 2 1 1 0 1 2 1 0 1 1 2 1 1 0 1 1 1 0 1 2 0 0 1 0 1 1 2 1 1 1 1 0 1 2 0 1 0 1 0 0 1 0 1 2 1 0 1
0 1 0 1 0 1 1 1 1 2 1 2 0 1 1 2 1 2 0 1 0 2 1 2 1 2 1 1 0 1 0 1 1 1 1 0 1 0 1 1 2 1 2 2 1 1 1 1 1 1 1 2
1 2 1 1 0 1 1 1 1 2 1 1 0 1 0 0 1 2 2 0 0 2 1 1 1 1 1 1 2 2 2 1 1 2 0 1 1 2 2 2 1 1 0 1 1 1 1 1 0 0 1 1
1 0 0 0 0 1 2 1 0 0 0 0 0 2 0 1 2 0 0 1 2 1 1 2 2 1 0 1 2 0 0 1 1 1 1 1 0 1 0 1 2 1 1 0 0 2 1 0 1 2 1 1
0 0 2 2 1 0 1 1 2 0 2 2 1 0 1 1 1 2 1 0 2 1 0 1 1 0 2 2 1 1 1 0 2 2 2 0 2 1 2 2 1 2 1 1 2 0 0 1 1 1 1 0
0 0 0 2 2 0 1 0 1 0 1 0 1 1 1 2 1 1 2 2 2 0 1 1 0 1 1 1 1 1 1 0 1 1 2 0 0 1 0 1 1 1 1 2 2 2 2 1 1 1 1 1
1 2 2 0 0 1 1 1 1 0 1 0 2 1 0 0 1 1 0 1 1 1 0 1 1 1 1 2 1 1 0 2 1 1 2 0 0 2 1 2 1 1 1 2 1 0 1 1 0 0 2 0
2 1 1 0 0 1 0 1 0 1 2 0 0 1 1 2 2 1 0 2 0 2 1 1 1 1 0 0 1 1 2 0 1 2 0 1 1 2 1 1 1 2 1 1 1 2 1 1 0 2 1 2
0 1 1 1 1 0 2 0 1 2 2 2 2 0 0 1 0 1 2 2 1 0 0 1 0 1 2 1 1 2 1 1 1 2 1 2 1 0 1 1 0 2 0 1 1 1 0 0 0 2 1 1
0 1 2 1 0 0 2 1 1 1 1 1 1 1 0 1 1 2 1 1 2 1 2 1 1 2 1 0 0 0 2 1 0 1 2 2 1 2 1 1 2 2 2 1 1 2 1 2 2 1 2 1
1 2 0 2 2 1 1 1 1 2 0 1 1 1 2 2 1 0 2 2 1 1 1 1 0 2 2 0 2 1 2 2 2 1 1 2 1 2 2 1 2 1 0 1 1 0 0 1 1 1 1 1
1 1 0 1 1 1 0 2 0 1 0 0 1 1 0 2 1 2 0 1 1 1 2 0 1 2 1 1 0 1 1 1 0 1 1 1 2 0 0 1 2 1 1 1 1 2 1 1 2 1 1 1
0 1 1 1 1 2 1 2 0 1 1 1 2 1 0 0 2 1 1 1 1 1 0 0 2 1 1 0 0 2 2 2 1 0 1 0 1 2 1 0 1 2 0 1 1 1 1 0 2 2 1 0
1 0 2 1 1 0 1 0 0 0 2 1 1 2 1 1 0 1 2 1 1 1 2 2 2 1 1 0 0 1 1 1 0 1 1 0 1 2 1 2 2 1 0 2 2 1 1 1 1 1 1 1
18 16 26 9
11 30 48 62 72 96 125 153 140 193 167 174 248 303 253 334 310 324 318 316 480 387 524 384 465 595 552 457 644 644 492 617 711 708 672 800 848 857 687 906 855 721 871 742 790 1030 1100 1027 922 866 938 832
