52
20
2 1 1 1 2 1 1 1 2 1 1 0 1 0 1 1 1 1 1 1 1 0 0 2 0 0 2 1 1 1 1 1 1 0 1 2 2 2 2 1 0 2 0 1 0 2 1 1 1 1 1 1
2 2 0 0 0 0 1 0 2 1 0 2 1 2 2 1 1 2 1 1 0 1 2 2 1 1 0 1 0 1 1 1 0 0 1 1 1 2 0 2 1 1 1 2 1 2 1 0 1 2 1 0
2 1 2 1 0 2 1 1 2 2 1 0 1 2 0 1 1 1 0 1 0 2 0 1 0 0 2 2 1 1 0 1 2 1 2 1 2 1 1 1 1 2 1 0 1 1 2 0 2 0 1 0
0 1 2 2 0 0 1 0 1 0 1 0 0 2 1 2 0 2 2 2 1 1 1 2 0 2 1 1 1 0 1 1 1 1 0 2 1 2 1 1 1 1 1 1 1 1 2 0 2 1 1 1
0 1 0 0 2 1 1 0 2 1 1 1 1 0 2 0 0 1 1 1 1 1 1 2 0 1 1 2 2 0 2 2 0 2 2 0 1 2 1 0 0 1 2 0 1 1 1 0 1 1 1 0
1 2 0 0 0 1 1 0 0 0 1 1 2 2 0 1 0 1 1 2 1 0 2 2 1 1 0 1 1 1 1 2 0 0 1 2 0 2 1 1 1 2 2 2 2 0 1 2 1 0 1 1
0 1 2 2 1 0 0 2 2 1 2 2 1 1 1 0 0 0 1 1 1 2 1 0 2 0 2 1 0 2 2 0 2 0 2 2 1 1 1 1 2 1 0 1 1 0 1 1 0 0 0 0
2 1 0 1 1 1 1 1 1 1 1 1 0 1 1 2 2 2 0 2 2 2 2 1 0 0 1 0 1 1 1 1 0 1 1 0 1 2 2 1 2 1 2 1 1 2 0 2 1 1 2 0
1 2 0 2 1 2 0 0 0 2 2 1 0 1 1 1 1 2 1 0 1 0 0 2 2 1 2 2 1 1 1 2 1 1 2 1 1 2 1 0 1 1 1 1 1 0 1 0 1 1 0 1
1 0 1 1 0 0 2 1 2 0 1 1 0 2 1 1 1 1 0 0 2 0 1 1 1 1 0 1 1 2 0 0 0 0 1 1 1 1 0 1 1 1 1 1 2 2 2 2 1 1 2 2
1 1 0 2 2 1 2 1 0 0 2 1 1 0 1 1 2 1 0 0 0 1 1 2 1 0 1 2 2 2 2 1 1 0 2 2 1 1 0 0 1 1 1 1 0 1 0 1 1 0 1 1
1 1 1 1 0 1 1 2 2 0 1 1 1 1 1 1 1 1 2 1 1 1 2 1 1 2 1 1 1 1 2 1 1 0 1 1 1 1 2 2 2 1 0 2 1 0 1 0 1 0 1 1
1 2 1 1 1 2 2 2 1 1 1 2 0 0 1 2 0 1 1 0 0 0 1 1 0 2 2 1 0 2 2 2 1 1 1 1 2 1 2 1 1 1 1 0 1 0 0 0 0 1 2 1
1 0 1 1 0 2 2 1 1 1 1 1 1 2 1 2 1 1 1 2 1 1 2 1 2 2 1 2 1 0 1 0 2 2 1 0 1 1 1 2 2 0 0 2 1 2 1 1 2 0 1 0
1 1 1 2 1 2 0 1 1 0 0 1 1 0 2 0 0 1 0 0 0 0 1 0 0 1 2 2 1 2 1 1 1 0 2 1 2 2 1 0 0 0 0 1 2 1 0 1 1 2 0 0
1 1 1 1 1 1 1 0 0 1 0 1 1 1 2 1 1 0 2 1 0 1 2 2 2 0 0 1 0 1 0 0 0 1 0 1 0 1 2 2 2 2 1 1 2 2 1 1 2 2 2 2
1 1 1 1 2 2 1 0 1 1 1 2 2 1 0 0 1 1 1 1 0 1 0 1 0 1 1 1 2 1 1 2 1 2 0 2 0 0 0 1 1 0 0 0 1 0 1 1 1 1 2 1
1 0 1 2 2 1 1 2 1 1 1 1 1 1 2 2 1 2 1 1 1 0 1 1 1 2 0 2 1 0 0 0 2 0 1 1 1 0 0 1 2 2 2 2 1 2 2 2 1 2 1 1
1 1 1 1 2 0 1 2 1 1 1 2 1 0 0 0 1 1 2 1 1 1 1 1 1 1 0 1 1 1 1 0 1 0 0 1 1 1 1 1 0 1 1 1 2 0 1 0 1 1 0 0
1 1 2 2 1 0 2 0 0 1 0 2 1 1 1 0 1 2 1 2 0 2 1 1 1 2 2 1 2 1 1 1 2 1 0 1 2 0 1 1 1 2 1 0 2 1 0 1 1 1 2 1
11 16 9 10
16 36 65 75 95 127 174 160 157 182 238 231 295 240 291 344 302 293 361 411 431 507 462 563 512 496 536 485 514 697 517 764 652 803 787 606 611 856 876 803 774 993 734 825 786 969 1052 861 1177 1173 1085 838
