52
20
1 1 1 1 2 2 1 2 1 1 2 1 0 1 2 0 2 0 2 0 1 0 1 0 1 2 1 1 1 2 0 1 0 1 1 1 1 2 2 1 0 2 0 0 1 1 0 1 1 1 2 1
1 0 1 0 1 0 0 0 1 2 2 1 0 1 1 1 0 1 2 2 1 1 2 1 0 2 2 0 2 2 0 1 0 0 0 1 0 0 1 1 1 1 1 0 2 0 1 1 2 1 1 1
1 1 1 1 2 1 1 2 2 1 2 2 1 2 0 0 0 1 1 0 1 2 1 1 1 1 0 1 1 1 1 1 2 1 2 2 2 1 2 1 1 2 0 1 0 0 0 1 1 0 0 1
2 2 1 0 1 2 1 0 2 1 0 0 1 0 1 1 1 0 1 0 1 1 1 1 2 1 0 0 1 2 0 0 1 1 0 1 1 1 1 1 1 0 1 2 1 1 1 1 1 0 2 1
2 2 0 0 2 2 1 2 1 1 2 2 0 2 0 1 0 1 0 1 1 2 1 1 1 2 1 1 1 2 1 1 1 2 1 1 0 2 1 1 1 2 0 0 1 1 1 2 1 1 1 0
1 0 0 1 0 0 1 0 0 1 2 1 0 2 0 2 1 1 0 0 1 2 2 2 1 1 1 1 1 1 2 1 1 1 0 1 1 0 2 1 1 1 1 1 0 2 0 1 1 2 2 2
2 1 1 1 1 1 2 2 1 1 1 1 2 1 1 1 1 2 1 0 1 2 0 1 0 1 1 2 0 2 2 1 1 1 2 2 1 0 1 1 1 0 0 0 1 2 0 1 0 1 0 0
1 1 1 1 0 1 1 0 0 1 1 1 1 1 1 2 2 2 1 1 1 0 1 1 0 2 1 0 2 1 0 1 1 1 0 1 0 0 1 2 1 2 1 1 1 0 2 1 1 2 2 1
1 1 2 1 2 1 0 1 2 0 1 1 1 2 0 0 2 0 1 1 1 0 0 1 1 1 1 0 2 1 1 2 1 1 0 1 2 1 1 0 2 0 0 0 1 1 2 0 1 1 1 1
0 1 1 2 0 1 0 1 0 0 0 1 1 1 2 1 1 0 0 1 2 2 1 0 2 1 1 1 2 1 0 0 2 0 0 0 0 0 1 1 1 1 2 0 1 0 1 1 1 0 0 2
2 2 2 1 2 1 1 2 2 1 1 1 2 0 0 0 0 1 1 1 0 2 2 0 0 2 0 1 2 0 0 1 0 1 1 1 2 0 1 1 1 0 0 0 0 1 0 2 0 1 1 2
1 1 1 0 1 1 0 1 2 0 0 1 1 0 1 2 0 2 1 2 1 2 1 1 2 1 1 1 0 0 0 0 0 0 0 1 1 0 1 2 1 2 1 2 0 0 2 1 1 2 0 2
1 1 2 1 2 2 1 1 2 0 1 1 2 0 2 1 2 2 1 1 0 1 0 1 1 0 2 2 2 1 0 0 1 1 0 1 1 1 0 2 1 1 1 0 0 1 1 0 1 0 2 1
1 0 0 1 2 1 0 1 0 2 1 0 1 1 1 1 1 2 1 1 2 1 1 0 1 1 1 0 1 0 2 0 0 0 1 0 1 0 1 2 1 1 1 0 0 1 2 1 1 0 2 1
2 1 2 2 0 2 1 1 1 1 2 1 1 0 1 2 1 0 1 0 0 1 0 1 1 2 2 2 2 2 2 0 1 0 1 2 1 2 2 0 0 0 0 2 0 0 1 1 1 1 0 1
1 1 1 0 0 0 1 1 0 2 1 0 1 2 1 2 1 2 2 2 1 2 1 1 2 2 0 2 2 0 0 1 1 2 1 1 2 1 0 1 2 2 1 2 1 1 2 1 1 1 1 2
1 2 2 0 2 1 0 1 1 0 1 0 1 2 0 1 2 1 0 2 0 1 1 1 2 2 1 0 0 1 2 0 0 1 1 1 1 0 0 0 0 1 2 2 0 1 0 1 1 1 1 0
0 0 1 1 1 2 0 1 1 1 1 1 1 2 0 2 2 1 2 1 2 1 1 2 1 0 1 1 0 1 1 0 1 1 1 1 1 0 1 1 2 1 0 1 0 2 0 1 0 2 1 1
0 2 0 2 2 1 2 1 1 1 2 0 1 1 1 0 1 2 1 1 2 0 0 0 1 0 1 2 1 1 1 0 1 1 2 1 1 1 0 1 1 0 1 0 0 2 0 0 0 2 2 0
1 0 0 0 0 1 2 0 0 2 1 1 0 1 2 2 0 2 1 1 1 1 2 2 0 0 2 1 1 2 1 1 1 0 1 1 1 1 0 1 1 1 1 2 1 2 1 2 2 1 2 1
12 14 13 13
22 36 69 65 89 101 167 187 212 228 229 287 217 270 295 290 406 333 360 438 456 425 389 516 501 491 449 651 502 630 611 667 577 674 700 809 705 688 847 925 828 817 684 994 894 1005 972 1060 810 1113 902 863
