52
20
1 0 1 1 2 1 2 2 0 1 2 1 1 0 1 2 0 0 1 1 1 0 1 2 1 2 2 2 1 2 2 0 2 0 0 0 0 2 0 1 2 0 0 1 2 0 0 1 1 1 2 0
0 0 1 1 1 1 0 0 1 0 2 0 1 2 2 0 2 1 1 2 2 0 1 2 1 0 1 2 1 2 0 1 1 1 1 0 2 1 0 2 2 2 2 1 1 2 1 0 1 0 0 2
1 1 1 2 2 2 2 2 1 2 1 2 1 0 0 1 1 1 1 2 1 1 0 1 1 0 1 1 0 1 2 1 0 2 2 1 0 1 1 0 0 2 0 1 1 1 1 1 1 1 0 1
1 0 0 0 0 1 1 1 0 2 0 1 0 1 2 2 1 2 1 0 1 1 2 2 1 2 1 0 1 1 2 1 1 0 1 1 1 1 1 1 1 2 1 2 2 0 2 0 0 1 2 1
2 1 0 1 1 0 1 0 2 1 1 1 1 2 1 2 1 0 0 1 1 0 0 1 0 2 1 0 1 2 2 0 1 1 0 1 1 0 2 1 0 1 2 1 0 0 2 0 1 1 1 1
1 0 1 2 1 1 0 1 1 0 0 0 1 2 1 1 1 1 0 2 2 1 0 2 2 1 1 0 1 1 1 0 1 1 1 2 1 1 0 2 1 2 2 0 2 2 1 2 0 1 1 1
0 1 2 2 1 2 1 2 1 2 2 2 1 0 1 1 1 2 2 0 0 1 2 1 0 0 2 1 2 1 1 2 1 1 1 1 1 2 0 1 1 1 1 0 1 1 0 1 1 2 1 1
2 1 1 1 1 0 2 2 1 0 1 0 1 2 2 1 0 1 1 1 2 2 1 1 1 2 0 1 0 2 0 1 1 0 0 1 0 2 0 1 0 2 1 1 0 2 1 1 1 2 2 0
0 0 1 2 1 1 0 0 1 1 1 1 2 1 1 0 0 1 2 0 1 1 1 1 1 2 2 0 1 1 1 1 1 0 2 1 2 1 2 1 2 2 0 1 2 2 1 2 1 1 1 1
1 2 1 0 0 1 0 0 1 1 0 2 0 2 2 0 1 2 1 2 1 1 1 1 1 1 1 1 2 0 0 1 1 0 2 0 1 1 1 2 1 2 1 0 1 1 1 1 1 0 2 1
1 2 2 1 2 2 2 0 0 2 0 2 2 2 0 1 1 1 1 1 0 1 1 1 1 1 0 1 1 1 2 1 2 2 1 2 2 1 1 1 0 1 1 2 1 1 0 0 1 1 0 0
0 1 1 2 0 1 0 0 0 2 2 2 0 1 1 1 2 0 1 1 1 1 0 2 2 1 1 1 0 0 2 0 0 1 0 0 0 1 1 1 2 1 1 2 0 1 2 1 1 1 2 2
1 2 2 2 1 0 1 1 2 0 0 1 1 0 2 1 0 2 1 2 0 1 0 0 2 1 2 1 1 2 1 1 1 1 1 0 2 2 1 1 0 0 0 1 2 0 0 2 0 2 2 1
2 0 1 2 0 1 2 2 1 0 0 2 2 1 2 1 2 0 1 1 2 1 1 1 0 1 0 0 1 1 1 0 0 0 0 1 1 0 0 0 1 2 1 2 2 2 0 0 2 1 0 1
0 1 1 2 1 1 2 1 1 1 1 1 1 0 1 2 1 0 1 1 2 0 1 1 0 0 1 1 2 0 1 1 1 1 1 1 2 1 0 1 0 0 2 1 0 0 1 1 1 1 1 1
0 1 1 1 0 1 1 0 0 0 2 1 1 1 1 1 1 1 0 2 2 0 2 2 1 1 1 1 1 0 1 2 1 1 0 1 1 1 1 1 1 2 1 1 1 1 0 2 1 1 1 2
2 1 2 2 1 1 1 1 0 2 2 1 1 1 1 0 1 1 1 2 1 1 0 1 1 0 2 1 1 1 1 0 1 2 2 1 1 2 1 1 0 0 0 2 1 0 2 0 1 0 1 1
1 0 2 0 0 2 1 1 0 2 0 1 0 1 1 2 1 1 2 2 2 2 2 1 2 1 0 0 1 0 1 1 0 0 2 2 2 1 1 2 2 1 2 1 2 1 1 1 0 1 2 2
0 2 0 0 2 1 1 2 0 2 0 0 0 1 1 1 1 1 1 1 0 1 2 2 2 1 2 2 2 0 2 1 0 2 0 1 0 0 2 0 1 0 1 0 2 0 1 1 0 0 0 2
2 1 0 0 1 1 2 1 0 0 1 0 1 2 1 1 0 2 2 2 2 2 1 2 2 0 0 1 1 0 1 1 0 0 1 0 1 2 1 1 1 1 1 0 1 2 1 1 2 2 2 1
18 14 24 19
20 34 64 72 86 98 157 138 154 232 198 200 223 314 332 284 365 371 319 326 474 475 416 518 597 488 469 501 624 633 549 579 776 716 766 785 761 638 804 953 865 992 707 760 806 1100 1083 1123 1037 978 1110 1152
