52
20
2 2 1 1 0 1 2 1 0 1 1 2 2 1 0 2 2 1 1 0 1 0 0 2 0 1 1 1 2 1 0 0 0 0 1 1 1 1 1 2 1 1 1 1 1 0 0 0 0 0 0 0
2 1 0 1 1 2 1 2 0 0 1 0 1 1 2 1 0 2 1 0 1 1 1 1 2 1 0 1 1 1 1 1 1 2 0 0 1 1 1 0 2 1 2 1 2 1 2 0 2 2 2 1
1 1 2 1 2 1 1 1 2 1 2 1 2 0 0 0 1 1 2 1 0 2 1 1 2 1 2 1 1 0 0 2 1 0 1 2 0 1 2 1 1 1 1 1 2 2 1 1 0 0 0 1
2 0 2 1 1 1 1 0 1 1 0 2 0 2 0 1 0 1 1 2 2 0 2 1 1 1 0 0 1 1 0 2 1 1 2 0 0 0 1 1 1 2 2 2 1 2 1 1 1 1 2 1
0 1 0 2 1 1 1 2 1 2 1 1 2 2 0 0 1 1 0 0 0 1 1 1 1 1 0 2 0 1 2 0 0 1 0 1 2 0 2 2 0 1 1 0 0 0 2 1 2 0 0 1
1 2 2 2 1 1 1 1 0 1 0 1 0 2 0 1 2 1 1 1 2 2 1 2 1 2 0 1 0 1 0 1 0 0 1 0 2 0 0 1 2 1 2 2 1 1 2 1 2 2 1 2
0 2 2 2 2 1 1 1 1 1 1 1 2 1 1 0 1 0 1 2 1 0 2 0 1 1 1 0 1 0 0 1 1 2 1 0 2 0 1 0 1 0 0 1 2 1 0 1 2 0 1 1
1 1 0 1 0 1 1 1 0 2 1 2 1 2 2 2 1 1 1 1 1 1 1 1 1 2 0 2 1 1 1 0 1 1 0 0 2 1 0 1 1 1 2 2 2 2 2 2 2 2 2 2
2 1 1 1 0 2 2 1 1 2 2 1 0 1 0 0 1 1 2 2 1 0 0 0 1 1 1 1 0 1 2 1 1 2 1 2 1 1 2 2 1 1 0 2 1 2 0 1 0 1 1 2
1 0 2 0 1 1 2 0 0 1 1 1 1 2 1 1 1 2 2 1 0 1 0 1 2 1 0 2 1 1 0 1 1 1 0 1 0 2 1 1 2 1 2 1 0 2 1 1 2 0 2 1
1 2 1 1 1 1 2 1 2 2 1 0 1 0 2 0 2 0 1 0 0 1 0 1 0 2 1 0 1 1 0 1 1 1 2 1 1 2 1 1 2 0 1 0 1 2 1 0 2 0 1 0
1 1 0 0 1 2 1 1 1 0 0 1 1 1 1 1 1 2 1 1 1 1 2 2 2 2 0 0 1 0 1 1 0 0 0 1 1 1 1 1 1 2 1 2 1 0 2 1 2 1 0 2
1 1 1 1 0 1 1 1 2 1 2 2 0 2 1 0 1 0 0 0 1 0 1 0 2 1 1 0 2 1 2 0 2 1 1 0 1 0 1 2 0 1 1 0 0 2 1 0 1 1 2 1
2 0 0 0 1 1 0 1 1 1 0 2 2 1 1 1 0 2 2 2 2 2 2 2 2 1 0 0 1 1 2 1 1 1 0 0 0 1 1 2 2 1 2 2 2 1 1 1 2 0 2 2
1 2 1 1 0 1 1 2 2 1 0 1 1 1 2 1 1 1 2 1 2 0 0 1 1 1 0 2 1 1 2 1 2 2 1 0 2 2 1 0 1 1 1 1 1 0 0 1 1 1 0 0
0 2 1 0 0 0 1 1 0 0 1 1 1 2 1 1 1 1 1 0 2 1 2 1 1 1 0 1 1 0 1 1 0 2 0 1 0 1 2 1 2 2 1 1 0 0 1 0 1 1 2 1
2 2 0 2 1 2 2 1 2 0 1 1 2 0 1 1 2 1 0 1 1 1 0 0 1 1 0 2 1 1 0 1 1 2 1 2 2 1 1 2 2 2 2 0 1 1 1 0 1 1 0 1
0 2 0 1 0 2 1 1 0 1 0 0 2 1 2 2 1 2 1 1 0 2 1 1 1 0 2 1 1 0 1 1 1 2 0 1 0 2 2 2 0 2 1 2 1 2 0 1 2 2 0 1
1 2 1 1 1 1 1 0 1 1 2 1 0 1 2 2 1 1 1 0 1 0 0 0 1 2 0 2 1 2 1 2 2 1 1 1 0 2 1 0 0 0 2 1 1 0 0 2 2 2 0 0
1 0 1 1 0 2 1 1 1 0 1 0 1 1 1 1 1 1 2 1 1 1 0 2 2 2 0 1 0 0 1 1 1 2 2 0 0 0 1 1 1 2 2 1 0 2 1 1 2 2 1 1
15 14 20 12
24 43 55 85 90 104 133 185 201 172 256 214 227 342 258 265 401 412 369 411 461 465 433 417 439 512 446 485 652 582 700 678 533 557 627 838 845 855 768 803 732 851 718 775 928 1056 1108 858 1013 1163 1217 1177
