52
20
1 1 2 1 1 0 1 1 2 0 2 1 2 2 0 1 0 0 2 0 0 1 1 0 0 2 1 0 1 2 1 1 1 1 2 2 2 2 2 1 0 0 1 0 0 0 1 1 1 2 1 2
1 1 1 2 0 1 1 2 0 0 1 0 2 0 1 1 1 1 1 2 2 1 1 1 2 1 1 1 1 1 0 1 1 0 1 1 0 0 1 1 1 1 1 1 2 1 0 1 0 1 1 1
1 1 2 0 1 2 1 1 0 2 2 1 1 2 1 0 0 1 2 2 1 0 1 1 2 1 0 1 1 2 2 2 2 2 1 1 0 1 2 1 2 1 0 1 1 1 1 1 1 1 1 1
0 1 0 1 1 1 1 1 0 0 2 0 2 2 1 2 2 1 0 1 2 1 2 1 1 1 0 2 2 1 1 2 1 0 1 1 1 1 1 0 0 1 1 2 2 1 2 1 0 1 1 0
2 2 1 2 2 1 1 2 1 1 2 1 0 1 1 1 2 1 0 1 1 2 1 2 1 1 1 1 2 0 1 1 2 1 1 1 1 0 0 1 1 2 0 1 0 1 0 1 2 0 1 1
1 0 2 1 0 1 1 1 1 1 1 0 2 1 2 1 1 1 1 0 0 2 2 2 2 0 1 0 0 1 2 2 0 0 0 1 1 0 2 2 2 1 1 1 1 2 1 2 2 1 0 1
0 2 2 1 1 1 1 1 1 0 0 1 0 1 0 1 0 1 1 0 0 1 2 1 1 0 2 1 1 1 2 2 1 1 1 2 1 0 2 1 2 2 0 1 0 2 2 2 1 2 1 1
0 1 1 0 1 1 2 1 1 2 0 0 1 2 1 1 1 2 1 2 1 1 1 2 2 1 0 1 1 0 1 0 2 1 1 1 1 0 2 2 1 1 0 1 0 1 2 2 1 0 1 1
1 1 2 1 1 2 1 0 1 1 1 1 2 0 2 1 1 2 2 0 0 2 0 0 1 1 0 2 1 1 0 1 2 1 1 2 0 1 1 1 1 2 1 2 0 0 1 1 1 0 1 1
1 0 0 0 1 0 2 2 0 0 0 2 1 1 1 1 2 1 2 1 1 1 2 2 2 0 0 0 1 1 0 1 0 1 1 0 0 1 0 2 2 2 1 1 1 1 0 1 1 2 2 1
1 2 1 1 1 2 1 0 0 2 2 2 2 1 0 1 0 0 1 1 1 1 1 1 0 1 2 2 0 2 2 1 2 1 1 1 1 1 1 1 0 0 0 1 0 1 0 1 0 1 0 1
0 0 2 1 1 0 0 1 1 1 0 1 1 1 1 1 2 2 1 0 1 2 2 2 1 1 1 2 1 2 0 0 1 2 1 0 0 2 2 1 1 2 2 1 2 2 2 1 1 1 1 0
2 2 2 1 0 2 1 0 2 1 1 1 2 1 0 0 2 1 0 0 0 0 2 0 0 0 2 1 0 2 1 1 0 1 2 1 1 2 1 0 0 0 0 0 2 1 1 2 1 1 1 0
1 2 0 1 2 0 2 0 1 1 1 1 1 2 2 1 1 0 2 1 0 1 1 2 2 2 1 0 1 1 0 0 1 0 1 0 1 0 0 1 1 1 1 2 1 2 2 2 0 2 2 2
1 1 2 1 2 0 2 1 1 2 1 1 1 1 1 1 0 1 1 1 1 1 0 1 1 1 2 1 2 1 1 2 2 2 2 2 2 1 1 1 0 1 1 0 1 1 0 0 2 1 2 0
1 0 0 0 1 2 1 1 0 0 0 0 1 0 1 2 1 0 2 1 1 0 2 2 1 1 1 1 0 2 1 0 1 0 0 0 0 2 1 2 1 2 1 1 1 0 1 0 2 1 2 2
2 1 1 1 2 0 1 2 0 1 0 2 2 0 2 1 0 0 1 0 0 2 1 2 1 0 1 2 1 1 1 2 2 1 1 1 1 1 1 0 1 0 0 1 1 2 1 1 1 0 2 0
1 1 2 1 0 1 1 1 0 1 1 1 0 1 2 1 1 1 1 2 2 1 1 2 0 1 1 0 1 1 1 0 0 1 1 0 1 1 1 1 1 1 2 2 1 1 2 1 1 1 2 1
1 2 2 1 0 1 0 2 1 2 2 2 2 1 2 2 1 1 0 0 0 1 1 1 0 1 2 1 2 1 1 1 1 2 1 2 1 1 1 0 1 2 2 1 1 1 1 0 1 0 0 1
1 2 1 1 2 0 1 0 2 2 0 2 1 1 2 2 2 1 1 1 1 2 1 2 1 2 1 0 1 0 1 0 0 0 1 0 1 1 1 2 1 1 2 1 1 2 2 2 1 1 1 2
18 10 20 23
15 37 70 92 125 141 136 163 192 202 221 193 221 311 365 344 320 372 375 403 429 400 430 585 611 494 626 468 533 511 626 531 626 620 802 733 853 864 851 872 713 976 778 852 1084 1020 1011 1158 1147 894 993 1037
