52
20
1 1 1 1 2 2 1 1 1 2 1 1 2 1 0 1 1 1 1 0 1 1 2 2 1 1 1 2 1 0 2 1 2 0 1 1 1 1 1 0 1 1 1 0 0 1 1 1 1 1 0 1
0 1 0 1 1 2 1 0 2 1 0 2 1 0 1 1 1 1 0 0 0 1 2 2 1 0 0 1 1 2 1 1 1 1 1 0 1 0 1 0 1 2 2 2 1 0 1 2 1 0 2 0
1 0 1 1 1 1 1 1 1 2 1 2 0 0 1 2 2 2 1 0 0 2 1 0 1 1 2 1 2 2 1 1 1 2 2 0 0 1 2 1 1 0 1 0 1 0 1 1 0 0 0 1
0 2 2 0 1 1 2 1 0 0 0 1 0 2 1 2 1 2 2 2 1 0 1 1 2 1 0 1 1 1 2 2 1 1 1 1 1 1 2 2 2 1 2 1 1 2 2 2 2 1 1 2
2 2 1 1 2 2 0 0 2 1 1 1 2 1 0 1 1 0 1 0 1 0 2 0 2 0 2 0 1 1 1 0 1 1 1 2 1 1 1 1 1 0 1 2 2 1 0 0 1 1 0 1
1 0 0 0 1 1 1 0 0 1 0 0 2 1 0 2 1 1 0 2 1 2 2 0 2 2 1 0 1 1 1 1 2 1 1 1 1 1 1 2 1 1 0 1 0 0 2 1 1 1 1 2
1 1 0 1 1 1 1 1 1 1 2 2 2 1 0 1 0 1 1 0 1 1 0 1 0 1 1 1 2 2 0 2 1 2 1 2 1 0 2 0 1 1 2 0 0 1 0 0 1 1 0 1
0 2 1 1 0 0 0 1 0 2 0 1 1 0 1 2 1 1 1 1 1 1 1 2 2 0 2 1 0 0 0 0 0 1 2 2 1 1 1 1 0 0 1 1 2 1 0 2 1 2 2 0
2 0 2 1 1 0 2 2 1 2 1 2 0 1 1 1 2 1 1 0 2 1 1 0 0 1 0 0 1 0 2 2 2 1 0 2 1 1 1 1 0 1 0 0 1 0 0 1 1 0 1 1
1 1 1 1 1 2 0 0 0 1 1 1 0 1 2 0 2 0 2 0 1 0 2 0 2 1 0 0 0 0 0 1 1 0 0 2 1 1 2 1 2 1 1 2 2 1 2 1 2 2 0 1
2 2 2 2 1 1 2 1 1 1 0 0 1 1 0 0 0 1 2 0 1 0 1 0 0 1 2 2 1 1 1 1 2 1 2 0 2 2 2 1 1 0 0 2 0 0 1 1 2 2 0 2
0 0 1 0 0 0 0 2 1 1 0 0 1 2 2 2 1 2 2 0 1 1 2 0 1 0 0 2 1 1 0 0 1 1 1 0 1 1 0 1 2 1 2 1 0 2 0 2 2 2 1 2
1 1 0 1 2 1 2 0 0 2 1 2 2 0 0 0 1 1 1 0 1 2 1 0 0 2 1 2 1 2 1 2 2 1 0 0 1 2 1 2 2 0 1 1 1 1 2 0 0 0 2 1
0 2 0 2 1 0 1 1 0 0 1 1 1 1 1 1 2 0 1 1 1 2 1 1 2 2 1 1 1 0 1 2 1 1 1 0 1 1 1 1 2 2 2 0 2 0 1 2 0 0 1 1
1 1 1 1 2 1 2 0 2 2 0 2 2 1 0 0 1 1 1 2 0 2 1 0 2 1 2 2 1 2 2 2 0 2 1 2 1 1 2 1 0 1 1 1 1 1 0 1 0 0 2 1
1 1 0 1 0 0 1 0 1 1 2 2 0 2 1 1 1 1 0 1 2 2 1 2 1 2 0 1 0 1 1 1 0 0 1 0 1 1 0 1 2 1 2 0 1 2 1 1 1 0 1 1
1 2 1 2 1 1 2 1 2 2 1 1 2 1 1 1 2 1 0 1 2 1 1 1 1 0 2 1 0 1 1 0 1 1 1 1 0 0 1 0 0 0 1 1 1 1 0 1 1 0 1 1
1 2 1 0 1 0 0 1 0 1 1 0 1 0 1 0 0 2 2 2 1 1 2 2 1 2 1 1 0 1 0 1 0 1 0 1 0 0 1 2 0 2 2 1 2 2 2 1 0 2 2 1
1 1 2 0 1 2 2 1 0 1 1 2 1 0 1 0 0 1 0 0 1 0 0 1 1 1 0 1 2 0 1 1 2 1 1 2 0 0 2 1 0 2 2 2 1 1 1 0 1 0 1 1
0 2 1 1 1 2 1 2 0 0 1 1 0 1 1 1 1 1 0 2 2 1 1 2 1 1 2 1 0 0 1 1 1 1 1 0 1 0 1 2 2 2 2 1 2 1 0 1 0 2 1 1
16 15 11 14
19 37 60 79 117 133 117 184 154 192 196 214 284 227 234 292 286 318 403 366 432 386 386 463 417 518 493 612 514 500 670 674 700 597 558 587 742 666 640 782 917 988 693 948 745 896 883 1113 783 926 872 901
