52
30
1 1 1 2 0 0 2 0 2 1 2 1 1 1 1 0 1 1 0 1 1 2 0 0 0 1 0 1 2 2 2 1 1 1 1 2 2 0 0 0 2 1 1 1 1 2 1 0 1 2 0 1
0 0 0 0 0 1 1 0 0 1 1 0 0 2 1 1 0 2 1 2 1 0 0 0 1 1 1 0 1 1 0 1 1 1 0 2 0 0 0 1 2 1 1 1 1 0 2 1 2 0 1 1
1 2 1 2 2 1 2 0 0 0 1 1 2 1 0 0 2 0 2 2 1 1 2 1 1 0 1 2 2 1 1 2 0 0 1 2 0 2 0 1 1 0 0 0 0 1 1 0 0 1 2 2
1 0 0 2 1 0 0 0 1 2 1 1 0 2 2 0 2 1 2 1 2 2 1 1 1 2 0 2 1 0 0 2 0 0 0 0 1 0 0 2 2 1 1 1 2 1 1 1 0 2 1 2
1 0 1 1 1 1 1 1 1 0 1 2 2 0 1 0 1 2 0 1 1 1 0 1 0 2 1 1 0 1 1 0 2 0 2 1 1 0 2 0 0 1 0 0 0 1 1 1 2 1 1 0
0 2 0 1 1 0 1 1 1 1 2 1 1 1 2 1 2 2 1 1 1 2 1 2 2 0 1 1 0 0 1 1 1 2 2 1 0 1 0 0 1 2 2 1 2 0 0 0 2 2 0 1
0 2 1 1 2 2 2 0 1 1 2 0 1 0 1 1 2 1 2 2 1 2 0 1 0 1 2 1 2 1 1 1 2 0 1 2 1 1 2 1 0 2 0 0 0 2 1 1 0 2 1 1
1 2 1 0 1 2 0 1 1 0 2 0 1 1 0 2 1 1 1 1 2 1 2 1 1 1 0 0 0 1 1 0 1 1 0 1 1 1 1 2 1 1 1 2 1 0 2 2 1 2 2 1
2 1 1 2 2 1 1 2 1 1 2 1 1 1 1 1 1 1 1 2 2 2 0 0 1 0 1 1 2 1 0 1 1 2 1 2 2 1 2 1 1 1 0 0 1 2 1 0 2 0 0 2
1 1 0 1 1 2 1 2 2 1 1 0 0 1 2 1 1 2 2 1 1 2 1 0 2 1 1 1 2 1 1 1 0 0 0 1 1 0 1 1 2 1 1 2 1 1 1 0 1 1 0 1
2 0 0 2 2 2 1 1 1 1 2 0 1 0 0 1 1 1 1 0 0 0 0 2 0 1 1 2 1 2 1 2 1 2 2 1 0 0 2 1 1 1 1 1 1 1 0 1 2 1 0 1
1 0 1 1 1 2 1 2 0 1 2 2 1 2 1 2 2 1 1 1 2 0 0 1 2 2 1 1 0 1 1 0 0 0 1 1 1 1 1 2 2 2 2 0 1 0 1 2 1 1 1 1
1 2 1 1 1 2 1 2 1 1 1 1 1 0 1 2 1 1 0 0 0 2 2 0 2 1 1 0 0 1 1 0 1 1 1 1 1 1 1 1 0 1 0 1 1 2 1 1 0 1 0 1
0 1 2 1 0 1 0 1 0 1 1 1 1 2 2 0 2 0 2 2 1 1 1 1 0 1 0 1 1 1 0 1 1 1 1 0 0 2 2 1 2 1 2 2 1 1 1 1 1 2 1 0
2 2 2 1 2 1 2 1 1 1 0 1 0 2 1 0 2 1 1 0 1 0 0 0 0 0 0 2 1 2 2 1 1 1 1 1 1 1 1 1 0 0 0 1 0 2 1 1 1 1 0 0
0 0 2 1 1 1 1 1 1 0 0 2 1 1 2 1 2 2 1 1 2 1 0 2 2 1 1 1 0 1 1 0 1 1 1 0 1 1 0 1 1 2 2 1 1 2 2 1 1 1 2 1
1 1 1 1 1 2 0 1 2 1 2 1 0 1 0 0 0 0 1 0 1 1 1 1 0 1 2 1 1 1 2 2 2 2 1 0 1 2 1 1 1 0 1 1 0 1 0 2 0 2 1 1
2 0 0 1 2 1 1 1 1 1 0 1 1 2 1 1 2 1 2 2 2 1 1 2 0 2 1 1 0 1 1 2 1 1 0 0 0 1 0 0 0 1 2 1 2 1 1 1 1 2 0 1
0 1 2 2 0 2 1 1 1 0 1 2 2 0 1 1 0 0 1 1 1 2 1 2 1 1 1 1 2 1 1 1 1 0 0 1 1 1 1 2 2 0 1 1 1 1 0 1 1 0 0 0
1 0 0 1 0 0 1 2 1 1 1 1 1 1 1 1 1 1 2 1 1 1 2 1 2 2 2 0 2 1 1 1 1 2 2 0 2 2 1 0 1 1 2 1 1 2 0 1 1 1 0 0
0 1 1 1 2 1 1 2 1 1 1 2 2 2 2 0 1 1 0 1 1 2 2 2 1 0 2 0 1 2 1 1 0 2 2 2 1 1 1 0 1 1 1 0 1 1 1 2 2 1 0 0
1 2 2 1 1 0 1 1 1 1 2 2 1 1 0 1 2 2 1 1 1 1 2 1 1 0 0 1 0 0 0 1 2 1 2 1 0 2 0 1 2 2 2 1 0 2 1 0 1 1 2 2
1 0 2 2 2 1 1 2 0 1 2 1 2 2 0 1 2 1 1 0 0 1 2 0 1 1 2 1 1 1 2 0 1 1 2 2 1 1 1 1 0 1 1 1 0 0 1 0 1 0 0 1
0 2 1 0 1 1 0 0 0 1 2 2 0 1 2 1 1 2 1 0 2 1 2 0 1 1 2 0 1 1 1 1 0 1 0 1 1 1 1 1 2 0 1 2 2 2 1 2 0 1 2 1
1 1 2 2 1 1 1 0 1 1 1 2 1 0 2 0 0 0 2 0 0 1 1 1 0 2 2 1 0 2 1 0 1 1 1 1 1 2 2 2 2 1 1 0 0 1 2 0 1 0 0 1
1 0 2 0 0 1 2 1 1 1 0 1 0 1 0 1 0 2 1 1 1 1 2 1 2 0 1 1 1 0 0 2 1 1 0 1 1 2 0 2 1 0 1 1 0 2 2 1 1 1 1 0
1 1 0 1 1 1 2 1 0 2 1 1 1 1 2 1 1 1 0 1 1 1 1 0 1 0 1 0 2 1 2 1 2 1 1 2 1 2 1 0 1 1 1 1 2 0 1 0 0 1 2 0
1 1 1 0 0 1 1 1 0 1 1 1 1 0 1 2 0 1 1 1 0 1 2 0 2 1 1 0 1 0 1 0 1 1 2 0 0 0 1 1 1 1 2 2 0 0 2 2 1 1 1 1
1 1 0 2 2 1 0 2 1 1 1 1 2 0 1 1 1 0 1 1 0 0 0 0 1 1 2 1 1 0 1 2 1 1 2 1 2 1 1 1 1 2 2 1 1 1 1 1 1 2 0 0
1 2 1 0 1 1 2 1 1 0 0 2 1 2 1 2 1 1 1 1 2 1 2 1 1 2 0 0 1 1 1 1 0 1 0 1 2 0 2 2 1 1 1 1 1 2 1 0 2 2 1 0
14 10 12 12
20 65 70 131 119 159 187 255 253 242 282 415 375 382 509 563 495 611 627 663 650 558 787 852 800 892 878 691 1031 911 817 935 819 1139 1100 1214 1158 1259 1155 1327 1070 1361 1381 1250 1279 1297 1198 1596 1462 1670 1316 1272
