52
20
2 0 1 0 2 0 2 1 1 2 1 1 1 0 1 1 1 1 1 0 1 1 0 1 0 1 1 0 2 1 1 2 1 1 2 2 1 0 1 1 0 1 0 1 1 1 0 0 0 0 2 2
0 1 2 0 0 0 1 1 0 1 1 2 2 0 1 1 0 1 1 2 2 1 0 1 1 1 2 2 1 1 1 1 0 0 2 1 1 1 0 0 0 1 1 1 1 1 0 1 2 1 2 0
2 2 2 1 2 1 2 2 2 2 2 1 2 1 0 2 0 0 1 0 1 0 1 0 0 1 2 2 2 1 2 1 1 1 1 1 1 2 1 1 1 2 2 1 1 1 2 1 1 1 1 2
1 1 0 2 2 1 1 0 1 1 2 0 0 2 1 1 1 2 0 1 2 1 0 2 2 0 1 2 1 0 1 0 0 1 2 0 1 1 1 1 1 1 2 1 1 2 2 1 1 2 2 1
1 1 1 1 1 1 2 0 1 1 2 2 2 0 1 1 1 0 1 1 0 0 1 1 1 1 0 1 1 1 2 1 2 1 1 1 1 1 2 2 1 0 2 1 1 1 0 1 1 0 0 1
0 0 2 1 0 2 1 1 0 1 1 2 0 1 1 2 1 1 1 2 1 2 0 0 2 2 1 0 0 0 2 0 1 1 1 2 0 1 1 1 2 2 1 2 1 0 2 1 1 1 2 1
1 1 0 1 1 2 0 0 2 2 1 2 2 1 0 1 1 0 0 1 0 0 0 2 1 2 2 2 2 1 1 1 2 2 2 1 1 2 2 2 1 1 0 2 1 1 1 0 2 2 1 1
0 1 2 0 2 0 0 1 0 1 1 1 0 1 1 1 2 1 2 2 2 0 2 2 1 0 0 0 1 2 0 2 0 2 0 1 0 1 0 2 2 2 0 2 0 2 1 1 1 1 1 2
1 1 0 2 0 1 1 2 2 0 1 2 1 1 1 0 2 0 0 1 0 2 0 1 1 2 1 1 0 1 1 1 0 0 2 1 1 1 1 0 0 1 1 2 0 1 0 0 0 1 0 0
1 1 2 2 1 2 1 1 0 1 2 0 1 1 2 1 1 2 0 2 1 0 1 1 1 1 1 1 0 1 2 2 2 0 0 0 0 1 0 2 2 1 2 2 0 1 1 1 0 1 2 2
1 1 1 1 1 2 1 2 2 1 2 1 1 1 1 1 2 1 2 0 2 2 1 0 2 1 1 1 1 2 1 1 1 1 2 2 2 2 1 1 1 0 1 1 0 1 0 0 2 1 1 2
1 1 1 1 0 1 1 1 1 1 1 1 0 0 1 1 0 1 1 2 1 2 1 1 2 1 0 0 1 2 0 1 0 2 1 1 2 0 0 0 0 1 2 2 1 2 1 1 2 1 1 2
2 1 1 1 2 2 1 1 1 1 1 0 1 0 1 0 0 1 0 1 0 1 1 1 1 1 1 2 1 0 1 1 2 0 2 2 0 1 2 0 2 2 1 0 1 1 0 0 0 0 0 0
0 1 2 2 1 0 1 0 0 2 1 0 1 1 1 2 1 1 1 0 1 1 1 1 1 1 0 1 0 0 0 1 0 1 1 1 0 1 0 1 1 1 1 2 2 1 1 2 2 1 1 2
2 1 1 1 1 0 1 1 1 2 2 1 1 1 0 1 1 0 0 0 1 0 1 1 1 0 1 1 1 0 1 2 2 1 2 0 1 1 1 0 0 0 1 1 0 0 1 0 2 0 2 1
1 0 1 1 1 0 1 0 1 0 1 0 1 0 1 1 1 2 2 2 2 1 1 0 0 1 2 1 2 1 2 1 1 0 0 1 1 1 0 1 2 1 1 1 1 1 0 0 0 1 1 1
1 1 1 0 1 2 2 0 2 0 0 0 1 2 1 2 0 2 0 2 1 1 1 1 1 2 2 0 2 0 0 1 1 1 1 0 2 1 0 1 1 2 0 0 1 1 0 1 1 0 0 2
2 0 2 1 1 0 0 0 0 1 1 1 2 2 1 2 2 1 2 1 2 1 1 2 0 1 1 1 1 0 1 1 1 0 0 0 1 0 0 1 1 2 1 1 2 2 1 1 1 0 2 1
2 1 1 1 2 2 1 1 1 1 0 1 1 0 0 1 1 1 0 2 1 1 2 1 1 0 2 1 1 0 1 1 2 1 2 1 2 1 2 0 1 1 2 2 0 1 1 1 1 2 1 2
1 1 1 1 0 1 1 0 2 1 1 1 0 1 1 1 2 1 0 1 0 1 2 1 2 1 1 1 0 1 1 1 0 0 2 1 1 0 0 2 1 2 2 1 2 1 1 1 1 2 2 0
17 17 23 15
25 39 63 83 84 144 168 144 202 179 199 264 287 268 282 304 359 360 363 362 466 498 406 564 430 533 505 467 582 483 601 638 654 626 634 823 863 871 860 862 772 672 1002 938 740 787 750 803 961 964 1176 908
