52
30
1 2 1 1 1 2 0 1 2 2 1 1 2 1 0 0 2 0 0 1 0 0 1 0 2 2 0 0 2 1 1 1 1 1 2 2 1 2 0 0 1 1 0 1 1 0 2 1 0 1 0 0
0 0 0 1 0 1 1 1 1 1 0 1 0 0 2 0 1 1 1 0 2 2 1 1 2 0 1 0 1 1 0 0 0 1 0 2 1 1 0 1 2 2 1 1 0 1 2 2 1 1 2 1
0 1 1 2 2 1 1 1 1 0 1 2 0 1 1 0 0 1 0 0 0 1 1 0 0 1 1 1 1 2 1 1 2 2 1 2 1 1 1 0 0 1 0 1 1 0 0 2 2 1 0 1
0 0 1 2 0 1 1 2 2 2 0 0 1 1 1 0 2 1 1 2 0 1 1 2 1 0 1 1 0 0 0 1 1 0 1 2 1 1 0 1 2 2 2 2 2 0 1 1 2 1 2 1
2 2 1 2 2 2 0 0 2 1 1 2 0 0 0 1 0 2 0 0 1 0 0 1 0 1 1 2 1 2 0 1 1 1 0 2 1 2 2 0 1 0 0 1 1 1 1 0 0 0 1 2
1 1 0 0 1 1 1 1 1 1 0 0 0 1 2 1 0 1 1 2 1 2 0 0 1 2 0 1 1 0 1 1 1 1 1 1 1 1 0 2 2 2 1 1 1 2 1 1 1 1 2 1
1 2 2 2 1 0 2 1 0 1 1 0 1 0 1 0 2 1 2 1 1 0 0 0 0 1 1 0 1 2 1 1 2 1 2 0 1 2 0 1 0 0 2 1 1 1 1 1 1 2 1 1
0 1 2 0 1 1 1 0 0 0 1 2 0 2 1 1 0 0 2 1 2 2 1 1 2 0 1 1 1 1 0 2 0 0 1 2 2 1 1 1 1 0 2 2 0 2 2 1 2 2 1 1
1 1 2 0 0 1 2 1 1 1 1 2 1 1 1 2 0 1 1 0 1 0 0 1 0 0 1 1 1 2 2 2 1 1 2 0 0 2 2 2 0 1 2 1 1 0 0 0 0 1 2 1
1 0 2 0 2 0 1 0 1 1 0 1 1 1 1 2 1 1 1 0 1 1 1 1 1 2 1 1 0 1 0 1 2 2 1 0 0 1 0 1 1 1 0 2 2 1 1 2 1 1 2 2
2 2 1 2 0 2 2 1 1 1 1 2 1 1 1 0 0 0 1 0 1 1 1 2 0 1 1 1 1 1 0 2 1 1 1 2 1 2 2 0 1 0 1 0 0 0 0 0 1 1 0 1
0 0 2 0 0 1 2 0 0 1 2 2 0 0 2 2 2 0 1 1 1 0 1 0 1 1 0 0 0 0 1 0 2 1 0 0 1 2 1 2 1 2 2 0 1 1 2 1 1 0 2 2
0 1 2 2 2 1 1 1 2 0 0 1 1 0 1 1 1 1 2 0 0 0 2 1 1 1 2 1 1 0 2 1 0 2 1 1 1 2 1 1 1 0 1 0 2 1 0 2 0 1 1 0
0 1 1 0 0 2 1 1 0 0 0 2 0 2 2 1 1 0 0 2 1 1 2 1 1 1 1 2 1 0 1 1 2 1 0 0 2 1 0 1 1 2 1 0 1 1 1 1 1 1 2 1
1 2 1 2 2 2 0 0 1 1 1 1 1 1 2 0 1 1 0 1 0 0 1 1 1 0 1 0 1 1 1 1 2 1 1 1 1 1 2 1 0 1 1 2 0 1 1 2 1 1 0 1
0 0 0 0 0 1 0 2 1 2 0 0 1 2 1 1 0 2 1 0 1 1 2 2 2 1 1 1 0 1 0 1 1 2 1 2 2 1 1 1 1 2 1 1 1 2 1 2 2 1 0 0
2 2 1 1 2 0 2 1 1 0 1 1 2 0 1 0 1 1 0 2 1 1 0 0 2 0 0 2 0 1 1 2 2 1 2 1 1 2 2 1 1 0 1 1 1 1 1 2 1 0 0 1
1 0 1 1 2 2 1 1 1 1 1 0 1 2 1 1 2 0 1 1 1 1 1 2 2 1 1 0 1 0 1 0 2 1 1 1 1 0 1 1 1 1 1 1 0 0 2 0 1 1 1 1
2 1 1 1 0 2 1 1 2 2 2 2 1 0 1 2 2 1 0 2 2 0 2 2 1 1 1 2 0 1 2 1 1 2 2 1 0 0 1 0 0 1 0 0 1 2 1 0 1 0 0 0
0 1 0 1 1 1 1 1 2 1 1 1 2 2 2 1 1 2 2 2 1 2 2 0 1 0 1 1 2 1 1 1 0 1 0 2 1 0 0 1 2 2 1 2 1 2 1 2 1 1 2 1
1 1 1 1 1 0 0 1 1 1 1 1 2 1 0 0 2 2 1 1 0 0 1 2 1 1 0 0 1 1 0 1 1 2 2 2 1 2 1 1 1 1 0 0 1 1 0 1 1 2 2 2
0 0 0 2 2 0 2 0 1 1 1 0 1 1 2 2 2 2 1 1 2 0 1 1 0 1 1 0 2 1 0 1 1 1 0 1 1 2 0 1 1 2 1 1 1 1 1 0 1 1 1 1
2 1 1 2 1 0 2 0 1 1 2 2 1 1 1 2 2 0 1 1 0 0 1 1 1 1 2 1 0 1 1 1 1 0 2 0 1 2 1 2 1 1 1 1 1 1 1 0 1 1 1 1
0 0 2 1 1 1 0 1 0 0 0 0 1 2 1 2 2 1 0 1 1 1 1 1 1 1 0 0 0 1 0 1 0 1 0 1 1 2 1 1 2 0 0 2 1 2 2 1 1 2 2 1
2 2 1 2 2 2 1 0 1 2 1 2 1 1 1 1 1 0 1 0 0 1 1 2 1 0 1 0 0 2 0 1 2 2 2 2 0 1 1 1 1 1 2 1 1 1 1 1 2 0 0 1
0 2 0 1 1 1 1 1 0 0 2 0 1 1 1 2 1 1 2 1 1 2 2 2 1 1 1 0 1 0 2 0 2 0 1 1 0 2 0 0 2 1 1 1 1 0 2 0 2 1 1 1
2 0 1 1 1 2 1 2 1 1 1 0 2 1 0 1 1 1 0 0 1 1 0 0 0 0 0 1 1 2 1 2 0 1 1 1 2 0 2 1 2 0 2 0 1 1 0 0 0 1 1 1
1 1 1 1 2 0 0 0 1 0 0 1 1 2 1 1 1 1 1 2 2 1 1 2 0 0 2 1 0 1 1 1 2 0 0 2 1 1 1 2 2 2 2 1 2 1 1 1 1 1 1 1
2 0 2 2 0 2 1 2 0 2 1 1 2 1 0 1 0 1 0 1 0 1 1 0 1 1 1 2 2 1 1 0 1 2 0 1 2 1 1 0 1 1 0 1 0 1 0 1 2 2 2 1
1 0 0 1 2 1 2 1 1 0 0 2 0 1 2 2 1 2 1 1 2 1 1 1 0 1 0 0 0 0 0 1 0 0 1 0 1 1 0 1 2 1 2 2 1 2 0 2 2 0 1 1
12 16 16 12
26 43 98 139 167 196 185 196 239 302 269 299 350 411 522 495 596 499 488 570 527 755 765 612 702 718 734 688 741 714 805 812 835 961 1182 922 1043 1019 1081 927 950 1381 1350 1389 1183 1409 1606 1605 1228 1232 1676 1631
