52
20
2 1 2 2 1 2 1 0 1 0 0 2 0 0 0 0 2 1 1 0 0 0 0 1 2 1 1 0 2 1 1 1 0 0 2 2 1 2 1 0 1 0 0 0 2 1 0 1 0 0 1 1
0 0 0 0 1 2 1 1 1 1 2 1 0 0 1 2 2 2 2 2 1 1 1 1 2 0 1 1 1 1 0 1 0 1 0 1 0 1 1 2 0 2 1 0 0 1 1 1 1 1 1 0
0 1 2 1 1 2 2 1 0 1 1 2 2 1 2 1 0 2 1 2 1 0 0 1 1 1 2 1 2 0 1 1 1 2 0 2 0 2 1 1 0 2 1 1 0 0 2 0 1 0 1 1
0 0 1 1 0 1 2 0 0 1 0 0 1 2 1 2 2 2 2 2 2 2 1 1 2 1 1 0 1 1 0 1 0 1 1 2 1 0 0 1 1 2 1 1 1 2 1 1 2 2 1 1
2 2 2 1 2 1 0 1 1 2 2 2 2 1 1 1 0 0 1 0 0 1 0 2 0 1 1 1 1 0 1 1 1 2 0 1 1 1 2 0 1 2 0 0 2 1 2 2 0 0 1 1
1 0 1 0 1 0 0 0 0 2 0 1 0 1 2 1 1 2 0 2 2 1 2 1 1 2 2 1 2 0 1 2 1 2 1 0 1 1 1 2 1 1 2 0 0 1 2 1 2 1 2 0
2 2 0 2 1 1 0 1 0 2 2 1 1 1 1 0 1 0 2 1 1 0 1 2 1 0 1 1 0 1 2 2 0 1 1 2 1 0 1 2 1 2 0 1 1 0 1 2 2 1 1 2
1 2 1 0 1 1 0 1 2 1 0 1 0 1 1 1 1 1 0 1 2 2 2 1 1 1 0 1 0 0 0 0 1 1 1 1 1 2 1 2 0 2 1 0 0 1 1 2 1 1 1 1
1 1 2 1 2 2 1 1 1 1 1 0 0 0 1 1 1 1 0 0 2 0 1 0 2 0 1 2 2 1 0 2 2 2 2 1 1 2 1 2 1 2 0 1 1 0 2 2 1 0 1 1
0 1 2 0 1 0 0 2 0 0 1 1 1 2 1 1 0 1 0 1 1 0 0 1 1 1 0 1 0 2 0 0 1 1 0 0 1 1 1 1 1 0 2 2 0 1 2 2 1 1 0 2
2 2 1 2 2 1 0 1 1 1 2 0 0 2 0 1 1 1 1 2 0 1 2 2 2 1 1 1 1 1 1 1 1 1 1 1 1 1 2 1 0 0 1 0 1 0 1 1 1 0 2 2
1 0 1 0 0 1 1 1 0 2 1 1 0 1 1 1 2 2 2 1 1 2 1 1 1 1 1 0 1 1 1 0 1 1 1 2 1 1 2 2 2 2 2 1 1 2 0 1 2 1 2 2
0 0 0 2 1 1 2 2 1 2 1 1 2 1 1 2 1 1 2 0 1 1 2 1 1 1 0 2 2 2 1 0 2 0 1 1 2 1 1 1 1 0 1 0 2 2 1 1 1 0 1 1
0 0 0 1 0 2 2 2 1 1 0 0 1 2 0 1 0 2 2 2 1 2 1 0 1 1 2 0 1 1 0 1 1 0 0 1 2 1 1 1 1 2 2 2 1 2 1 1 2 0 1 1
1 1 0 1 1 2 1 2 0 0 1 2 2 1 2 1 1 1 1 2 1 1 1 1 0 1 2 1 1 2 2 1 1 1 1 2 2 1 1 0 1 1 0 1 1 0 1 0 0 1 1 2
1 1 0 0 0 1 1 1 1 2 0 1 1 2 1 2 2 0 0 1 1 1 2 1 1 1 1 1 0 2 0 0 0 1 1 1 1 0 0 1 2 1 2 2 1 1 1 2 1 1 1 1
2 1 1 2 1 2 0 1 1 1 2 1 1 1 0 1 1 1 0 0 0 0 1 2 1 0 0 1 1 1 2 1 1 2 1 1 1 2 0 1 0 0 1 1 1 1 0 0 1 0 1 1
0 1 0 1 1 1 1 1 1 1 1 1 1 0 0 1 2 1 0 1 1 1 2 0 1 1 1 2 2 0 0 0 1 1 0 1 0 1 1 1 1 1 1 2 1 1 1 2 0 1 2 1
1 1 1 1 2 1 1 1 2 1 1 1 1 0 2 1 1 0 2 1 0 2 1 0 0 1 2 1 1 1 0 1 1 1 2 2 0 2 2 1 1 0 1 0 1 1 1 1 0 0 1 1
0 1 1 1 1 0 0 2 1 1 2 0 0 1 2 1 1 1 2 2 1 0 1 1 1 2 1 0 2 0 0 0 1 0 0 1 1 0 1 2 2 1 2 2 2 2 1 2 1 1 2 1
16 14 22 22
16 34 44 83 109 114 105 141 149 185 191 218 275 297 335 277 394 356 314 472 351 456 409 409 583 529 484 578 669 479 722 566 727 668 654 730 726 712 894 826 720 936 772 960 811 943 1047 1076 930 888 1090 1156
