52
30
1 1 1 1 2 1 0 1 1 0 1 2 1 1 1 0 1 0 1 0 1 1 1 0 0 1 2 2 1 2 2 2 1 1 1 1 1 2 0 0 1 0 0 0 2 1 1 1 0 1 2 1
1 1 0 1 0 1 1 1 0 0 0 0 0 2 2 2 2 1 1 0 2 1 0 0 1 2 2 2 1 1 0 0 1 1 0 1 0 1 1 2 1 2 2 1 2 1 2 1 1 1 2 1
1 1 1 1 2 0 1 1 2 0 1 2 1 0 1 0 1 0 2 1 2 1 2 2 1 1 2 2 2 2 1 1 0 1 0 1 2 1 2 1 1 1 0 1 2 1 1 1 2 0 2 1
0 0 0 1 1 1 2 0 1 2 1 1 0 1 1 1 0 2 2 1 2 2 2 0 1 0 1 0 1 1 1 1 0 0 1 0 1 1 1 2 2 0 1 2 2 1 0 2 1 2 1 2
1 2 1 1 0 1 1 1 2 1 2 2 2 1 1 0 0 1 1 0 1 1 0 1 1 0 2 1 0 1 1 0 0 1 2 2 0 2 2 1 1 0 2 1 1 1 0 0 2 1 0 1
0 0 2 0 1 0 1 1 0 0 0 0 0 2 1 2 0 1 1 1 1 2 1 2 1 2 1 1 2 0 1 1 1 0 1 0 1 0 0 1 2 2 2 1 1 1 2 0 1 2 1 1
1 1 2 1 2 2 2 0 0 1 1 0 1 2 2 1 1 1 1 0 1 1 0 0 0 1 1 2 2 1 2 2 1 0 0 2 1 1 2 0 2 1 1 0 1 1 0 1 1 1 0 2
1 1 1 0 1 2 0 0 0 1 1 1 1 2 1 1 1 2 1 2 0 1 1 1 2 0 1 1 1 2 0 0 1 1 1 1 1 1 1 2 1 2 2 2 1 0 2 1 2 2 1 0
0 0 0 1 0 2 2 2 2 2 0 1 1 2 0 1 1 1 1 1 1 2 1 2 0 2 0 1 1 2 1 1 2 0 2 1 2 0 1 2 2 1 2 0 0 1 2 0 1 0 2 1
1 1 0 2 1 1 0 1 1 0 0 2 0 1 1 2 0 2 1 1 1 0 1 0 1 1 0 1 1 2 0 1 0 1 1 0 1 0 1 2 2 0 1 1 1 0 0 2 2 1 2 1
2 1 0 1 0 2 1 1 1 1 1 0 1 0 0 2 1 0 0 0 1 1 1 2 2 0 0 1 2 2 1 1 1 1 1 1 2 2 2 1 0 0 1 1 0 1 1 1 0 1 1 2
1 1 0 2 2 1 1 1 1 1 2 1 0 1 1 1 2 2 2 1 1 1 2 2 0 1 0 1 0 0 1 0 2 2 1 1 1 1 1 2 1 1 1 2 0 1 2 2 1 1 2 1
2 0 2 1 1 2 1 2 2 1 1 1 1 0 1 0 1 2 2 1 1 1 1 1 0 0 1 1 1 1 0 1 0 1 1 2 2 1 0 2 0 2 1 1 1 2 0 1 0 2 2 1
1 1 0 2 0 1 1 1 1 0 0 1 1 1 2 1 2 1 0 1 2 0 2 2 2 1 1 0 2 0 1 0 0 1 1 0 0 1 1 0 1 1 1 1 2 2 0 2 1 1 1 2
1 0 1 0 2 1 2 2 2 2 1 0 1 1 1 1 1 2 0 2 1 1 2 0 2 2 1 1 2 1 2 2 1 0 2 1 0 1 1 1 2 2 1 0 1 1 0 1 2 1 1 0
1 1 0 1 2 1 2 1 0 2 0 0 0 2 1 1 2 1 2 1 0 0 1 1 1 2 1 1 1 0 0 0 0 2 1 0 1 0 0 2 0 2 1 1 1 1 0 0 1 0 2 1
1 0 1 2 2 2 2 1 2 2 1 1 0 1 0 0 1 0 1 2 1 1 0 0 0 1 1 1 2 2 2 1 1 2 2 2 2 1 1 2 1 1 0 0 1 1 1 2 0 1 1 1
0 1 1 1 2 1 0 2 2 1 0 1 1 1 1 1 1 1 0 1 1 2 2 2 0 0 2 1 1 1 1 1 1 0 1 2 0 1 1 1 0 0 1 1 0 0 1 2 2 2 0 1
1 2 2 1 2 2 1 1 0 2 2 1 0 1 2 0 0 1 1 0 1 1 2 0 1 0 2 1 2 1 2 1 1 1 1 2 1 1 1 0 0 0 0 0 1 1 0 1 0 1 1 1
1 0 1 0 2 0 1 2 0 0 1 2 1 1 0 1 1 0 1 1 1 1 1 1 2 2 0 1 0 0 0 1 1 1 2 1 1 0 1 2 1 1 1 1 0 2 1 1 2 1 1 1
0 1 0 2 2 1 2 0 2 1 1 2 0 0 1 1 0 1 1 1 0 0 1 2 1 1 2 1 2 1 2 2 1 1 2 2 1 1 1 1 0 1 0 0 2 1 0 0 0 2 2 1
0 0 1 1 2 1 0 2 2 0 1 1 0 0 1 0 2 1 0 0 2 0 0 2 1 2 2 1 1 1 1 0 0 0 1 1 1 0 0 2 1 0 1 1 2 2 2 1 2 0 2 1
1 2 2 0 0 2 2 0 1 1 0 2 2 0 1 1 0 0 1 2 1 1 1 1 2 0 1 0 1 1 1 2 2 2 1 1 2 1 0 1 1 0 1 2 2 1 0 2 0 1 1 0
0 0 1 1 0 1 0 1 1 1 0 1 0 0 1 2 1 1 1 2 1 2 1 2 2 0 0 0 0 1 1 1 1 0 0 1 2 0 1 2 1 0 2 2 2 1 2 1 2 1 2 1
0 0 0 1 2 1 1 1 1 1 2 1 2 0 1 0 1 1 1 1 2 0 0 1 0 0 1 1 2 2 1 2 1 2 2 1 1 2 0 0 1 1 0 1 1 0 0 1 1 1 0 1
0 1 2 0 1 1 0 0 1 2 1 2 2 1 0 2 1 1 0 1 1 1 1 2 1 2 1 0 1 1 0 0 0 1 0 1 2 0 1 1 2 2 0 2 2 1 1 1 1 2 0 2
0 1 1 2 0 2 2 2 1 2 1 2 1 1 2 1 0 1 1 1 1 1 0 0 0 0 1 2 1 1 1 0 1 0 0 2 2 1 1 1 1 1 0 0 1 0 1 0 1 1 1 1
1 1 2 0 1 0 2 1 1 1 1 1 1 1 0 1 1 1 2 1 1 2 0 1 2 1 1 1 2 0 1 0 0 1 1 0 0 1 1 2 1 2 1 0 0 2 1 1 2 1 1 1
1 2 1 1 2 2 1 2 2 2 1 2 1 2 1 0 0 1 0 1 1 1 0 1 0 1 2 1 2 1 1 1 1 0 1 1 1 2 1 0 2 1 1 1 1 0 1 1 0 1 2 2
1 0 0 0 0 1 2 1 1 0 1 1 1 1 1 2 2 0 0 1 0 1 0 1 2 2 1 1 2 1 1 2 0 1 1 1 0 1 1 2 1 1 1 0 1 1 0 1 2 1 2 1
11 7 15 14
20 50 63 104 107 158 212 212 250 276 331 337 392 434 412 441 570 616 525 499 492 593 554 692 776 773 703 692 844 1044 844 1097 1053 954 1029 1023 936 1033 936 1091 1147 1035 1203 1411 1262 1242 1431 1486 1200 1309 1658 1290
