52
20
1 1 1 2 1 1 1 1 1 2 1 0 1 0 1 1 0 2 1 1 2 1 1 2 1 1 1 1 1 1 2 2 1 1 2 2 1 2 1 0 0 1 1 1 0 1 2 1 0 1 1 0
1 0 0 1 2 0 0 1 1 0 0 0 2 2 2 1 2 1 1 1 2 1 0 2 1 1 1 0 0 0 1 2 1 0 0 1 0 2 0 0 2 2 1 1 1 1 1 1 2 0 1 2
0 1 2 1 1 2 0 1 1 1 0 1 1 1 0 1 1 0 0 2 1 1 0 2 1 0 1 1 1 1 1 1 2 1 2 2 2 2 1 1 2 1 1 1 2 1 1 2 0 1 0 1
1 2 0 1 2 2 1 1 0 0 0 2 1 2 1 1 1 1 2 2 1 2 2 2 0 1 1 1 2 0 0 1 1 2 1 0 1 0 0 2 1 1 1 0 0 0 1 2 1 2 1 1
2 2 1 1 2 1 1 2 1 2 1 1 1 2 2 0 0 1 0 1 2 1 2 1 1 0 1 0 1 2 1 2 1 2 1 2 2 1 0 0 0 1 0 0 0 2 0 0 1 1 0 0
0 0 1 1 0 0 0 2 1 0 2 0 1 1 2 2 2 2 0 1 2 0 2 1 1 1 2 0 1 0 1 0 0 1 0 1 1 2 1 2 2 0 1 1 1 1 0 2 2 1 1 2
2 2 1 0 2 2 1 2 1 0 2 0 1 0 2 1 2 0 1 2 1 1 1 1 1 0 1 1 2 1 2 1 1 0 0 2 0 1 1 1 0 0 0 2 0 1 0 0 1 2 0 1
1 1 1 1 1 1 2 1 2 0 1 1 1 1 1 1 1 1 0 1 1 2 1 2 2 0 0 1 0 0 1 2 2 1 2 0 1 0 0 1 0 0 1 2 0 1 2 2 0 1 1 0
2 1 1 1 0 1 1 2 1 0 1 2 2 1 0 0 1 0 1 1 1 1 2 1 0 1 2 2 1 1 0 2 1 2 2 1 1 0 1 1 2 1 0 1 0 2 1 1 0 1 1 0
1 1 0 0 1 0 0 0 2 0 1 0 1 0 0 1 1 0 2 2 2 1 0 1 2 1 0 1 0 1 2 1 2 0 1 2 2 0 1 0 0 2 1 1 1 2 1 1 1 2 1 0
2 1 0 1 2 1 1 2 2 2 1 1 2 1 1 1 0 2 1 0 1 1 1 1 1 0 0 2 1 1 2 0 1 1 1 0 1 0 1 0 0 0 1 1 1 1 1 1 0 0 1 0
2 1 1 2 1 1 1 1 1 1 1 1 1 1 2 1 2 2 1 2 1 1 0 0 1 1 1 1 2 1 1 1 2 0 1 0 0 1 0 2 2 0 0 2 1 1 2 2 2 1 1 2
1 0 1 1 2 1 2 2 2 2 2 0 1 0 1 0 0 0 1 0 1 1 0 0 1 0 1 0 2 1 2 1 2 1 2 2 1 1 2 0 0 0 0 1 1 1 0 0 1 0 0 0
1 1 1 1 1 0 1 2 0 1 1 1 1 0 1 2 2 1 2 1 2 1 0 2 1 1 1 0 0 1 0 0 2 2 1 0 1 1 0 1 1 0 1 1 1 1 2 0 1 1 2 2
1 2 0 0 1 0 0 2 1 2 1 2 2 2 1 0 1 0 0 0 1 0 0 1 0 0 2 2 2 1 0 0 0 0 1 1 2 1 1 1 1 1 2 2 1 1 1 1 1 1 0 1
0 1 1 1 1 1 1 1 1 1 1 2 1 1 1 1 2 2 1 1 2 1 2 2 2 1 0 1 1 0 1 2 1 0 0 1 1 0 0 1 1 1 1 1 2 0 1 1 1 2 1 1
1 1 1 1 2 1 2 2 1 2 2 1 2 2 1 1 0 1 2 1 0 1 0 0 1 2 2 2 1 1 1 1 2 2 2 1 2 1 1 2 1 1 1 1 1 1 0 2 1 0 0 1
0 2 2 2 0 1 0 2 0 2 1 0 0 1 1 1 0 2 1 1 2 1 2 0 1 2 1 1 1 0 1 0 0 0 0 0 1 1 2 0 1 1 0 1 2 1 1 1 1 2 1 1
1 2 2 1 0 1 1 1 0 2 2 1 2 2 2 0 1 1 1 1 0 1 0 0 1 1 2 1 1 2 2 2 2 0 0 0 2 1 1 1 0 2 0 1 1 1 0 1 2 1 1 0
1 0 0 1 1 0 1 1 0 1 1 1 1 2 1 2 1 1 1 1 2 1 1 2 0 1 2 1 2 1 2 0 1 1 1 0 1 0 1 2 1 2 2 1 1 1 1 2 2 1 2 0
16 11 9 23
23 44 66 91 101 121 123 145 209 234 185 282 321 236 286 383 396 412 441 369 451 421 470 450 618 467 540 485 713 595 625 609 811 663 785 689 866 624 666 706 747 948 836 949 724 1030 1121 1092 811 1115 868 845
