52
30
2 2 1 1 2 2 2 1 2 2 2 2 1 0 1 0 0 1 1 1 2 0 0 2 0 1 2 0 2 2 0 1 2 2 1 1 1 1 2 0 1 1 0 0 1 0 1 0 1 2 1 2
1 1 1 2 1 1 0 1 1 1 1 0 0 2 1 1 1 2 1 2 2 1 2 0 1 2 1 1 1 2 0 0 1 1 0 1 1 2 1 1 2 1 0 0 1 1 1 1 2 2 1 2
2 1 2 1 2 1 2 1 2 1 0 1 2 1 0 1 2 1 0 1 1 0 2 0 2 2 1 2 0 2 0 1 1 2 1 1 0 2 1 1 0 2 1 1 2 0 0 2 1 1 0 0
1 0 1 0 1 0 1 0 1 0 2 1 1 1 2 2 1 2 2 1 1 2 2 0 2 1 1 1 1 1 0 0 1 1 2 1 2 1 0 1 1 2 2 0 2 2 1 0 1 1 2 1
2 1 1 1 2 2 1 1 2 1 2 2 2 1 2 0 0 0 1 1 0 0 1 0 0 0 2 2 2 2 2 1 1 1 1 1 2 0 1 0 1 1 1 0 2 1 1 0 1 1 0 2
0 1 0 0 1 1 0 0 1 1 2 1 2 1 1 1 1 2 1 1 1 1 1 2 1 2 0 1 2 1 1 0 1 0 0 1 0 0 1 1 2 1 1 2 0 2 1 1 0 1 1 1
0 1 0 0 1 1 0 0 1 1 2 1 1 1 1 1 0 1 1 0 1 2 1 1 1 0 1 2 1 1 1 2 0 0 0 0 0 2 1 0 0 0 1 0 0 1 0 1 1 1 1 1
1 0 1 1 0 0 1 1 1 0 2 1 0 1 2 2 1 2 0 0 2 1 2 2 1 1 0 0 1 1 0 1 0 1 1 1 1 0 1 2 0 1 1 0 1 1 1 2 0 0 2 2
1 2 1 1 1 1 2 0 1 1 1 2 1 0 0 1 0 0 0 0 1 2 0 1 1 0 2 2 1 1 2 2 1 1 2 2 2 1 2 1 1 1 0 1 0 0 0 0 1 0 0 1
2 2 0 1 1 1 2 1 0 1 1 1 1 2 1 2 0 0 1 1 1 0 2 2 1 0 0 1 0 2 1 2 1 0 1 1 0 1 2 1 0 2 1 1 2 1 1 1 0 0 1 1
1 1 2 1 1 2 1 2 2 1 2 1 1 1 1 0 0 1 1 1 1 2 0 1 1 1 0 0 1 0 2 1 1 2 2 1 1 0 1 2 0 2 0 0 2 0 1 1 1 2 1 1
0 1 1 0 1 1 0 0 2 0 2 1 1 1 1 1 2 1 1 0 1 1 1 2 1 2 0 2 1 1 2 0 0 2 2 0 1 1 1 2 1 0 2 1 2 1 1 1 1 1 1 1
0 2 2 0 2 2 0 1 0 1 2 1 0 1 2 1 1 1 1 2 1 0 2 2 0 1 2 2 2 2 1 0 1 1 2 1 1 2 1 1 0 1 0 0 1 1 0 0 1 1 0 0
2 1 0 1 0 1 1 2 1 2 2 1 2 1 2 2 0 1 0 1 1 0 1 2 2 1 0 1 1 1 1 1 0 0 0 0 1 0 0 1 1 1 0 2 2 2 1 2 0 0 1 2
0 2 2 1 1 1 1 2 1 1 0 2 2 1 2 0 2 1 0 0 1 0 0 0 2 1 1 2 2 2 1 1 1 1 1 1 1 2 1 2 1 1 0 0 0 1 0 1 0 0 0 0
0 0 1 1 0 0 1 1 0 1 1 0 1 1 1 1 1 1 1 2 2 0 2 1 2 2 1 2 1 1 2 0 2 0 0 1 0 1 0 1 1 0 1 1 2 2 1 0 1 2 2 1
1 1 1 1 1 1 2 0 2 2 2 0 1 0 1 1 1 1 0 0 0 0 1 0 1 0 1 0 1 0 1 1 1 0 2 0 2 2 2 1 0 0 1 1 1 1 2 1 1 0 0 0
2 2 1 2 1 1 0 1 2 1 0 2 0 0 0 1 1 0 2 2 1 0 2 0 1 1 0 0 0 0 1 0 1 2 1 1 1 0 0 2 0 2 1 1 1 0 2 1 1 2 1 2
1 0 1 1 2 2 1 1 2 0 1 1 1 1 0 1 0 1 1 1 2 1 0 0 2 0 2 0 1 2 0 2 2 1 2 0 0 1 2 1 0 1 1 1 0 2 1 2 0 0 1 1
2 0 1 1 2 0 0 2 0 1 0 2 0 2 0 1 1 2 0 2 2 1 0 1 2 1 2 1 1 0 1 0 1 2 1 1 0 2 1 1 1 2 2 0 2 0 1 1 1 2 1 1
2 1 0 1 2 2 1 2 1 1 2 1 2 0 1 1 1 0 0 0 0 2 0 0 0 2 0 2 1 1 2 1 2 2 1 2 1 1 1 1 2 1 0 0 1 0 2 2 1 1 0 2
1 1 0 0 1 1 1 0 0 1 1 1 1 2 2 0 1 0 1 1 2 0 1 1 0 1 1 0 0 1 1 1 2 1 1 2 1 2 0 2 2 2 0 0 0 1 1 1 2 2 1 1
1 2 1 1 0 1 1 2 1 2 2 0 1 0 1 1 1 0 1 0 1 1 1 1 1 1 2 2 1 0 2 1 2 1 1 1 1 1 1 1 1 0 1 1 1 1 1 1 0 1 1 2
1 1 1 1 1 0 0 1 0 0 1 1 0 1 1 1 1 0 2 2 1 2 1 1 1 1 0 0 2 1 2 0 0 0 1 1 1 0 1 1 1 1 2 1 1 1 1 2 2 1 2 1
1 2 2 2 1 1 1 0 1 1 0 1 0 1 1 1 1 0 0 1 1 0 1 1 0 1 2 2 1 0 2 1 2 2 1 1 2 1 1 0 0 2 1 1 1 1 1 2 2 1 0 0
2 0 1 1 0 1 2 1 1 0 0 1 0 1 1 2 2 2 2 0 1 0 1 1 1 1 0 1 2 0 0 2 0 1 1 1 1 1 1 1 0 2 0 2 1 1 2 1 1 2 0 2
1 2 2 2 0 1 2 2 2 2 1 0 2 1 2 2 0 1 0 0 2 1 0 0 1 2 0 2 1 0 1 1 1 2 1 1 0 2 1 0 0 1 0 1 0 0 0 1 0 0 1 1
1 1 2 0 0 0 0 1 1 0 1 1 1 1 2 0 1 2 1 1 1 1 2 2 2 0 0 0 1 1 1 1 2 2 0 1 1 1 0 1 2 0 1 1 1 2 2 1 1 0 1 2
1 1 0 1 1 1 1 2 1 1 2 0 1 1 2 0 1 0 0 0 1 1 0 1 1 1 2 1 1 1 1 1 1 2 2 2 1 2 1 2 0 1 2 2 1 1 2 0 1 1 0 1
0 1 0 1 2 0 1 1 1 1 1 1 1 2 2 1 2 1 1 1 1 2 1 2 0 1 2 2 0 2 1 1 1 0 2 1 0 1 2 2 0 2 1 2 1 1 0 1 1 0 0 0
11 9 8 9
25 65 94 139 142 193 214 277 237 353 313 409 429 398 391 461 423 586 496 663 678 533 705 690 878 844 845 961 995 746 845 811 893 856 979 1203 925 1332 1029 1121 1042 1164 1437 1556 1308 1327 1558 1441 1424 1459 1367 1524
