52
20
1 0 0 1 0 1 2 1 2 2 2 2 0 1 1 1 0 1 0 0 1 1 1 1 2 1 1 2 1 1 1 0 2 2 2 1 1 1 2 0 1 0 1 1 1 1 1 1 2 0 0 1
2 2 1 1 1 1 1 2 1 0 2 2 1 1 2 2 2 2 1 1 1 0 2 0 1 1 0 1 1 1 0 0 2 1 0 1 0 1 1 1 2 2 2 2 1 1 1 1 1 1 0 1
1 1 1 1 1 1 1 1 1 1 1 0 0 1 2 2 2 1 0 1 0 1 1 2 0 0 1 2 2 1 1 0 1 2 2 1 1 2 1 0 0 1 1 1 1 2 0 1 0 1 0 0
1 1 2 1 0 1 1 1 1 2 1 0 1 1 0 2 1 1 2 2 2 1 1 0 2 1 2 1 1 0 1 1 1 1 1 1 1 0 0 1 1 0 1 2 2 0 0 1 2 0 2 1
1 1 0 1 2 2 2 0 2 0 1 1 0 1 0 0 1 0 1 1 0 1 1 0 0 1 1 2 0 1 2 2 2 1 1 0 1 0 1 0 1 1 1 0 1 0 1 1 1 1 1 0
0 0 2 1 2 1 0 1 0 1 2 1 0 2 1 1 0 1 2 2 1 1 1 2 0 2 1 0 0 1 1 0 1 1 0 1 1 1 0 1 1 2 2 1 0 1 1 2 0 1 2 2
2 1 2 2 1 1 1 1 1 1 1 0 1 0 1 2 2 0 1 1 2 1 1 0 1 1 2 2 2 1 2 2 1 1 2 1 1 1 0 1 2 1 0 1 0 1 0 0 0 0 2 1
0 1 2 0 2 1 2 1 1 1 0 0 1 0 1 2 1 2 1 1 2 1 1 1 1 1 1 0 1 0 1 1 0 1 0 1 2 1 1 1 2 2 1 1 2 1 1 1 2 2 1 0
0 1 1 0 2 1 1 2 2 1 2 2 0 1 0 1 2 1 1 0 1 0 0 0 0 1 1 2 2 2 2 1 0 2 1 2 1 1 2 1 1 1 1 0 0 0 2 0 0 2 2 0
1 0 2 1 0 0 1 1 1 1 2 1 0 2 1 2 2 1 1 0 1 1 1 2 1 0 0 1 0 1 2 1 1 1 0 0 0 2 1 1 2 1 1 2 0 1 0 2 1 2 2 1
2 1 2 1 0 1 1 2 2 2 0 0 1 1 0 0 1 1 1 1 1 0 0 1 1 1 1 1 2 1 0 1 2 2 1 2 1 1 1 1 0 1 1 0 1 1 2 0 0 0 2 1
2 1 0 1 1 0 1 0 0 1 0 1 1 1 2 1 1 2 2 2 1 2 1 1 2 1 0 0 0 1 0 0 1 0 0 1 1 1 1 1 1 2 1 1 2 1 2 1 2 1 2 1
2 2 2 1 1 1 2 1 2 1 2 2 1 2 0 0 0 1 1 0 2 1 1 1 0 1 1 2 0 2 0 1 2 1 1 1 1 1 0 2 1 1 1 0 0 1 1 1 0 0 1 1
1 0 0 0 1 1 1 1 1 0 1 1 1 1 0 1 1 2 0 2 1 0 1 2 1 1 2 1 0 2 0 2 1 1 1 1 2 1 0 2 1 1 2 1 0 0 1 2 1 1 2 1
2 2 1 1 2 1 1 1 2 2 1 2 2 1 0 1 0 2 2 2 0 1 2 2 0 1 0 1 2 1 2 1 1 1 2 2 0 1 1 0 1 1 0 1 1 0 2 0 1 1 1 1
1 1 1 0 0 0 0 0 0 0 1 1 0 1 1 2 2 1 1 1 0 2 1 0 1 2 0 1 1 1 1 2 2 1 1 0 0 0 0 2 1 2 2 0 1 0 0 2 1 2 2 1
2 0 2 1 1 1 2 0 2 2 0 1 0 0 2 1 0 2 2 0 0 1 2 1 2 0 2 2 1 2 1 0 0 0 2 2 1 1 2 1 1 1 0 1 0 0 1 2 0 1 0 0
1 2 2 1 1 0 1 0 1 0 1 1 0 0 1 1 1 2 1 1 0 0 1 1 1 2 0 0 1 1 1 1 1 0 1 1 1 0 1 0 1 1 2 0 1 1 2 0 1 2 1 0
1 1 2 2 0 0 2 0 1 1 2 2 0 1 1 0 1 0 2 1 0 2 1 0 1 1 1 2 2 2 1 2 1 0 0 1 0 2 1 1 2 1 0 1 1 1 0 2 1 0 2 2
1 0 1 0 1 1 0 1 1 2 1 0 1 0 1 2 2 1 2 1 1 1 1 1 1 1 0 0 1 1 0 2 1 2 0 0 2 0 0 1 1 1 1 1 1 1 1 2 1 0 1 2
15 15 18 11
24 38 55 83 123 124 171 146 176 218 235 230 276 294 305 285 386 291 355 350 493 385 373 482 411 501 461 614 637 528 668 563 592 696 829 622 609 624 676 805 920 826 878 719 908 1060 1038 770 1071 886 951 974
