52
30
1 1 2 1 1 2 0 1 1 1 1 1 2 1 1 1 1 0 1 1 0 1 1 2 2 0 0 0 0 1 1 1 1 2 2 2 0 1 1 2 0 2 1 0 1 1 0 1 1 0 0 1
1 0 1 0 1 1 0 1 0 0 2 2 1 2 1 1 2 1 1 2 1 0 1 0 2 1 0 1 1 1 0 1 0 0 0 0 0 0 0 1 1 2 2 1 1 1 2 2 0 0 1 1
1 1 1 2 1 1 2 1 0 1 2 2 2 1 0 0 0 0 1 1 1 1 0 0 1 0 1 2 2 0 0 1 2 1 2 1 2 1 0 0 0 1 1 2 2 0 0 2 1 0 2 0
1 1 2 0 1 1 0 0 0 1 0 0 1 1 2 2 2 1 2 1 1 0 0 0 2 0 0 0 1 1 1 1 0 0 1 0 0 1 1 1 1 1 2 1 1 1 2 1 1 1 1 2
2 1 1 0 1 1 1 0 2 1 1 1 0 0 2 0 2 1 1 1 2 1 2 0 2 0 0 2 0 2 2 2 2 1 1 1 2 2 2 1 1 1 0 1 0 0 0 1 0 2 2 0
1 0 0 0 2 0 2 1 0 1 0 0 1 2 0 0 1 2 0 1 1 2 1 1 1 1 1 0 0 0 1 0 1 0 1 1 1 1 1 2 1 1 2 1 1 1 2 2 0 1 1 2
1 1 0 1 0 2 2 0 1 2 0 2 1 2 2 1 0 1 1 1 0 2 1 0 0 0 1 1 1 1 1 2 1 1 1 2 1 1 1 0 2 0 0 1 0 1 1 1 2 2 2 0
0 2 1 0 1 1 2 1 2 1 2 1 0 1 1 1 1 2 2 2 1 2 2 1 2 1 0 0 1 0 0 0 1 1 0 0 0 0 0 2 1 0 1 1 2 1 2 2 1 2 1 2
1 2 2 2 1 2 1 2 0 1 0 1 2 1 0 0 0 1 1 1 1 1 0 1 0 1 1 0 1 1 1 1 0 2 2 1 2 1 0 2 2 1 0 1 1 0 1 2 2 1 1 0
1 1 0 1 1 1 1 0 1 0 1 0 1 2 1 1 0 0 1 2 2 1 1 1 2 2 0 1 1 2 1 2 2 1 2 1 0 2 0 1 1 1 0 0 2 1 0 1 2 2 2 1
1 2 1 1 1 2 0 1 1 0 1 2 1 1 0 1 0 0 2 1 1 1 0 0 1 1 2 2 0 2 2 0 2 0 1 1 0 1 1 1 1 0 0 2 2 1 1 1 1 0 0 1
1 1 1 2 0 1 2 1 0 0 1 1 1 1 2 0 2 2 2 1 1 0 1 2 2 1 1 1 1 0 1 0 1 1 1 1 0 1 1 0 1 0 1 2 2 0 1 2 2 0 1 1
0 2 1 1 0 1 1 1 2 1 1 1 1 0 0 0 0 2 0 1 1 1 1 0 0 0 1 0 1 2 2 2 2 2 1 0 1 2 2 0 0 0 1 1 1 0 0 2 2 1 1 0
1 0 0 0 0 0 1 0 0 1 0 2 0 2 0 1 2 1 2 1 1 0 1 1 2 2 1 1 2 0 0 1 0 1 0 1 1 1 0 2 1 0 2 2 1 1 1 1 1 2 0 0
2 1 1 2 2 1 2 1 1 2 1 0 1 0 1 1 0 0 1 2 1 1 0 1 1 2 1 2 1 2 1 1 2 1 1 0 1 1 1 1 2 1 1 1 0 1 2 2 1 0 2 2
0 0 1 0 1 1 0 1 1 1 0 1 0 1 2 1 0 0 1 1 1 1 0 1 2 2 1 1 0 1 1 1 1 1 0 0 1 0 2 2 2 2 1 2 2 2 2 2 2 1 2 1
2 1 1 0 2 2 2 1 1 1 1 1 2 0 1 1 2 0 1 0 1 0 0 1 2 2 0 1 2 2 1 0 1 2 0 1 1 1 1 1 1 2 1 1 1 1 1 1 2 2 1 0
1 0 1 0 0 0 2 1 0 1 1 1 1 2 1 2 1 1 2 2 1 2 2 1 1 2 1 0 1 1 1 0 1 1 1 1 1 1 1 1 2 1 1 2 2 1 2 1 1 0 0 1
2 2 1 0 2 1 2 1 1 1 1 2 1 0 1 2 0 2 1 1 0 2 0 1 2 1 1 2 1 1 0 2 0 1 1 1 2 1 0 0 1 1 0 0 0 1 0 1 1 1 1 0
0 0 1 1 1 1 0 1 1 1 1 0 1 1 1 1 0 2 1 2 1 1 2 2 2 1 0 0 1 0 2 2 0 0 0 1 1 1 1 2 1 1 1 2 1 1 1 2 2 2 2 1
2 1 2 2 1 2 2 0 1 1 1 1 2 2 0 1 1 1 0 0 1 1 0 1 0 1 1 1 1 1 1 2 2 1 2 2 1 1 1 0 2 1 0 0 2 2 0 2 1 1 0 0
0 0 0 2 0 2 0 1 1 1 0 2 1 1 1 1 2 2 1 2 2 1 0 1 2 2 0 2 1 1 1 0 1 1 1 2 0 0 1 1 2 1 2 1 2 0 0 1 1 1 1 2
0 2 1 2 1 2 2 0 1 1 0 0 2 0 1 1 2 0 1 1 0 1 0 1 0 1 1 1 1 2 2 1 2 1 1 0 1 1 1 1 0 1 1 1 0 2 0 0 1 0 0 1
2 0 0 0 1 2 2 1 0 1 0 1 1 0 2 1 1 1 1 1 1 1 2 1 2 2 1 1 0 0 1 0 1 2 1 1 0 0 1 1 2 2 1 0 1 2 2 0 0 2 1 1
1 2 2 1 2 0 1 0 1 0 1 2 1 0 1 0 1 0 0 2 0 1 1 1 1 1 2 1 2 1 1 2 2 1 2 1 2 2 1 1 0 2 1 1 0 0 0 1 0 2 2 1
1 1 0 1 0 1 1 1 1 2 1 1 1 1 2 1 1 1 0 0 2 1 1 2 2 1 1 0 1 1 1 2 0 1 2 1 0 0 2 1 1 1 1 1 0 1 2 1 1 1 1 1
0 1 2 2 0 1 1 1 1 1 2 1 0 2 0 1 1 1 1 1 2 0 1 0 0 1 2 1 2 1 1 2 0 2 1 0 1 2 2 1 1 0 0 1 1 1 0 2 1 0 0 0
0 0 0 1 0 1 1 1 2 2 1 0 1 1 2 1 2 2 1 1 1 1 2 2 1 1 0 2 1 1 1 1 0 1 1 1 0 2 0 1 1 2 2 2 2 2 2 2 1 2 2 1
0 1 2 0 1 2 1 1 1 1 0 2 0 1 0 1 1 1 1 0 1 1 0 1 1 1 1 2 1 1 1 2 0 1 1 1 1 1 1 1 1 0 0 1 1 0 0 1 0 0 0 0
1 1 1 1 2 1 1 1 0 0 0 1 1 2 2 1 1 1 0 0 0 1 1 1 1 1 0 1 1 2 0 1 0 1 1 1 0 0 2 0 0 1 2 0 2 1 2 1 0 2 2 1
19 19 25 14
29 60 80 120 140 154 189 269 278 235 339 391 361 440 432 499 524 437 469 568 661 621 718 671 825 760 650 694 719 929 1061 979 794 824 1111 941 1264 1107 1320 1254 967 995 1376 1106 1275 1513 1144 1323 1276 1333 1638 1641
