52
20
2 0 2 2 2 1 1 2 2 2 1 1 2 1 1 0 0 0 0 0 1 0 1 1 1 0 1 2 2 2 0 1 1 1 2 1 0 2 1 0 0 1 2 1 2 1 1 0 1 0 1 0
1 2 1 0 0 1 1 0 0 0 2 0 1 1 1 0 2 2 2 1 1 0 2 1 2 1 1 0 0 0 1 1 0 1 2 1 0 1 0 2 0 0 1 1 1 2 0 1 2 2 2 1
2 1 1 1 1 1 2 1 2 2 1 1 1 2 1 1 1 0 1 0 1 2 1 2 1 1 2 0 1 0 1 1 2 1 1 1 2 0 2 1 1 0 0 0 1 0 0 2 1 0 0 2
0 0 1 0 0 1 0 2 1 1 2 0 1 1 0 1 0 2 0 2 2 2 1 0 1 1 2 0 1 2 0 2 1 1 1 1 1 1 2 2 0 2 0 1 2 2 0 1 1 0 2 1
1 2 0 1 2 2 2 1 2 0 1 1 1 1 0 1 0 1 1 2 0 2 2 1 1 0 1 2 1 1 2 1 1 1 2 0 2 1 2 0 1 0 0 2 1 0 1 1 0 0 1 1
1 0 0 1 1 1 0 1 0 0 1 1 1 1 1 1 2 1 1 1 0 1 2 2 1 1 1 1 1 1 1 0 1 0 1 1 2 2 1 1 2 1 0 1 2 0 1 2 2 0 1 1
0 2 1 2 1 2 1 2 1 2 2 2 2 0 0 2 0 0 0 1 2 1 0 1 0 1 2 2 1 2 0 1 0 1 2 2 2 2 1 2 1 1 1 1 1 1 2 1 0 0 0 1
1 1 1 1 0 0 0 1 1 1 1 0 1 1 1 0 2 1 1 2 1 2 2 2 0 1 0 0 1 2 1 0 0 2 1 2 0 1 0 0 0 2 1 2 0 0 0 1 2 1 2 2
0 2 1 1 2 0 1 1 2 0 2 1 2 1 0 0 1 0 0 1 0 1 0 1 2 1 0 2 1 1 1 1 2 2 1 1 0 0 1 1 1 1 1 0 0 1 1 0 2 0 2 1
0 1 1 1 0 1 1 1 2 0 0 0 1 0 1 0 1 0 1 1 2 0 0 1 2 1 1 1 1 1 1 0 1 0 1 2 2 0 1 2 1 1 1 2 1 2 2 2 1 1 1 2
1 1 0 0 2 1 2 2 2 2 1 0 2 1 1 1 1 2 1 0 0 1 1 1 1 0 1 1 1 1 1 1 1 1 1 2 1 2 0 1 1 0 1 0 2 1 0 2 1 0 1 2
2 0 1 0 1 0 0 1 2 0 0 1 1 1 2 1 1 2 1 1 1 0 2 2 1 1 1 1 1 1 0 1 1 1 1 2 1 1 1 2 1 1 0 0 1 0 2 0 1 1 1 1
0 1 0 2 2 1 1 2 0 2 2 1 1 1 0 1 0 1 0 1 1 0 0 1 2 1 2 1 1 2 1 2 0 1 2 0 1 2 2 2 1 1 0 2 0 1 0 1 0 1 1 1
2 2 1 0 1 1 1 1 0 2 1 1 1 1 1 1 1 0 1 2 1 1 0 1 1 2 1 0 0 1 1 1 1 0 1 0 1 0 1 2 2 1 0 0 2 2 2 2 1 1 1 2
2 1 1 2 1 2 1 1 2 2 1 1 2 1 1 1 1 0 1 1 1 0 2 2 0 1 2 1 1 2 1 1 1 1 0 1 2 0 0 1 1 1 0 1 2 0 0 0 0 1 1 1
1 1 1 2 0 2 0 2 1 0 0 0 1 2 1 0 1 1 2 0 2 1 0 1 1 2 1 0 1 1 1 1 2 0 1 0 1 0 1 1 0 1 1 0 1 0 0 1 2 1 0 1
1 1 0 1 1 0 1 1 1 1 1 1 0 0 0 0 1 1 1 0 1 1 0 1 1 1 1 2 1 0 1 0 1 2 0 1 2 1 1 1 2 1 1 1 1 0 1 1 1 1 1 0
2 0 1 2 1 1 1 1 1 1 0 2 1 2 1 1 2 2 1 2 1 1 0 1 1 2 1 0 0 1 0 1 1 0 0 1 0 0 1 2 1 0 2 2 2 1 2 1 2 2 2 1
1 1 0 1 1 2 1 1 1 1 0 2 1 2 2 1 1 1 0 1 1 1 0 1 1 2 2 1 1 2 1 2 2 1 1 2 1 0 1 0 0 0 2 1 2 0 1 1 0 0 0 1
1 1 1 1 2 1 1 2 1 1 1 0 1 1 1 0 1 2 0 1 1 2 2 2 1 1 1 1 1 1 0 0 1 1 1 1 1 1 1 2 1 1 1 1 2 2 2 1 1 0 1 1
16 13 20 19
17 40 63 64 85 105 163 166 169 184 207 196 214 299 362 271 316 416 424 370 406 361 509 381 451 571 645 614 469 536 735 756 593 770 737 593 678 833 688 693 779 924 825 732 1031 733 978 880 806 827 1132 1076
