52
20
1 0 2 2 1 0 1 1 1 1 0 1 1 0 2 1 1 0 0 2 2 1 1 1 0 0 2 2 1 1 1 2 1 0 2 2 2 2 1 0 0 2 1 1 2 1 0 0 2 1 2 1
1 2 0 1 1 0 0 0 1 0 1 1 0 2 1 1 0 2 2 1 1 1 1 2 1 0 0 0 0 1 1 0 0 1 1 1 1 1 1 1 2 2 1 2 1 1 2 1 1 2 1 1
2 1 0 0 2 2 2 2 1 0 1 1 2 1 0 2 1 1 0 0 1 1 0 1 2 1 0 1 1 1 2 1 2 2 1 1 2 0 2 1 0 0 1 1 2 1 0 1 1 1 0 1
1 1 0 0 1 1 0 1 1 1 1 0 0 1 1 0 2 1 1 1 1 2 1 2 1 1 1 1 1 1 0 0 1 0 1 0 1 0 1 1 1 2 2 1 0 2 1 2 2 1 0 2
1 0 0 1 2 1 0 1 0 2 1 1 2 1 1 2 2 0 0 1 1 1 1 1 1 2 1 2 2 1 2 2 2 2 0 0 1 1 1 2 1 1 1 1 0 1 0 1 1 1 0 1
0 0 0 1 2 1 0 1 0 0 0 0 1 1 1 2 2 1 2 1 1 1 2 2 1 2 0 0 0 2 0 1 0 2 0 0 0 0 1 1 1 2 1 2 0 2 1 0 1 1 2 2
2 0 2 0 0 2 1 0 1 1 2 2 2 1 1 1 0 0 1 1 0 1 1 0 1 2 2 1 2 1 1 1 2 1 1 2 1 2 2 1 2 0 1 0 1 0 0 2 1 0 1 1
1 1 0 2 0 1 1 0 1 0 0 1 0 2 1 0 2 1 2 0 2 1 1 1 0 1 1 1 0 1 0 0 1 0 0 1 0 2 1 1 2 2 2 1 0 1 2 2 2 1 1 2
1 1 2 2 0 1 0 0 0 2 1 0 2 2 2 1 0 2 1 0 1 1 1 2 1 1 2 1 1 2 2 1 1 1 0 1 2 1 2 1 1 1 1 1 1 2 0 2 1 1 1 2
1 0 0 0 1 0 1 0 0 0 0 1 1 1 0 1 0 2 1 1 1 1 1 2 2 1 0 0 1 2 1 1 1 2 2 0 1 1 2 0 1 1 1 1 1 2 1 1 1 2 0 1
1 1 1 2 0 1 1 2 1 1 2 1 1 1 1 0 0 1 0 2 1 0 0 0 0 0 2 2 1 0 1 1 1 1 1 1 2 0 1 0 2 1 1 1 1 1 1 0 1 1 1 0
1 1 1 0 0 1 1 0 2 1 1 0 1 1 2 1 0 2 1 2 1 1 1 0 1 0 1 1 0 0 1 1 1 0 0 1 1 1 2 1 1 2 1 1 2 0 0 1 0 1 2 2
1 2 1 2 2 1 0 0 0 0 1 1 1 1 0 0 1 1 0 1 1 1 1 0 1 1 1 1 1 1 2 1 1 1 2 1 1 1 1 1 1 1 1 1 1 1 2 1 1 1 1 0
1 1 1 1 1 2 0 1 1 1 0 2 1 0 1 2 1 1 1 1 2 2 2 1 2 2 0 0 0 2 2 1 1 1 2 0 1 1 0 1 1 0 1 2 2 2 0 2 2 0 2 1
0 2 1 2 1 2 2 1 1 1 1 1 1 1 0 1 0 0 2 1 0 1 1 0 0 1 1 1 1 1 2 2 1 1 0 2 1 1 1 0 0 1 2 1 2 0 1 0 1 1 1 0
1 1 1 0 2 1 1 1 1 1 0 1 1 2 1 2 2 2 2 0 1 0 2 1 1 1 0 0 0 1 2 1 0 2 1 0 1 1 1 0 1 0 2 1 0 2 1 1 1 1 0 2
2 0 1 1 1 1 1 1 2 2 2 1 1 1 0 1 1 1 1 0 0 1 0 2 1 2 1 1 1 2 1 1 0 2 2 1 2 0 2 1 0 0 0 0 2 2 1 0 1 0 2 1
0 0 1 0 1 1 1 1 1 2 0 1 1 2 1 1 1 2 1 0 1 1 1 1 0 1 0 0 1 0 2 0 0 2 1 1 1 1 1 1 1 1 1 1 2 1 1 1 2 1 0 2
2 1 1 1 1 1 2 1 1 2 1 1 2 1 1 1 0 0 1 1 0 0 1 1 2 1 1 1 2 2 1 0 0 1 1 2 1 1 2 2 1 1 0 0 1 0 2 1 0 0 1 0
2 1 2 2 1 0 0 2 2 0 0 1 1 0 0 1 2 2 1 1 1 1 2 1 0 2 1 0 1 1 0 2 2 1 1 1 1 1 1 2 0 0 2 2 2 2 1 1 2 0 1 2
11 15 13 8
19 38 52 88 89 101 123 165 171 194 172 254 279 242 326 336 337 385 290 310 413 338 493 424 561 402 539 496 618 507 688 708 595 646 705 658 658 641 847 853 718 853 948 956 758 904 789 765 1073 974 860 987
