52
20
0 1 1 0 1 1 1 0 1 1 2 1 2 1 1 1 0 0 0 1 0 1 0 2 1 1 0 1 1 1 1 1 2 1 0 1 2 0 2 1 1 2 1 2 1 0 2 1 1 1 2 1
1 0 1 2 2 1 0 0 0 1 0 0 0 2 1 1 1 2 0 1 1 1 2 1 1 2 0 0 1 2 2 1 1 1 0 2 1 1 0 2 2 2 2 2 2 2 1 1 1 1 0 1
2 0 1 1 2 1 2 1 0 2 1 2 1 1 0 0 2 0 1 0 1 1 0 1 1 2 1 2 1 1 0 1 1 1 1 1 2 1 0 2 0 1 0 1 1 0 0 1 1 1 2 0
1 1 1 1 1 1 1 1 1 0 2 1 1 1 0 1 1 2 1 2 2 2 1 2 1 1 1 2 1 0 1 0 0 0 0 1 2 1 1 2 1 1 2 1 1 1 1 2 2 2 1 2
1 2 1 1 1 2 2 2 1 2 1 2 1 1 1 0 0 1 2 1 0 1 1 1 1 1 2 0 2 2 0 2 2 1 2 2 2 2 0 1 1 1 1 1 1 1 1 0 0 1 1 1
1 0 1 1 1 0 1 2 0 1 2 0 1 1 2 0 0 1 1 1 1 1 1 2 0 1 1 1 0 1 0 1 0 0 1 0 2 2 0 2 2 1 2 2 1 1 1 2 2 0 2 1
0 1 1 2 1 2 1 0 1 1 1 2 1 0 2 0 2 1 0 1 1 0 1 1 1 0 2 1 1 2 1 2 1 1 0 0 2 2 1 1 1 1 0 0 1 1 2 1 0 2 1 2
1 1 1 1 1 2 1 1 1 1 0 0 1 1 1 1 0 1 2 0 1 0 2 2 1 2 1 0 1 1 0 1 0 2 1 0 2 1 1 1 1 0 1 1 1 1 2 2 2 0 1 1
1 2 1 2 1 1 1 1 2 1 1 2 2 2 1 1 0 2 2 1 0 0 0 1 1 0 2 2 1 2 0 0 1 2 2 2 1 1 0 0 2 1 2 1 1 1 1 2 1 0 2 0
0 0 1 1 2 1 0 1 0 0 1 1 1 1 1 2 1 1 2 1 1 2 0 2 0 1 0 1 1 2 2 0 1 1 0 1 0 2 1 1 0 1 2 2 2 1 2 2 1 1 0 1
1 1 1 1 1 1 1 1 2 1 1 1 2 1 1 1 0 2 1 1 2 2 1 0 0 1 0 1 2 1 1 2 1 2 1 1 2 1 0 0 1 0 1 0 1 1 1 1 0 0 2 1
0 0 1 1 0 1 2 0 0 1 1 0 1 2 2 2 2 2 2 1 1 0 2 1 1 2 1 1 2 0 1 0 0 0 0 1 2 1 0 1 0 2 1 2 1 2 1 2 2 0 2 2
1 2 1 1 1 1 1 1 1 2 2 1 1 1 0 0 2 1 1 0 1 1 1 1 1 1 0 1 2 0 2 1 2 1 1 1 1 0 1 1 0 0 1 1 1 2 1 0 2 1 1 0
1 1 0 1 0 1 1 1 1 1 0 1 1 2 1 1 0 2 2 1 2 2 2 1 1 1 1 1 1 1 1 1 0 1 1 0 0 1 1 1 2 1 1 1 2 2 1 1 1 0 2 2
0 0 1 2 1 1 1 0 2 1 1 1 1 1 1 0 0 2 0 1 1 1 1 0 1 0 1 2 1 0 0 2 1 2 1 1 2 2 2 1 0 0 1 0 1 0 0 1 0 2 0 0
0 1 1 1 1 2 1 2 1 1 1 2 1 1 1 1 1 1 1 2 2 2 2 0 1 1 0 0 1 1 0 1 0 2 0 1 0 0 1 1 1 0 0 2 1 2 1 0 1 2 1 1
1 2 2 1 2 2 0 1 1 1 1 1 2 0 2 0 1 0 0 2 0 2 2 1 0 1 2 1 1 1 1 1 1 1 2 2 1 1 0 2 0 0 1 1 0 0 1 1 1 2 1 2
1 1 1 0 1 1 1 0 0 0 1 0 1 2 1 1 1 1 1 2 1 2 0 2 2 0 1 1 0 1 0 1 0 0 1 1 1 1 1 1 2 1 0 1 1 1 1 2 2 2 1 2
0 0 1 1 1 2 0 1 2 2 2 2 1 0 0 1 1 1 0 0 1 0 0 1 0 0 2 1 2 2 2 1 1 1 1 1 1 2 0 1 0 1 0 1 1 2 0 2 1 0 0 1
0 1 1 0 0 1 0 1 0 1 1 2 1 1 2 1 2 1 2 1 0 0 1 1 1 1 0 2 0 2 0 0 0 1 0 2 2 1 1 2 1 1 1 1 2 1 1 1 2 2 1 1
17 12 9 12
10 32 43 83 82 126 158 162 146 172 179 263 297 230 352 371 343 346 411 344 412 409 488 432 557 503 458 655 473 574 694 580 682 606 610 684 756 749 727 935 658 841 970 1019 886 1004 1089 1016 1024 1147 1207 1113
