52
30
1 2 1 1 2 1 2 1 2 1 1 2 1 0 0 1 1 1 1 0 0 0 1 1 0 0 1 0 2 2 2 1 2 1 1 2 2 1 2 1 1 2 0 2 1 2 1 1 0 2 0 2
1 1 1 0 0 1 2 2 1 1 1 1 1 2 1 1 2 0 1 2 2 2 0 0 1 0 1 1 0 1 0 2 1 1 1 1 0 0 0 0 1 1 2 2 2 1 1 2 0 2 1 1
1 1 2 1 1 2 2 0 1 1 1 2 2 0 0 0 0 0 1 1 0 0 2 0 0 1 1 1 1 2 1 1 1 2 1 2 0 1 0 2 2 0 0 1 1 0 2 0 2 1 1 2
2 1 2 1 0 1 1 1 1 1 0 1 0 1 2 1 2 1 2 1 2 1 1 1 0 2 1 0 1 0 2 0 1 0 1 1 1 1 1 0 1 0 2 1 1 2 2 2 0 0 1 1
0 1 2 2 2 0 0 1 1 1 1 1 2 0 1 1 1 0 1 0 1 0 1 2 1 0 2 1 1 2 2 2 0 0 1 1 0 2 0 0 2 0 1 0 1 1 0 1 1 0 1 0
0 1 1 1 1 1 0 0 1 2 1 0 1 2 1 1 0 1 2 1 1 0 1 1 1 1 1 2 1 2 0 1 1 0 2 1 0 1 0 2 1 2 2 1 1 1 0 0 1 2 1 1
1 1 1 1 1 1 1 1 2 2 2 0 1 1 1 1 1 0 0 2 0 2 0 1 1 1 0 1 1 1 1 2 0 1 1 0 1 2 2 1 0 1 1 2 1 0 1 1 0 0 1 0
1 1 1 0 2 0 1 0 1 0 0 2 2 1 0 2 2 1 1 1 1 2 1 1 1 1 2 2 1 0 1 0 0 2 0 2 1 2 0 1 1 2 0 1 1 2 1 1 1 1 0 0
1 2 2 1 2 1 0 2 1 2 2 0 0 0 2 1 0 1 1 0 2 0 0 1 0 0 1 2 1 2 1 1 1 1 2 1 2 1 1 2 0 1 1 1 1 0 2 1 0 0 1 1
0 1 1 0 2 0 1 0 2 1 1 1 0 2 1 2 2 0 1 1 1 1 1 1 1 2 1 2 1 1 0 1 1 1 1 1 0 1 0 0 0 0 1 2 1 1 1 1 0 1 1 1
0 1 0 0 2 2 1 1 2 0 1 0 1 1 0 1 1 1 1 1 2 1 0 1 1 2 2 1 1 1 1 2 2 1 0 2 1 0 1 0 0 0 0 1 0 1 2 1 2 0 1 1
1 0 0 1 1 2 2 1 1 0 0 2 0 0 1 1 1 1 2 1 2 1 1 0 1 1 1 1 2 1 0 2 1 1 1 1 1 2 0 0 1 2 1 2 0 2 2 2 1 0 0 1
2 1 1 0 1 2 1 1 0 1 2 2 1 2 0 1 1 0 1 1 1 1 1 0 1 1 0 1 2 1 2 2 0 2 1 1 1 1 2 1 1 1 2 1 2 1 1 0 2 1 0 1
1 1 1 1 1 1 0 1 1 1 1 2 1 2 2 1 2 2 1 1 1 2 1 2 1 0 0 1 0 1 1 2 1 0 0 1 0 1 0 1 2 1 1 1 1 2 1 2 1 1 1 1
2 1 1 1 1 2 1 2 1 1 0 2 0 2 1 1 1 1 0 1 1 0 1 2 0 1 1 2 1 1 1 2 1 0 2 1 2 2 2 0 1 0 0 0 0 1 2 1 0 1 2 1
1 0 1 1 1 1 0 1 1 1 0 1 1 1 1 1 2 2 1 2 1 1 2 2 2 1 2 0 0 1 1 0 0 1 2 2 1 0 0 1 1 0 1 2 2 1 1 2 0 0 1 2
2 2 2 2 0 0 1 1 2 2 0 2 1 1 2 0 1 1 0 1 1 0 1 1 1 1 1 2 1 2 0 1 1 1 0 1 2 0 0 1 1 0 1 0 0 0 0 1 0 0 1 1
1 0 0 1 0 0 1 1 1 1 1 0 1 2 1 1 2 1 0 0 1 1 1 1 0 1 2 0 0 1 0 0 0 1 0 0 0 0 0 1 2 1 2 0 2 2 0 0 1 2 1 0
1 1 2 1 2 2 1 1 1 1 1 1 1 1 1 1 0 1 0 1 0 2 1 1 1 1 0 2 1 2 1 2 2 0 2 1 1 2 1 0 0 0 1 2 0 1 0 1 2 2 2 1
2 1 1 1 1 2 2 1 0 0 0 0 0 1 2 2 2 1 1 0 1 2 2 0 2 2 0 0 0 1 1 1 1 2 0 2 0 1 0 1 2 0 1 1 0 2 1 1 2 1 2 1
0 1 1 2 0 1 1 0 1 1 2 1 2 1 2 2 1 0 0 1 1 1 0 0 1 1 1 1 1 1 1 1 2 2 1 1 2 1 2 2 1 1 1 1 2 2 1 0 0 1 0 2
0 0 0 1 1 0 1 1 2 1 2 1 0 1 1 1 2 2 1 1 1 2 2 2 1 2 0 2 0 1 1 1 1 1 0 1 1 1 1 1 0 0 0 1 1 0 0 1 1 1 2 2
1 2 2 0 0 2 1 1 1 2 1 2 0 0 1 1 1 1 2 1 2 1 1 1 0 2 2 0 0 1 2 2 2 1 1 0 1 2 1 1 0 0 1 1 1 1 0 0 0 2 1 1
2 1 2 2 0 0 2 2 0 1 0 1 0 2 1 2 0 2 2 0 1 2 2 1 1 0 0 0 1 0 2 1 0 0 1 0 1 0 0 1 1 0 2 2 2 2 1 1 2 1 2 2
2 1 0 2 0 1 2 2 1 2 1 1 2 1 0 0 2 0 2 2 0 2 1 1 1 1 1 1 1 2 2 2 1 1 2 2 2 1 0 1 1 0 0 0 0 1 1 1 0 1 0 1
1 1 1 1 0 1 1 1 2 0 1 1 1 1 1 1 1 1 2 1 1 2 1 1 1 1 1 0 0 0 0 0 1 0 1 0 0 1 0 1 1 2 1 1 2 2 1 1 1 0 1 1
2 1 1 1 1 1 2 1 2 1 2 1 1 1 0 1 1 1 2 2 1 1 1 2 0 1 2 2 1 1 2 2 2 0 1 0 1 2 0 0 0 2 1 2 0 1 1 1 2 0 1 2
1 0 1 0 1 1 0 1 1 0 0 1 2 1 2 1 1 2 1 1 0 2 2 0 2 1 1 1 2 0 1 2 1 1 1 0 0 1 0 2 2 1 0 0 1 2 1 1 1 0 1 2
2 1 1 1 2 1 1 1 2 2 2 2 1 0 1 2 1 1 1 1 0 2 1 1 0 1 1 0 1 2 2 1 2 1 1 0 1 1 2 1 1 0 0 1 1 0 1 1 1 1 1 1
1 2 1 1 0 1 1 0 1 0 1 0 0 2 2 2 2 1 2 0 2 1 2 1 1 2 1 1 1 1 1 0 2 2 1 0 1 1 0 1 2 1 2 1 1 1 2 1 1 0 2 1
13 6 14 12
35 61 101 101 156 188 205 202 232 345 370 438 473 357 397 526 485 643 702 593 661 742 620 787 853 932 882 701 817 1032 762 1029 990 874 1037 1179 989 1082 1266 1304 1228 1337 1072 1237 1152 1529 1234 1688 1294 1331 1226 1320
