52
20
2 2 0 1 0 2 1 2 1 1 1 1 1 1 1 0 0 1 1 0 0 1 1 0 1 2 2 2 2 2 1 1 1 1 2 1 1 0 1 2 0 2 0 2 0 1 0 1 1 1 1 1
2 1 1 0 0 0 2 1 1 0 1 1 0 2 1 2 2 1 2 1 1 2 2 1 1 0 1 2 0 1 2 1 0 1 1 0 1 0 0 2 1 2 0 1 1 2 1 0 1 0 1 1
2 1 1 2 1 1 0 1 1 1 1 1 1 1 2 1 1 0 0 2 1 1 0 0 1 1 2 2 2 2 0 1 2 1 1 2 2 1 2 1 2 1 1 1 2 1 1 0 1 0 0 1
0 0 1 1 1 1 1 2 1 2 1 1 0 1 1 2 1 1 1 1 1 1 1 1 2 1 0 1 2 1 0 0 0 1 2 1 1 0 1 2 0 1 2 1 1 2 1 1 1 2 1 2
1 1 1 1 1 1 1 1 2 2 0 1 2 2 1 1 2 2 2 2 2 2 0 0 1 0 1 1 2 1 1 1 2 2 2 0 1 1 1 2 1 1 0 0 1 1 0 1 0 1 2 0
0 0 1 0 1 2 1 0 0 0 0 0 1 1 1 2 1 1 1 1 1 1 2 0 1 1 1 1 1 0 2 2 1 1 0 1 1 2 1 1 2 2 2 0 1 2 0 0 2 1 2 2
2 0 1 0 1 1 2 1 2 2 2 1 0 1 0 0 2 1 0 0 0 2 2 0 1 1 2 1 0 1 2 2 2 2 1 1 1 1 1 1 1 1 1 1 1 1 0 1 1 0 0 0
2 0 2 1 2 0 0 0 1 1 1 1 0 2 1 2 1 1 1 1 0 2 2 0 2 1 1 0 2 1 1 0 1 0 0 2 0 2 0 1 1 1 1 2 1 0 2 1 1 0 1 1
2 1 0 2 1 1 2 2 1 2 2 2 1 1 1 0 0 1 1 0 1 1 1 2 2 1 1 0 1 2 1 1 1 1 2 0 1 1 1 2 1 0 0 1 0 1 2 1 0 1 1 1
0 1 2 1 2 1 0 0 0 1 0 2 0 1 1 0 2 2 2 1 2 1 2 1 0 0 0 1 0 1 0 1 0 2 0 1 2 1 1 2 1 2 1 2 1 2 2 2 2 2 2 2
0 2 1 2 0 1 2 0 1 0 1 1 2 1 0 0 0 0 1 1 1 0 1 0 1 1 1 0 2 1 0 1 0 1 2 0 2 2 1 1 1 1 0 1 1 0 1 2 1 1 1 1
1 0 0 2 2 0 1 1 2 0 1 1 1 2 2 0 1 1 1 2 2 2 1 0 2 0 2 1 2 1 1 2 1 1 0 0 1 1 0 2 2 1 1 2 2 0 0 2 1 2 1 1
2 2 2 2 1 2 1 1 0 1 2 2 2 1 1 1 0 1 1 1 1 0 1 1 0 2 2 1 2 0 2 2 2 2 1 0 1 1 0 0 0 1 2 1 2 1 0 2 0 0 1 1
1 2 2 0 2 0 1 1 0 0 2 0 0 1 1 2 2 2 1 2 1 1 2 1 2 2 1 1 1 0 2 1 0 1 2 2 1 2 1 2 2 1 1 1 2 2 2 1 1 2 2 2
2 2 1 1 1 1 0 2 2 2 2 1 1 2 0 1 1 1 0 0 1 0 2 1 1 1 0 2 1 2 1 2 1 0 2 1 2 2 2 1 1 1 1 2 0 1 1 1 0 1 0 0
0 1 1 2 1 0 1 0 1 0 2 1 0 2 1 1 1 1 2 2 1 2 1 2 0 0 2 0 0 0 1 0 1 0 1 1 0 1 1 2 1 1 1 1 2 1 1 1 2 2 1 2
1 1 2 1 2 1 1 1 2 1 1 1 0 1 2 2 1 0 1 1 1 1 0 1 1 0 1 1 2 1 2 1 0 1 1 2 0 1 1 2 1 2 2 1 1 1 1 2 1 0 1 1
2 1 0 0 1 0 1 1 2 0 0 0 1 1 2 2 0 2 1 1 1 2 1 2 0 2 0 1 1 1 0 2 1 1 0 0 1 1 1 1 1 1 0 2 2 1 0 1 1 1 1 0
2 1 1 1 1 0 1 2 1 2 1 2 1 1 0 0 1 0 1 1 0 1 2 0 0 1 1 0 1 1 0 0 2 1 2 2 2 2 1 2 1 1 1 0 1 0 1 1 1 1 2 1
1 1 1 0 1 0 1 0 0 2 0 0 1 0 2 2 1 1 2 1 1 2 1 0 2 1 0 0 1 2 1 1 0 0 0 0 0 1 2 0 2 1 1 2 1 0 1 0 1 1 0 2
11 13 7 8
28 48 52 87 101 99 142 164 195 165 205 229 269 316 292 343 293 348 450 408 444 507 477 469 514 464 650 509 484 541 705 678 557 777 659 725 747 682 894 867 731 980 1020 954 1108 915 961 889 921 1082 994 936
