52
20
2 1 1 2 2 0 1 1 2 2 1 0 1 1 1 1 0 0 1 1 1 2 2 0 1 0 1 2 1 2 1 2 1 1 2 1 2 1 1 1 1 2 0 0 2 0 0 0 1 0 1 0
0 1 1 1 2 1 1 1 1 0 1 1 0 1 0 0 2 1 1 2 1 2 2 1 1 1 1 0 2 1 2 0 0 0 0 1 0 1 1 1 1 1 2 2 2 1 1 1 2 1 1 1
1 2 2 2 2 2 1 2 2 2 1 1 1 0 2 1 1 2 0 1 0 1 0 2 2 0 2 2 1 2 1 1 2 2 2 1 1 2 1 0 1 1 0 2 1 1 1 0 2 2 2 0
0 0 2 0 0 1 0 0 1 0 2 1 0 2 1 1 1 1 1 2 1 1 1 1 1 1 1 1 2 2 1 2 0 1 2 0 2 1 2 2 2 0 2 0 2 0 1 1 1 1 0 1
1 0 1 0 2 2 2 0 2 1 0 2 1 1 1 1 2 1 0 0 2 0 2 1 0 1 1 2 2 1 1 1 1 1 1 1 2 1 1 1 1 2 0 1 0 1 1 0 1 0 1 2
1 1 2 1 1 1 2 0 0 1 1 1 0 1 1 1 1 2 2 2 2 1 2 0 1 2 0 1 1 1 0 2 0 1 1 2 1 0 0 2 1 0 1 1 0 2 2 1 1 2 1 0
2 0 1 1 2 0 1 2 2 0 2 1 2 0 0 1 0 1 0 1 2 0 1 0 1 1 1 2 2 1 1 1 1 2 2 1 2 2 2 1 1 1 0 1 1 0 2 0 1 1 1 0
0 0 1 2 1 0 1 1 1 1 0 0 2 1 1 1 2 1 1 1 1 2 2 1 0 1 1 0 1 1 1 1 2 2 0 0 0 1 1 1 0 2 2 2 2 1 0 2 1 1 2 0
0 1 1 2 1 1 1 2 1 1 2 1 0 1 1 1 1 0 1 1 0 1 1 1 0 1 1 1 2 1 2 2 1 2 1 2 2 2 1 0 1 1 0 1 0 1 0 1 0 2 1 2
0 2 0 1 0 0 1 1 1 1 1 1 1 0 1 0 2 1 2 0 1 1 0 1 1 2 1 1 0 1 0 2 0 0 1 0 0 1 2 1 1 2 1 1 0 1 1 2 2 2 0 0
2 2 2 1 2 1 1 1 1 2 1 1 2 0 0 1 0 2 0 1 0 0 2 1 0 0 2 1 1 1 1 1 1 2 1 1 0 0 2 1 2 0 1 1 2 2 0 2 1 1 0 0
2 1 0 1 1 1 0 2 2 0 0 0 1 1 2 2 1 1 1 2 1 2 1 1 2 1 0 1 1 0 1 1 0 1 1 0 2 1 0 1 2 2 1 2 1 1 0 1 2 1 0 1
2 1 1 2 2 1 1 2 1 2 2 1 2 1 1 1 0 1 0 1 1 1 2 2 2 2 2 2 0 2 1 1 2 1 2 0 0 1 0 0 2 1 1 1 1 0 1 0 1 1 0 0
0 1 1 0 1 0 0 0 1 1 1 1 1 1 0 1 2 0 0 1 1 2 1 0 2 1 2 0 1 1 1 2 0 1 2 1 2 1 0 2 1 1 1 2 2 1 1 1 1 2 1 1
1 1 1 1 1 1 2 2 0 0 1 1 2 1 0 1 0 0 0 1 0 0 1 1 1 1 1 0 1 0 2 2 2 1 2 1 1 0 0 0 0 1 1 1 1 0 1 2 1 1 0 1
0 1 1 1 2 0 0 0 1 1 1 2 0 2 2 2 2 2 0 1 2 1 1 1 2 1 1 1 2 1 1 1 0 0 1 0 1 1 0 2 0 2 0 2 1 0 1 0 1 2 1 2
0 0 2 1 1 2 1 2 0 2 0 2 1 0 1 0 0 1 0 1 2 1 1 1 1 1 1 2 1 1 0 2 2 1 1 1 0 1 2 1 1 2 1 0 1 2 1 0 0 0 0 2
0 1 1 0 0 0 1 1 0 1 1 2 1 2 1 2 1 0 0 1 1 1 2 2 1 1 0 0 1 1 1 0 1 1 0 1 1 1 0 1 1 1 0 1 0 2 2 2 0 1 1 1
2 1 2 1 1 1 1 2 1 2 1 1 1 1 0 1 1 2 1 1 1 2 1 1 1 1 1 1 2 1 1 2 1 2 2 2 2 1 2 1 2 2 1 1 1 1 1 0 1 2 1 0
1 0 1 1 1 2 1 1 0 2 0 1 2 2 0 0 0 2 2 1 1 1 1 1 1 1 0 0 1 0 0 0 2 1 0 0 1 1 1 1 1 1 2 2 1 1 0 2 1 1 1 2
12 17 16 7
14 38 50 73 120 103 132 153 168 180 203 289 268 310 260 287 295 429 315 387 344 386 431 542 407 564 468 576 620 609 634 606 691 619 851 793 842 835 954 858 762 893 818 954 976 968 1070 903 1185 1108 876 1154
