52
20
2 0 1 2 2 2 2 2 1 0 2 2 2 0 0 2 0 2 1 0 1 1 2 0 1 2 1 0 1 1 1 1 1 1 2 1 0 1 1 0 0 2 2 2 0 1 0 1 0 0 1 0
1 0 1 0 0 0 0 0 1 0 1 0 2 2 2 0 1 2 2 1 2 2 0 2 1 0 0 1 0 1 1 2 2 2 1 1 1 1 0 2 2 1 1 2 2 0 1 2 2 1 2 2
0 1 1 1 0 1 2 1 2 1 2 1 1 1 1 0 1 1 1 1 1 0 0 0 0 1 2 1 2 0 1 2 1 2 1 1 1 0 1 0 1 1 0 1 0 0 1 1 2 0 0 1
0 2 2 2 0 1 1 1 1 1 1 1 2 2 0 2 2 1 2 0 2 2 1 1 0 1 1 1 0 1 1 0 1 1 1 1 0 1 0 1 2 0 1 1 1 1 0 1 2 1 1 2
1 1 0 1 1 2 1 1 1 1 2 1 1 1 1 1 2 1 2 1 0 1 1 1 1 0 2 2 0 1 1 1 2 0 2 0 1 1 1 1 0 1 1 0 1 1 0 0 0 1 0 2
1 0 1 1 1 1 0 0 2 1 1 2 1 0 0 2 1 1 1 2 2 1 1 1 1 2 0 1 1 1 1 1 0 2 1 1 1 1 1 2 0 1 1 1 1 2 0 0 2 1 0 1
1 2 1 1 1 1 1 2 1 2 0 1 1 1 0 1 1 0 1 1 1 1 2 1 0 0 0 0 0 2 2 0 2 1 2 1 2 2 1 1 0 0 2 0 0 0 1 1 1 1 0 2
1 0 0 0 1 0 0 1 2 1 2 1 2 0 0 1 2 1 1 2 1 1 1 0 2 1 1 2 1 1 2 0 1 0 2 0 1 2 2 2 2 2 1 2 1 1 1 1 2 2 1 0
1 1 1 1 0 1 1 2 2 1 2 1 1 0 2 2 0 0 0 0 1 1 1 1 0 1 1 1 1 1 2 1 2 2 1 2 1 2 1 2 2 0 1 1 0 0 0 1 2 0 1 1
0 1 0 0 2 2 0 0 1 1 1 0 0 1 1 2 0 1 0 1 2 2 1 0 1 1 2 1 0 1 1 0 2 2 0 1 2 1 1 1 2 1 1 1 0 2 1 1 1 0 1 1
1 1 1 1 2 2 0 1 2 2 0 2 2 0 1 1 1 0 1 0 1 0 1 1 0 0 2 0 0 2 0 0 2 1 2 0 2 2 1 1 0 0 0 0 2 1 0 1 1 1 1 1
1 0 1 2 2 2 2 2 0 0 1 1 1 1 1 0 2 2 1 2 2 2 2 2 2 0 0 0 1 1 1 1 0 1 1 0 1 1 1 1 1 0 1 2 1 0 1 1 1 2 2 0
2 1 1 1 2 2 1 1 1 0 1 0 1 2 1 0 0 1 1 0 0 1 0 1 1 0 1 2 1 0 2 1 1 1 2 2 1 0 1 1 1 0 1 1 0 2 0 0 1 0 1 1
1 1 1 0 2 1 1 2 1 0 1 1 1 1 0 1 2 1 1 2 1 2 2 2 1 2 1 0 1 1 0 0 0 1 0 0 0 0 0 1 2 2 1 0 1 0 0 1 1 1 2 1
1 1 2 1 2 1 1 1 1 1 2 1 0 1 0 2 0 2 1 2 1 2 1 1 1 1 1 1 0 1 1 1 0 2 2 1 1 1 2 0 0 2 1 1 1 0 0 1 0 2 1 0
1 1 1 0 1 0 2 1 1 0 0 0 0 1 1 1 1 0 2 1 2 2 2 1 0 2 2 1 1 0 1 1 0 1 0 0 1 1 1 1 2 1 0 0 2 1 2 2 1 0 2 1
0 1 2 1 1 1 2 2 1 1 0 2 1 1 0 0 0 1 0 1 1 1 0 0 1 1 1 1 1 2 1 0 0 0 2 1 2 0 1 1 1 1 1 0 1 0 0 0 0 1 1 0
2 0 0 0 0 0 2 0 1 0 1 1 0 1 2 2 1 2 2 1 2 1 1 1 1 2 0 1 1 2 1 0 0 1 1 0 1 0 1 1 2 0 1 1 1 1 1 1 1 2 1 2
1 2 1 1 0 2 2 1 1 2 2 1 1 0 0 1 2 2 1 0 1 0 1 0 1 1 1 1 1 1 1 0 2 2 1 0 1 2 2 0 0 1 1 0 1 2 0 1 0 0 1 0
2 0 0 1 0 1 1 2 1 1 1 2 1 0 2 2 1 2 2 2 1 1 2 2 2 0 1 2 1 1 1 0 1 0 2 0 1 0 0 2 1 2 1 2 0 1 1 1 2 2 1 1
16 21 17 16
16 38 62 61 94 128 148 160 178 188 215 222 223 249 346 334 290 383 382 337 453 512 477 483 551 613 623 531 611 558 552 693 561 761 642 708 797 841 643 891 826 914 947 966 995 991 824 1077 792 801 1143 993
