52
30
2 2 1 2 2 0 1 2 1 2 2 1 0 1 0 1 0 1 1 2 0 1 1 0 0 0 1 2 1 1 1 1 2 2 1 1 0 0 1 0 1 0 0 1 0 1 0 0 2 1 1 1
1 0 0 1 1 0 0 0 2 0 0 0 1 2 1 1 1 0 1 1 0 2 2 1 0 2 1 0 2 1 2 1 0 0 1 1 1 0 2 2 1 2 0 2 1 2 1 2 2 1 1 2
2 1 1 1 0 2 1 1 0 1 2 1 1 0 1 0 2 0 1 1 1 2 1 0 0 1 2 1 1 1 0 1 1 2 0 2 2 2 1 1 1 0 0 0 1 1 2 1 1 0 0 1
1 1 1 0 1 1 1 2 0 1 0 1 0 2 2 1 1 1 2 1 1 2 1 0 1 2 2 0 2 0 1 1 0 0 1 1 0 1 1 1 0 1 2 2 1 2 1 1 2 1 2 1
2 2 2 1 2 2 1 2 1 2 2 2 2 1 0 0 1 0 1 2 2 1 2 0 0 0 2 1 1 2 1 1 2 1 2 1 1 1 2 1 2 0 2 2 1 2 2 1 0 1 0 0
1 1 0 0 1 0 1 1 1 0 2 0 2 1 2 1 1 1 1 2 1 2 2 2 2 1 0 1 0 2 0 1 0 1 1 2 2 1 1 2 1 2 1 1 0 2 1 2 1 1 1 2
1 0 2 0 2 2 0 2 2 0 2 1 1 0 0 1 1 1 0 0 1 1 1 0 1 2 1 1 0 2 2 1 1 2 2 2 1 2 0 2 2 2 1 2 0 0 1 1 1 1 1 2
1 1 0 0 0 0 1 1 1 1 1 0 2 0 1 2 0 1 2 2 1 1 1 1 1 1 2 0 1 1 0 1 1 2 1 1 1 0 2 1 1 1 1 1 2 1 1 2 1 0 0 1
2 1 2 1 1 0 1 1 1 1 1 1 2 1 1 0 1 0 1 2 1 0 0 1 1 1 1 1 1 2 1 1 2 1 2 1 1 1 2 1 2 0 0 1 2 0 1 1 2 0 2 1
1 1 1 0 1 1 0 1 0 1 2 1 0 1 1 0 2 2 2 2 1 2 1 1 1 1 2 1 1 0 2 2 1 1 1 0 1 0 1 2 0 1 0 1 2 1 2 2 1 2 0 1
0 0 1 1 2 1 0 1 1 1 1 1 2 1 1 1 1 0 1 1 1 0 0 1 1 0 2 1 1 2 2 1 2 0 1 2 1 1 1 0 2 2 1 0 1 0 0 2 1 1 0 1
1 0 1 2 2 1 1 2 1 1 2 0 0 1 1 1 2 1 0 2 1 1 2 2 2 0 2 2 0 1 1 1 1 0 1 1 0 2 1 2 1 1 1 0 2 1 1 1 1 2 1 1
1 2 1 0 0 1 1 1 1 1 1 2 2 0 1 1 1 2 1 1 1 0 1 1 1 0 2 1 0 2 2 1 0 1 1 2 1 1 2 0 1 1 1 1 0 0 1 0 1 0 1 1
1 1 0 0 0 1 0 1 1 1 2 0 0 1 1 1 1 1 1 2 1 0 1 2 1 1 1 1 0 2 0 0 2 0 1 0 1 0 0 2 1 1 2 1 0 2 2 2 1 1 0 0
2 2 0 1 0 1 0 2 1 0 1 0 0 1 1 0 0 1 1 0 2 1 0 0 1 0 1 2 2 2 2 2 1 1 2 0 1 0 1 1 1 2 2 0 1 1 1 1 1 1 2 1
1 1 1 0 0 1 1 0 1 1 0 1 1 2 0 2 2 2 2 1 2 1 1 1 0 2 0 0 0 1 0 1 1 0 1 0 0 1 1 2 0 0 1 1 1 2 1 0 1 1 2 1
1 2 1 1 2 1 1 1 1 1 1 1 1 0 1 2 0 0 0 1 0 0 0 0 0 2 1 1 2 2 2 1 1 2 1 2 1 1 2 1 1 2 2 1 0 1 0 1 0 2 2 0
2 0 2 0 1 2 1 1 2 1 0 1 0 1 1 0 1 2 1 1 2 2 2 2 2 1 1 1 1 1 0 1 2 0 1 2 1 1 0 1 1 1 2 2 1 2 1 1 1 2 1 1
1 0 1 0 1 2 1 1 1 1 1 1 1 0 1 0 0 2 1 0 0 1 1 1 0 2 1 2 2 2 1 1 1 2 1 0 1 2 1 1 2 0 1 1 0 0 1 0 1 1 1 1
0 1 1 1 1 0 1 2 1 1 0 2 2 2 1 1 2 1 1 2 2 2 1 0 0 1 0 0 1 2 1 1 2 0 2 1 0 0 2 1 2 1 1 2 2 2 2 1 2 1 2 0
2 1 1 0 2 1 1 2 2 1 2 2 1 2 0 2 1 0 1 1 2 0 1 0 2 1 2 2 2 1 1 0 1 1 1 1 2 1 1 1 0 1 0 1 2 0 1 0 1 2 1 1
0 2 0 2 1 0 2 0 1 1 0 1 0 1 0 2 2 0 0 1 1 1 1 2 1 2 1 1 0 1 0 0 0 1 0 1 0 1 1 0 1 2 2 0 1 1 1 2 2 2 2 1
1 0 2 2 0 0 2 2 1 0 1 1 2 2 0 1 1 0 2 1 2 2 1 2 0 2 1 1 2 2 0 0 0 1 2 2 1 2 2 0 1 1 1 2 1 1 0 0 0 2 1 0
1 2 0 1 0 0 1 1 1 0 1 0 2 2 1 1 1 1 2 1 2 1 2 1 0 0 1 0 1 0 0 0 0 1 1 0 2 0 0 2 2 2 2 1 2 1 1 2 0 0 1 1
1 2 2 1 1 1 2 0 2 1 1 2 2 0 1 1 0 1 1 1 1 0 1 1 1 2 1 1 2 1 1 1 2 2 2 0 0 1 1 0 1 1 1 1 1 1 0 1 1 1 2 1
0 1 2 0 0 1 2 1 1 2 2 1 2 2 2 2 0 0 2 1 1 1 0 2 1 2 0 0 0 0 0 0 1 1 0 1 1 1 1 2 0 0 1 2 1 1 1 1 1 1 2 2
1 1 1 1 1 1 1 1 2 1 1 1 1 0 1 0 1 2 1 0 2 1 0 1 0 0 1 2 1 1 0 1 1 2 2 1 1 0 1 1 2 1 1 2 0 2 0 0 1 0 1 1
1 2 1 1 1 0 1 1 1 1 2 0 0 1 1 2 2 0 1 1 2 2 1 1 2 0 2 1 0 0 2 0 1 0 1 1 0 0 2 1 0 1 2 2 1 1 1 2 2 1 1 1
1 1 1 1 1 2 1 1 1 2 1 1 1 0 2 1 2 2 1 2 0 0 2 1 1 1 1 1 2 1 1 0 1 2 2 1 2 1 2 1 0 1 2 0 1 0 0 1 1 1 1 1
1 0 0 1 0 1 1 0 0 2 1 1 2 1 2 2 0 2 0 0 1 1 2 1 0 1 1 1 2 1 1 2 0 1 1 1 2 1 1 2 0 1 1 2 1 2 2 2 1 2 2 1
12 8 16 6
31 65 84 92 124 141 175 255 295 241 360 400 320 358 380 439 449 443 557 704 757 735 704 805 672 674 960 753 771 868 820 945 879 1062 1160 884 1064 1334 1243 1404 1096 1089 1496 1428 1521 1431 1396 1679 1310 1429 1576 1516
