52
30
2 2 2 1 1 1 0 2 1 1 1 0 0 0 1 1 1 1 1 1 0 2 1 0 0 1 0 2 2 2 0 1 1 0 1 1 0 1 1 0 0 1 0 2 0 1 1 1 1 1 0 1
1 1 0 1 1 1 1 0 1 1 1 2 2 1 1 1 1 1 2 2 1 1 0 1 1 1 1 0 1 1 0 0 0 0 1 2 0 0 1 0 2 1 1 1 0 0 2 1 1 2 0 2
2 1 2 2 1 2 1 2 2 2 1 1 0 0 1 2 1 1 1 0 1 0 0 2 1 1 1 2 2 2 1 1 2 1 2 1 2 1 2 1 0 0 0 0 1 0 0 0 1 0 0 1
1 0 1 0 0 0 2 1 0 1 1 2 1 2 2 1 1 2 1 1 0 2 2 2 1 2 0 2 0 0 1 1 1 1 0 0 1 1 1 0 1 1 1 2 0 1 0 1 2 1 2 1
1 2 2 1 0 1 2 0 0 1 1 1 1 1 0 0 0 1 0 0 0 1 1 1 2 0 2 1 0 2 1 0 2 1 2 0 1 1 1 1 1 1 1 0 1 1 0 2 0 0 1 1
0 1 0 2 1 1 1 1 1 0 2 1 0 2 2 1 1 1 1 2 1 0 1 1 1 2 0 0 2 0 0 1 0 1 1 1 0 1 1 0 2 1 2 1 1 2 0 1 1 1 1 1
1 1 2 0 1 1 1 1 0 2 0 0 0 1 0 0 1 1 1 1 1 1 1 1 1 1 1 1 1 0 1 0 1 0 2 1 2 2 0 0 1 1 2 1 2 2 0 2 0 1 0 0
0 0 2 2 0 0 1 2 1 1 1 2 1 1 0 2 1 2 0 0 0 1 0 2 2 1 0 0 1 2 2 2 1 1 0 1 1 1 0 0 2 1 2 2 2 1 2 1 2 1 0 1
2 2 2 1 1 1 1 0 2 0 1 2 0 1 1 1 0 0 1 1 2 2 1 0 0 1 0 2 2 1 1 2 2 2 0 0 1 0 0 1 0 1 0 0 2 0 0 1 2 1 0 2
1 1 1 0 2 0 2 1 2 1 0 0 1 0 2 1 2 2 2 2 2 1 1 0 2 0 1 1 0 0 0 1 1 1 2 1 0 0 1 0 2 2 2 1 1 1 0 1 1 2 2 1
0 1 2 1 2 1 0 1 2 0 1 1 1 0 2 1 0 2 1 0 0 0 1 0 1 2 2 1 1 1 1 0 1 1 1 1 0 2 1 0 2 1 1 2 0 1 1 1 2 2 0 2
1 0 0 0 0 1 1 0 2 1 1 1 1 2 1 1 1 0 2 2 0 1 2 2 0 1 2 0 1 1 0 1 0 1 0 0 2 0 1 1 2 1 0 0 1 0 2 1 0 2 0 1
1 0 1 0 2 2 2 2 1 0 0 2 1 0 2 1 0 1 2 1 0 1 1 1 1 1 1 2 2 2 1 1 1 2 2 1 0 0 1 0 0 1 1 0 0 0 0 0 1 2 0 2
0 0 1 0 0 0 0 1 2 1 0 1 1 0 0 2 1 2 2 2 0 1 2 2 2 2 1 0 2 0 1 0 1 1 0 1 1 1 2 0 0 1 1 1 1 1 2 0 1 1 0 1
2 1 2 0 1 1 0 2 1 2 0 1 1 1 1 1 0 0 0 0 0 0 0 0 1 1 2 2 0 2 1 1 2 2 2 2 1 2 2 1 2 0 0 1 0 1 1 1 0 1 1 0
2 1 1 0 0 1 0 1 0 0 0 0 1 1 0 1 2 1 1 2 2 1 1 1 2 0 2 2 1 1 0 0 2 0 2 1 0 1 0 2 1 0 1 2 2 2 2 1 1 0 1 0
1 2 1 0 2 1 1 0 1 1 2 1 1 0 1 1 1 1 2 1 0 1 1 1 0 1 1 2 1 2 0 1 2 2 1 1 0 1 0 1 0 1 1 1 2 1 1 0 2 1 1 0
0 0 1 0 1 1 1 2 1 1 1 2 2 0 1 2 2 0 1 2 2 1 2 0 2 0 0 1 0 1 0 1 2 1 1 1 0 1 2 1 2 1 1 2 1 1 2 2 1 0 2 1
1 1 2 2 0 2 1 0 1 2 1 1 1 0 0 0 1 0 1 1 2 1 0 2 1 0 1 2 2 1 2 1 1 1 1 1 2 0 2 0 1 0 0 2 1 0 1 1 2 1 1 1
1 2 1 1 0 1 2 1 1 1 0 1 0 0 1 1 0 2 1 1 2 1 1 2 2 1 1 0 0 1 1 1 1 1 1 0 1 1 1 1 1 1 2 1 1 2 1 2 1 2 1 1
1 2 1 1 1 1 1 1 1 1 0 1 0 0 1 2 1 1 0 0 2 0 1 1 0 0 1 1 2 1 2 0 1 2 1 1 2 1 2 0 1 1 1 1 1 2 1 2 1 0 0 0
1 1 1 1 1 1 1 0 1 1 1 1 0 1 2 2 1 2 1 1 1 0 1 1 2 1 1 1 1 1 1 0 1 1 1 1 0 1 2 2 1 1 1 2 1 2 2 2 0 2 1 1
1 1 2 1 2 1 2 1 1 2 2 1 1 2 1 0 0 0 1 1 1 1 1 0 1 0 1 2 1 2 2 2 1 1 2 2 1 1 1 0 1 0 1 2 1 1 0 0 0 0 1 2
1 2 1 0 2 1 0 0 1 0 1 1 1 2 1 2 1 2 0 1 2 0 1 0 1 1 2 0 1 0 0 1 1 1 1 1 1 0 1 0 1 0 2 1 2 1 2 1 2 1 0 1
1 2 0 2 1 1 2 1 1 1 1 2 2 2 2 1 2 1 0 1 2 0 2 1 1 1 1 2 1 2 2 1 1 0 1 1 1 1 1 1 1 1 0 1 1 1 0 1 0 1 1 1
0 2 1 0 0 0 1 0 1 0 2 1 0 2 0 1 1 2 0 1 2 0 1 2 1 1 1 0 0 1 0 1 2 1 1 0 0 1 1 1 1 0 1 2 2 1 1 1 2 1 0 1
1 2 0 1 0 2 1 1 1 2 2 2 0 1 1 0 0 0 0 1 1 0 2 1 0 1 0 2 1 0 1 2 1 1 1 2 1 2 1 0 0 0 2 0 0 1 0 0 0 0 0 0
0 0 1 0 1 1 2 1 0 0 1 0 0 0 2 1 2 1 0 1 0 2 2 2 1 1 1 2 2 1 0 0 1 2 0 0 0 1 0 2 2 1 1 2 1 2 1 0 2 1 1 1
1 1 0 1 1 1 1 1 2 2 2 1 2 1 1 2 1 0 0 2 0 0 0 1 0 2 0 1 0 1 1 1 1 2 2 1 2 2 1 1 0 1 1 1 1 1 2 0 1 0 0 1
0 1 0 1 1 1 1 0 1 0 1 0 1 1 2 1 1 1 1 2 2 1 1 2 1 1 0 2 0 1 2 1 1 1 0 2 1 1 1 2 1 1 2 1 1 2 2 1 1 1 1 2
13 11 8 15
24 69 87 113 121 192 208 190 280 345 345 323 324 425 425 526 530 568 609 592 576 593 738 648 641 785 920 795 724 985 1001 987 1068 817 870 1262 1207 1003 1021 1235 1420 1054 1205 1408 1430 1283 1610 1384 1215 1457 1286 1573
