52
30
0 2 2 1 1 2 2 2 2 2 1 1 1 1 1 0 2 0 0 0 0 1 0 1 0 1 2 2 1 1 0 1 1 2 1 2 2 0 1 1 2 1 0 0 1 0 2 2 0 2 2 1
2 0 1 0 1 1 1 1 0 0 0 1 1 0 1 1 0 1 1 1 1 1 2 2 1 2 1 1 1 0 0 0 1 1 2 2 0 1 2 2 1 2 0 1 1 2 2 1 1 1 1 0
1 1 1 1 2 1 2 1 2 2 1 1 2 0 1 1 0 0 1 0 2 0 1 1 1 0 2 2 0 2 2 2 2 0 1 0 2 2 1 2 0 0 0 1 2 2 0 1 0 1 2 1
1 1 1 0 1 1 1 2 0 1 1 1 1 2 1 0 0 1 0 1 2 1 1 1 2 0 0 1 1 0 1 1 0 2 1 0 0 1 1 1 1 2 1 1 2 1 1 2 0 1 2 2
2 1 1 2 2 0 2 1 2 2 1 1 1 0 0 1 1 2 2 0 1 0 1 0 0 1 1 2 2 2 1 1 2 1 2 2 1 2 0 2 0 2 1 0 0 1 1 1 0 0 1 1
0 1 1 1 2 0 1 2 2 1 0 0 2 0 1 2 1 1 2 1 1 1 2 0 1 2 2 0 1 0 1 1 1 0 1 0 1 1 0 2 1 1 1 2 2 2 2 2 2 1 1 1
2 1 1 2 0 2 1 1 2 0 0 0 2 2 1 1 1 1 2 1 0 0 0 0 1 0 2 2 0 1 2 2 0 2 1 1 1 2 2 1 1 1 1 0 1 1 0 1 1 1 1 1
1 1 2 1 0 1 1 1 1 2 0 0 1 2 0 2 1 2 1 1 2 1 0 2 1 1 1 1 0 1 1 1 2 1 1 1 1 0 0 0 1 1 2 2 1 2 1 0 1 1 1 1
2 2 1 2 2 1 1 2 2 2 1 2 2 1 1 1 1 1 2 0 0 1 0 1 0 1 1 0 1 1 0 2 1 1 1 2 2 1 1 1 1 0 0 1 1 0 1 1 0 0 1 1
1 1 1 0 1 0 1 0 0 1 1 1 1 2 2 2 1 2 1 1 1 2 1 1 2 2 1 1 2 1 1 1 1 2 2 1 0 1 2 1 1 1 2 2 2 0 1 2 2 2 0 1
2 1 1 1 2 2 2 1 0 1 0 2 1 1 0 1 0 0 1 1 1 1 1 0 0 1 1 2 1 1 1 0 1 0 1 2 1 2 2 0 2 1 1 1 1 1 0 0 0 2 0 0
1 0 0 1 1 1 1 1 2 0 1 1 0 0 1 1 1 0 1 1 1 1 1 1 2 1 1 2 1 2 1 1 0 1 0 1 1 0 0 2 1 0 0 1 2 2 1 0 0 1 2 1
0 2 1 2 1 2 2 2 1 1 1 2 2 1 1 1 1 1 1 1 1 2 2 1 1 0 1 2 0 2 2 2 2 0 2 1 1 1 1 0 1 1 1 0 0 1 0 1 1 0 1 2
0 1 0 0 0 1 1 1 0 1 1 1 0 1 2 1 2 0 1 1 1 1 1 1 0 1 0 1 0 1 0 1 2 1 1 1 0 2 2 2 1 0 2 1 0 2 2 1 0 2 1 1
1 1 1 1 1 2 2 0 1 0 1 2 1 1 1 1 0 0 1 0 1 1 1 2 1 1 1 1 1 2 1 0 1 0 0 1 1 1 1 1 0 1 1 1 1 0 2 1 2 1 1 1
1 0 1 1 0 0 1 1 0 0 1 1 1 0 1 2 1 1 2 2 1 0 2 2 0 2 1 1 1 1 1 1 1 2 0 0 2 1 1 2 1 1 1 1 1 2 1 0 1 1 1 2
1 2 2 2 2 2 2 1 2 1 2 2 1 1 2 2 1 0 0 0 0 1 1 1 2 1 1 1 1 2 2 1 1 1 2 1 2 1 2 1 2 0 1 1 1 1 0 1 1 1 0 1
0 1 2 1 1 1 0 0 1 1 1 1 1 2 1 2 0 1 0 2 1 1 2 2 1 1 1 1 2 0 0 1 0 1 1 0 2 2 1 1 1 1 2 1 1 2 1 0 1 2 2 0
1 1 0 2 0 0 1 1 0 2 2 2 2 1 2 1 0 1 0 2 1 2 0 0 0 0 2 1 1 2 1 2 2 1 1 1 1 0 2 1 1 1 1 1 1 0 1 1 0 1 1 2
2 1 1 2 0 1 2 2 2 0 1 0 0 2 1 1 0 1 2 1 1 1 0 1 2 2 0 0 0 1 1 1 2 1 1 1 0 1 2 0 1 2 2 1 1 1 1 1 2 2 1 2
1 2 2 1 1 2 0 0 1 2 1 1 1 1 1 0 2 1 1 2 1 2 2 1 2 1 1 2 1 2 2 2 2 2 1 1 2 0 1 1 1 0 1 0 1 0 1 1 0 0 0 1
0 2 1 1 1 1 0 0 1 1 1 1 1 2 1 1 1 1 1 1 1 1 2 2 2 2 1 2 2 1 1 1 2 2 2 1 0 0 1 1 1 1 1 2 1 1 0 1 2 1 1 2
1 1 1 2 1 2 0 1 1 2 0 2 1 0 1 1 1 0 1 2 1 0 2 0 1 0 2 2 1 2 1 2 1 2 0 0 1 1 1 1 1 0 0 0 1 1 1 1 1 2 2 0
1 0 0 0 1 2 0 1 1 1 2 1 0 2 2 1 1 1 1 1 1 1 1 0 0 0 1 1 1 0 1 1 0 1 0 2 2 1 1 0 0 0 2 1 1 2 1 2 0 0 1 2
1 2 1 0 1 1 0 1 1 2 0 0 2 1 1 0 1 0 2 1 0 1 0 1 0 1 2 1 2 0 1 1 1 0 2 2 1 1 1 1 1 1 2 1 0 1 1 0 2 1 0 2
0 0 1 1 1 1 1 0 0 1 1 0 2 1 1 2 1 0 1 2 1 1 2 2 2 2 2 2 0 1 0 1 1 1 1 2 2 1 1 1 0 2 1 0 1 1 1 1 2 1 0 1
1 2 1 2 1 2 1 1 1 2 1 2 1 1 1 1 2 1 1 1 1 0 2 1 1 0 1 2 1 0 1 0 2 1 2 1 2 1 2 0 0 1 1 0 1 1 0 1 0 2 1 1
0 2 1 0 0 0 1 1 1 2 0 1 1 1 1 2 1 1 1 2 1 1 0 1 1 1 0 1 1 1 1 1 1 1 1 0 1 1 1 0 2 1 1 2 2 2 0 1 2 2 1 1
2 2 1 2 1 2 2 2 1 1 1 2 1 1 1 0 1 1 0 1 1 2 2 1 2 1 2 1 0 1 2 1 2 2 1 2 2 1 1 0 2 1 1 2 2 0 2 0 1 0 0 0
1 0 1 0 0 1 1 0 0 1 0 1 1 1 1 0 2 1 1 2 2 1 2 0 0 1 1 1 1 1 1 0 0 2 0 0 1 1 1 2 2 0 2 1 1 0 1 1 1 2 1 1
19 18 18 21
30 67 77 101 151 175 203 244 306 373 288 448 463 403 399 474 428 583 484 655 652 772 718 850 851 952 747 813 1053 802 981 871 997 1207 975 1210 1029 1199 1207 1443 1186 1401 1535 1138 1642 1266 1661 1314 1729 1430 1499 1794
