52
30
0 1 1 1 0 2 1 2 1 1 1 1 1 1 1 1 1 1 1 0 0 1 1 1 0 1 1 2 0 1 1 1 2 0 2 0 2 2 2 0 0 1 0 0 1 0 0 2 1 1 1 0
0 1 1 1 1 1 0 1 2 1 0 1 0 2 1 1 2 2 1 0 1 1 1 1 1 2 1 1 1 1 1 0 1 1 1 1 2 2 0 2 2 2 0 1 1 1 1 1 0 2 2 0
0 0 2 1 1 2 1 1 2 2 1 2 1 2 0 0 1 1 0 1 1 2 0 0 1 1 2 2 2 2 0 1 1 1 1 0 1 2 1 1 1 0 2 0 1 1 0 2 1 0 1 1
1 1 1 1 0 0 1 1 1 1 2 0 0 1 2 2 0 2 1 0 2 1 1 1 2 2 0 0 1 1 0 1 0 2 1 0 0 1 0 2 2 2 1 1 2 1 1 2 1 2 2 2
2 2 2 1 1 1 1 1 1 2 2 2 1 0 2 1 0 0 0 1 1 1 0 0 0 1 2 0 2 2 0 1 1 2 1 1 1 1 2 2 2 1 0 1 1 2 1 0 1 0 0 1
1 2 0 1 0 2 1 0 1 1 1 1 2 1 1 2 2 0 1 2 1 2 1 1 2 1 2 1 1 1 1 0 1 0 1 1 1 1 2 2 1 2 1 1 2 2 0 0 1 2 1 1
0 2 2 1 1 2 0 1 1 1 0 1 2 0 0 1 1 1 1 2 1 1 0 2 1 1 0 1 2 2 1 1 1 2 1 1 2 0 1 1 0 1 1 1 1 0 1 1 0 1 1 0
0 1 1 1 1 1 0 2 1 0 0 1 0 1 1 0 1 2 1 2 2 1 0 1 2 0 0 1 2 0 0 1 0 0 2 1 1 1 0 2 2 2 1 0 1 2 2 2 1 0 1 1
1 2 2 1 2 1 2 2 1 2 0 1 0 1 1 0 0 1 1 0 0 1 1 1 1 1 1 1 2 1 0 0 2 1 1 1 2 1 2 2 2 1 0 0 1 0 1 1 1 1 2 2
1 1 0 1 0 2 0 1 1 0 1 0 1 1 1 0 1 2 2 1 1 1 1 2 2 1 2 0 1 0 1 1 0 0 1 1 1 1 1 1 1 1 2 0 1 2 1 1 1 1 1 2
2 2 1 2 0 2 2 1 2 2 1 1 1 1 0 1 0 2 2 1 0 2 1 1 0 2 0 1 2 0 0 1 1 2 2 1 2 2 1 0 0 2 0 1 1 1 1 1 1 1 0 2
1 0 0 0 1 1 1 1 0 0 1 1 2 0 0 1 1 0 1 1 0 2 2 1 2 2 0 1 1 2 2 0 0 1 0 1 1 1 0 1 1 1 0 1 1 2 1 1 0 1 2 1
2 2 1 1 1 1 0 1 1 2 1 1 2 2 2 2 1 1 1 0 0 1 1 0 1 0 0 0 2 1 0 1 1 1 0 2 2 2 1 2 2 2 0 2 1 2 1 2 1 1 1 0
1 1 0 0 0 2 0 0 0 0 0 1 1 1 2 2 1 2 2 1 2 0 2 1 1 2 2 1 0 1 2 0 1 2 1 1 1 0 1 0 2 2 1 0 1 1 2 0 1 1 1 1
1 1 1 2 0 2 1 0 1 0 0 1 0 2 0 2 0 2 0 0 1 2 1 2 2 1 0 1 1 1 1 1 1 1 2 0 0 1 1 0 1 0 0 0 2 1 2 1 0 2 0 1
0 1 0 1 2 2 1 1 1 2 1 0 1 1 1 1 1 2 0 1 1 2 2 2 1 1 0 0 1 1 1 2 1 0 2 1 0 1 1 1 1 0 2 0 2 2 1 0 2 2 1 2
1 1 2 2 2 1 1 1 2 1 0 1 2 1 1 1 0 0 1 1 1 2 0 1 0 1 1 1 1 2 1 0 1 1 1 1 1 1 1 1 0 1 1 0 1 0 0 1 1 0 1 0
0 1 1 1 2 1 0 1 1 0 1 2 1 2 0 1 1 1 0 1 0 2 1 1 1 1 1 1 0 0 1 0 0 1 1 1 1 0 0 0 0 1 1 1 2 1 2 0 1 1 1 1
1 2 1 1 2 1 2 1 1 0 2 2 1 0 0 0 0 1 2 1 0 1 1 2 1 1 1 2 1 0 1 2 1 0 1 2 0 1 2 1 0 1 1 1 1 0 1 1 2 1 1 1
1 1 1 0 1 0 1 1 1 1 1 1 1 1 1 1 2 0 0 1 1 1 0 1 1 2 1 1 2 1 0 1 0 1 1 0 0 1 1 0 2 1 1 1 1 1 2 2 0 1 2 1
0 1 2 0 1 0 1 2 1 2 1 0 1 0 1 1 1 0 1 1 2 0 2 0 1 1 2 1 0 1 2 1 1 1 1 1 1 0 1 1 2 1 1 1 1 1 0 0 2 1 0 1
0 2 2 1 0 1 0 0 1 0 1 0 0 0 2 1 2 2 2 2 1 1 1 1 1 1 1 0 0 2 1 1 1 0 2 1 1 0 2 2 2 1 2 1 0 2 0 1 1 2 1 1
1 1 2 0 2 2 0 2 0 0 2 2 1 0 1 1 0 0 0 1 1 1 0 0 1 0 1 1 1 2 2 2 2 2 2 2 1 1 2 1 1 1 0 0 1 0 1 1 1 0 1 1
1 0 0 1 0 1 1 2 2 2 0 2 0 2 1 2 1 2 2 0 0 1 0 2 0 2 1 2 0 0 0 1 1 0 0 0 1 1 1 0 2 2 1 2 2 1 1 2 1 2 2 1
1 1 1 2 1 0 2 0 1 2 1 2 1 1 1 1 0 0 1 1 1 1 0 0 0 1 0 1 1 2 1 1 2 0 1 2 1 1 1 2 2 1 1 1 1 1 0 1 0 1 2 1
0 0 2 0 0 0 1 1 2 1 0 0 1 2 1 2 0 1 1 1 0 1 1 2 1 1 1 1 0 0 0 1 1 1 1 2 1 0 1 2 1 2 1 2 0 1 2 1 1 1 2 1
0 1 1 1 2 0 2 1 2 1 2 0 1 0 1 0 1 2 1 1 2 1 1 1 2 2 1 1 1 2 2 2 2 1 1 2 1 1 1 0 0 2 1 0 2 0 0 1 2 0 2 1
0 0 1 2 1 0 1 1 0 1 1 1 1 0 0 1 2 2 0 1 1 2 2 0 0 1 1 1 2 2 1 2 1 2 1 1 1 0 1 2 2 2 0 1 2 0 1 2 1 1 0 1
1 1 1 0 2 2 1 1 0 1 2 1 1 2 1 0 1 1 1 1 1 0 1 0 2 1 1 1 1 2 1 2 1 1 0 1 1 2 1 1 0 2 2 0 1 0 1 1 0 0 2 1
0 1 1 1 1 2 1 0 1 0 1 1 0 2 2 1 2 1 2 0 2 1 2 2 1 1 0 0 1 0 1 0 0 0 0 0 1 1 0 1 1 2 1 2 2 2 1 1 2 1 2 1
19 13 19 18
22 50 76 120 136 156 232 238 222 337 296 287 440 373 369 409 537 557 642 595 704 558 641 591 688 623 868 940 713 1025 878 890 1016 1187 916 1116 970 1016 962 1129 1311 1439 1058 1043 1086 1302 1218 1147 1438 1382 1409 1690
