52
20
1 1 0 1 1 1 2 2 2 2 1 2 1 0 0 0 1 2 1 2 0 2 0 1 1 0 2 1 1 1 2 1 2 1 1 1 2 1 1 2 1 0 0 1 2 0 0 0 1 0 1 0
0 0 0 1 1 0 0 1 1 0 2 0 1 0 1 1 0 2 1 2 1 1 2 1 1 1 0 0 0 1 1 1 1 0 1 1 0 1 0 1 2 2 1 1 1 1 0 2 2 0 1 1
1 2 2 2 1 2 2 1 2 1 0 0 2 2 1 0 1 1 1 0 0 2 1 1 0 1 1 1 2 1 1 1 1 0 2 2 1 0 2 1 0 1 1 0 2 0 1 1 1 2 0 0
1 0 0 0 0 1 0 0 0 0 0 0 1 1 2 1 2 0 1 1 1 1 2 2 1 2 0 1 0 1 0 2 1 1 1 1 1 1 1 1 1 0 1 1 2 1 2 0 1 1 2 1
2 1 1 2 0 2 1 1 2 2 1 2 1 1 0 0 0 1 0 0 1 0 1 1 1 0 0 2 0 2 2 2 1 2 1 2 1 2 1 0 2 1 1 2 1 1 1 0 2 1 0 2
0 1 0 1 2 0 2 1 1 1 2 1 0 1 2 2 1 0 1 0 1 2 1 1 1 2 2 0 1 0 1 0 2 1 1 1 0 1 2 1 1 0 0 0 0 2 0 1 2 2 2 1
1 1 2 2 2 1 0 1 1 2 2 2 1 0 1 2 0 1 2 2 0 2 0 2 1 0 2 0 0 1 1 2 2 1 2 1 2 0 1 2 1 1 1 1 1 1 1 0 1 0 1 0
1 0 1 0 1 1 0 1 0 0 2 2 1 2 1 2 1 2 1 0 2 2 1 2 0 1 1 0 1 0 1 0 0 1 0 1 2 2 0 2 1 2 0 1 0 1 1 1 0 1 1 1
1 2 1 1 2 0 1 1 2 1 2 0 2 1 1 0 1 1 2 2 1 1 1 0 1 1 1 2 1 1 1 1 1 0 2 1 2 1 1 1 2 1 1 0 2 1 1 0 1 1 0 0
0 1 0 0 1 1 1 1 1 1 2 1 1 2 2 1 1 2 2 1 0 1 1 1 2 0 0 1 1 1 2 0 1 1 0 1 1 0 1 1 2 1 2 2 2 2 0 2 1 2 1 0
1 2 0 0 2 1 2 1 1 1 1 0 2 0 1 1 1 0 1 1 0 0 0 1 0 2 1 1 2 2 1 2 1 1 1 1 0 1 2 0 1 1 0 0 2 2 1 2 1 1 1 1
2 1 0 2 0 1 1 1 0 1 1 2 1 1 1 1 1 2 0 2 1 2 2 2 2 1 1 0 1 1 1 1 0 1 1 2 0 1 0 2 0 1 2 2 2 1 1 0 1 2 0 1
0 1 2 2 1 2 1 0 1 2 1 2 0 1 0 0 1 2 2 0 1 2 1 0 1 2 1 1 2 1 2 2 0 2 2 1 2 1 1 1 1 1 1 1 2 0 1 0 1 1 1 1
2 0 0 1 2 0 2 1 1 2 0 1 0 1 0 2 0 1 1 2 2 1 2 2 2 1 1 2 0 0 1 1 0 0 0 1 1 0 0 1 1 2 1 1 1 1 1 1 0 1 1 1
0 1 1 1 1 0 1 1 1 1 1 2 1 1 2 0 2 1 1 1 0 1 1 1 1 0 2 1 1 2 2 0 2 2 1 0 0 2 0 1 0 1 1 2 0 0 0 2 0 2 0 1
0 2 1 0 0 0 2 2 0 1 0 2 2 1 1 1 1 2 1 0 1 1 1 1 2 2 2 2 0 1 0 0 1 1 1 1 1 1 1 2 1 1 2 2 0 1 2 1 0 2 0 2
1 1 2 2 2 2 1 1 1 2 0 2 1 0 1 2 1 1 0 1 0 0 2 1 1 1 1 1 1 1 0 0 0 1 1 1 2 1 2 0 0 1 1 0 0 1 1 1 1 0 1 0
1 1 1 1 1 1 1 1 1 0 2 1 2 1 0 1 1 1 1 2 1 2 1 1 2 2 2 0 0 2 1 1 1 0 1 1 0 1 1 0 0 2 1 1 1 2 2 1 2 2 1 1
0 2 2 0 1 1 2 1 2 0 0 2 2 1 0 2 1 2 2 0 1 0 1 2 1 0 2 0 1 2 2 1 1 2 0 1 2 2 1 2 1 1 1 0 1 0 0 1 1 0 1 1
1 0 1 0 2 0 1 2 1 1 1 2 1 2 1 2 0 0 2 1 0 1 1 1 0 0 1 1 1 1 1 0 0 1 1 2 1 0 1 1 0 2 2 1 0 1 2 1 1 2 0 2
15 18 15 13
16 28 55 71 106 93 134 159 174 203 262 286 289 334 344 331 367 298 425 424 394 443 550 408 548 503 642 564 619 716 666 760 663 801 578 826 701 686 912 765 821 985 842 1058 1080 769 1054 817 945 1082 855 1222
