52
20
2 2 0 2 1 2 2 2 2 2 2 0 0 0 0 0 2 0 1 0 0 0 2 1 1 0 2 1 2 1 2 1 1 1 1 1 2 2 2 1 0 2 1 2 1 0 0 1 1 0 1 1
0 1 0 2 2 1 0 1 1 1 0 1 2 2 1 1 2 0 1 0 2 0 1 1 2 1 2 1 1 1 0 1 0 0 0 0 2 1 0 1 2 0 0 1 1 2 2 2 2 2 1 2
1 2 1 1 2 1 2 1 2 1 1 2 1 1 1 1 1 2 0 0 0 1 2 1 2 0 1 2 2 1 2 1 2 0 1 1 0 1 2 1 0 0 1 1 1 0 1 1 0 0 2 0
1 1 1 2 1 1 0 1 1 1 1 1 0 1 2 1 1 1 1 1 2 1 1 1 2 2 1 2 1 1 1 1 1 1 1 1 0 0 2 1 1 1 2 2 0 1 1 2 1 1 1 2
1 1 1 1 2 2 1 2 2 2 2 1 2 1 2 1 0 2 1 1 0 2 0 0 2 0 2 1 2 1 2 2 2 0 2 2 0 1 2 0 1 0 1 0 2 1 1 1 0 0 1 1
0 1 0 0 2 0 2 1 0 2 2 0 1 1 1 2 1 2 1 1 1 1 2 1 0 1 0 0 2 1 2 0 1 2 1 1 1 1 1 1 1 2 1 1 1 1 1 1 1 1 1 0
1 1 1 2 2 2 1 2 0 1 1 0 1 1 2 2 1 2 1 0 0 1 1 1 0 0 1 1 1 0 1 1 1 0 2 1 1 0 2 1 0 1 0 1 0 1 1 0 1 1 1 0
0 1 0 1 1 0 0 2 2 1 0 1 1 1 1 1 1 2 2 0 2 1 1 1 2 2 1 0 1 1 1 1 0 0 2 1 1 1 1 2 1 1 1 2 1 2 1 2 1 1 2 1
1 0 2 1 1 1 1 1 1 2 1 1 1 2 1 1 1 0 0 0 0 1 2 1 1 0 2 1 2 0 1 0 1 2 2 2 1 2 1 0 1 1 1 1 1 0 0 0 2 0 1 1
1 1 1 1 2 0 1 2 0 1 2 1 2 1 1 2 1 2 1 2 1 1 2 1 1 0 0 0 0 2 1 1 1 2 1 1 0 1 0 2 1 2 1 1 2 2 1 1 2 2 1 1
2 2 2 2 1 1 2 1 1 1 0 2 0 1 0 0 2 1 1 2 1 2 2 1 2 1 1 1 1 2 1 2 2 2 2 1 1 2 2 1 2 1 0 0 1 0 1 1 2 2 1 1
1 1 0 0 1 2 0 1 0 1 1 0 1 2 1 1 1 0 2 0 2 1 1 1 1 2 0 1 1 0 1 1 2 1 2 1 0 0 1 2 1 1 1 2 1 2 2 0 1 2 1 1
2 2 1 2 1 1 1 2 1 2 2 1 0 0 0 0 0 0 1 1 0 1 0 0 1 1 2 2 2 2 0 1 1 2 2 0 1 1 1 1 1 0 1 2 0 0 0 1 0 2 2 1
1 2 0 0 1 0 0 1 0 1 1 1 0 2 1 2 1 0 1 2 0 0 0 1 2 1 0 1 1 1 2 0 1 1 1 2 0 1 2 1 0 1 0 1 2 2 1 1 1 0 1 1
0 0 1 2 1 1 2 1 1 0 2 0 2 0 1 0 2 0 0 2 1 2 1 1 2 0 1 2 2 1 0 0 1 2 1 0 0 2 1 2 2 1 0 0 1 1 0 1 1 0 0 0
0 0 2 2 0 2 1 1 1 0 0 0 1 2 2 1 2 0 0 1 2 1 1 1 1 1 2 0 0 1 0 1 2 1 1 2 1 1 1 1 0 1 1 1 2 1 1 0 2 1 2 1
2 0 0 2 0 1 1 1 1 2 2 2 1 0 0 1 0 1 0 0 0 0 1 0 1 0 2 2 0 1 1 2 0 1 1 2 0 2 1 2 0 1 1 2 0 1 1 2 0 1 1 0
1 2 0 2 0 1 0 1 0 0 1 1 0 2 2 2 1 1 0 1 0 1 2 1 2 2 1 0 0 1 1 1 2 0 2 0 0 1 1 2 1 2 1 1 0 2 0 2 1 2 2 2
2 1 1 1 0 1 1 2 1 1 1 1 1 0 1 0 2 1 0 1 1 0 0 0 1 1 1 2 2 1 2 1 2 2 1 1 2 0 1 0 0 1 2 0 1 1 2 0 1 1 0 2
0 2 1 1 1 0 2 1 1 1 2 0 0 1 2 1 0 1 1 1 1 1 0 1 1 2 0 0 1 1 0 1 1 0 0 0 0 1 1 1 1 2 1 2 2 2 1 2 1 1 2 1
19 28 20 26
20 48 45 97 113 129 155 153 177 238 209 267 304 252 323 291 379 446 367 357 344 403 544 388 433 452 593 614 652 505 718 642 697 711 586 729 674 674 894 850 948 852 926 951 1001 885 1057 1114 1111 1115 861 1059
