52
20
2 1 1 1 1 1 1 1 2 2 0 1 1 1 2 0 1 0 1 1 0 0 1 2 0 0 1 2 2 1 2 1 1 2 1 2 1 1 1 0 0 0 1 1 1 0 2 1 1 1 2 1
2 1 1 1 1 0 1 0 0 2 1 1 0 1 1 2 1 2 1 1 1 2 1 1 1 1 1 1 1 0 2 1 1 0 1 0 1 2 0 1 0 1 2 2 1 1 1 1 2 1 0 1
2 1 2 2 2 1 2 1 2 1 2 1 2 1 1 1 1 2 2 0 1 0 1 0 1 0 1 0 1 1 0 1 1 1 1 1 0 1 0 1 0 1 1 1 2 1 1 0 0 0 1 0
2 1 1 1 0 1 1 0 1 1 1 1 0 1 2 1 2 2 0 1 1 2 2 1 2 1 1 1 0 0 1 0 2 0 1 1 1 2 0 2 1 1 1 0 1 1 0 2 1 1 2 2
1 2 2 1 0 1 2 0 0 2 2 2 2 1 1 0 1 0 1 1 1 0 1 2 0 2 1 1 1 2 1 1 0 0 2 2 1 1 2 0 0 0 1 0 0 1 0 0 0 1 2 1
0 0 1 1 0 0 0 2 2 2 1 1 0 1 1 1 0 2 1 2 0 0 0 1 2 2 0 1 1 1 1 0 1 0 0 1 1 0 0 2 1 1 1 2 2 1 1 1 2 2 1 0
1 2 1 1 1 1 1 1 1 1 1 1 2 1 2 0 0 1 0 0 0 0 0 1 0 1 2 0 2 1 2 1 1 1 1 0 1 2 1 0 0 1 2 1 1 0 0 2 0 0 0 1
0 1 1 1 1 0 1 1 0 0 2 0 0 2 0 2 0 2 2 2 1 2 2 1 2 0 2 1 1 0 0 0 1 1 0 1 1 1 1 0 1 1 0 1 2 2 1 1 1 0 1 2
1 1 1 2 1 2 1 1 2 1 1 1 1 2 2 1 1 0 0 1 0 1 2 1 0 1 1 2 2 2 0 1 2 0 2 1 2 1 1 1 2 0 1 0 0 1 1 1 1 1 0 2
0 2 1 1 0 1 2 0 0 1 1 2 1 1 2 1 1 1 2 1 1 2 2 1 2 1 1 1 1 0 2 2 1 0 0 1 1 1 1 1 2 1 1 1 0 1 2 2 2 0 1 2
1 0 0 1 1 0 1 1 2 1 1 1 1 1 2 0 1 2 1 0 2 2 1 1 0 0 2 1 1 2 2 0 1 1 0 2 2 1 1 2 2 2 1 1 0 1 0 1 1 0 2 1
1 1 0 1 0 0 2 0 1 1 2 1 2 1 1 2 1 2 1 1 2 1 2 1 2 0 1 0 2 2 1 1 1 2 0 1 2 1 1 2 1 2 1 1 2 1 1 1 2 2 1 0
2 0 1 1 1 0 1 2 1 2 1 2 1 2 1 0 1 2 1 1 1 1 0 1 1 0 2 2 1 0 1 1 0 1 1 1 0 2 1 0 0 0 1 0 0 0 1 0 0 1 2 1
1 1 1 1 1 0 2 1 1 1 1 1 0 2 2 0 1 1 1 1 1 2 1 0 1 2 0 2 0 0 2 1 2 2 2 0 2 0 1 2 2 1 2 0 2 2 1 2 1 0 1 2
2 1 1 1 0 1 2 2 2 1 2 2 1 0 1 1 2 2 0 1 1 1 1 2 0 0 0 0 1 1 1 2 2 2 0 2 1 2 0 0 1 2 1 0 0 1 1 0 1 1 1 1
0 2 1 1 0 2 1 1 0 1 0 0 2 1 1 1 0 1 1 2 2 2 2 0 2 1 0 1 0 1 2 0 1 1 0 1 1 1 2 1 1 1 0 1 1 2 1 1 2 0 0 0
2 1 1 1 1 2 1 1 2 1 2 0 1 1 1 2 1 0 1 2 1 0 2 2 1 1 2 1 2 2 2 1 2 2 1 1 1 1 2 1 1 2 1 1 2 0 0 0 2 0 0 0
1 0 0 2 2 1 1 1 2 1 1 1 1 2 2 2 2 0 1 1 2 1 1 1 1 1 1 0 1 0 2 1 0 0 1 2 0 0 1 1 0 0 2 1 1 0 1 0 1 2 2 2
1 2 1 2 2 1 1 2 1 1 1 2 1 2 1 1 1 2 1 0 0 1 1 1 2 0 2 2 1 1 1 1 1 1 2 1 1 2 1 0 2 0 0 0 0 0 0 1 1 1 0 1
2 1 2 0 1 0 1 1 0 2 1 2 1 0 1 1 2 2 1 0 2 1 1 2 2 2 0 1 1 0 0 2 1 1 2 1 0 0 1 1 0 2 2 1 1 1 2 2 1 2 0 1
15 20 17 11
22 48 64 102 85 108 165 152 167 189 198 224 228 261 332 411 341 465 416 435 424 382 400 529 641 537 653 574 726 746 712 610 786 853 668 719 665 771 791 943 1019 974 737 836 914 972 839 860 1198 1060 1014 1075
