52
20
1 1 2 1 0 2 2 2 0 1 1 1 2 0 1 2 1 1 0 2 1 1 1 0 2 1 2 1 0 0 2 2 1 2 2 1 1 1 2 1 1 2 1 0 1 0 1 2 1 2 1 1
1 1 0 1 1 1 1 1 1 1 1 1 1 2 1 1 1 2 1 2 1 2 1 2 2 0 1 1 2 2 1 0 1 1 0 0 0 2 1 0 2 1 2 2 1 1 2 1 1 0 0 2
0 0 2 1 1 1 2 1 2 0 1 2 2 1 1 1 1 1 2 1 0 0 1 1 2 2 2 1 1 1 2 2 2 0 2 1 2 1 0 1 1 1 0 2 1 0 0 1 2 0 1 2
0 1 0 0 0 1 2 1 0 0 1 0 1 2 2 1 2 0 1 1 2 0 2 0 2 1 1 1 1 0 1 0 1 1 0 0 0 1 1 1 1 0 1 2 1 2 1 2 1 1 0 2
0 2 1 1 2 1 0 2 2 2 2 1 1 0 1 0 0 0 1 1 1 2 0 1 1 2 2 1 1 2 2 0 1 0 1 0 2 0 2 1 0 2 0 0 0 1 0 0 0 1 2 0
1 1 1 1 0 1 0 2 2 2 1 1 0 0 1 1 1 1 2 2 0 1 0 2 2 1 1 0 1 1 1 1 0 0 1 0 0 0 0 2 1 2 1 1 2 2 1 1 1 2 1 1
1 1 1 2 1 0 1 1 2 2 2 2 1 1 0 1 0 0 0 0 0 1 0 2 1 0 2 2 2 2 1 2 1 0 1 2 0 2 2 1 1 1 0 0 1 1 0 1 2 2 2 0
0 1 1 0 0 1 0 1 1 0 1 0 0 2 1 1 1 2 2 2 2 0 2 1 1 1 1 1 0 1 1 0 0 0 2 2 1 0 0 0 2 1 1 1 1 1 0 1 1 2 1 2
1 0 1 0 2 2 2 1 1 2 0 2 1 0 2 1 2 2 1 0 1 0 0 1 0 0 2 2 1 1 2 1 1 0 1 2 2 1 2 0 1 0 0 2 2 1 1 0 1 2 2 0
0 0 0 2 1 1 0 2 0 2 0 0 0 0 1 0 1 2 1 1 1 1 2 1 1 2 0 0 1 2 0 0 0 1 2 1 1 0 0 1 0 1 1 1 2 2 0 2 1 0 1 1
1 0 2 1 2 1 1 2 2 1 2 1 1 0 0 1 1 1 0 2 1 2 1 0 0 1 2 1 0 2 2 0 2 1 2 1 0 2 1 2 0 1 0 1 0 1 0 1 0 1 1 1
0 1 0 1 0 2 0 1 1 1 1 1 2 1 2 1 1 2 1 2 2 2 1 1 2 2 1 1 0 0 2 0 0 1 0 1 1 1 0 1 2 1 2 1 0 1 2 1 2 1 1 1
2 1 1 2 0 1 2 1 1 1 0 1 1 1 1 0 0 1 1 0 0 1 0 0 2 1 1 0 1 2 1 0 0 1 2 1 2 1 2 0 0 0 1 0 0 1 1 1 1 0 0 2
1 0 0 1 1 0 1 1 0 0 1 1 1 2 1 1 1 0 1 1 1 1 2 2 1 0 1 0 1 0 1 2 2 0 1 1 2 1 1 0 1 1 2 1 1 2 2 2 0 2 2 1
1 1 0 1 2 1 1 2 1 1 2 2 2 1 2 1 1 1 1 0 1 1 0 2 0 0 1 2 2 2 1 1 1 1 2 0 1 2 1 1 0 1 1 2 2 1 2 1 1 1 0 1
2 1 1 1 1 2 1 1 0 1 2 0 1 1 1 0 1 1 1 1 1 1 1 1 1 1 1 1 2 0 0 0 0 0 1 1 1 2 1 0 1 1 0 0 1 1 2 0 1 2 1 2
0 1 2 2 2 1 1 1 1 0 1 1 1 1 1 1 1 0 0 1 1 1 0 1 0 1 2 0 1 2 1 1 1 1 2 1 1 1 1 0 1 0 0 0 2 0 1 1 0 1 1 0
0 0 1 0 0 1 2 0 0 1 1 0 0 1 2 1 2 2 1 0 2 1 1 1 2 0 1 0 0 1 1 0 1 2 1 0 2 0 2 0 1 1 1 1 1 2 0 2 1 0 1 0
1 2 2 1 1 1 0 2 2 1 1 1 2 0 2 2 0 0 0 2 0 2 2 1 1 1 2 1 2 1 2 1 1 2 1 2 2 1 1 0 1 2 0 0 1 1 1 0 1 0 1 1
2 1 0 1 2 1 2 1 0 1 2 1 1 2 2 2 2 1 1 0 1 2 1 1 1 1 0 0 1 0 1 1 0 1 1 1 1 0 0 1 1 1 2 2 2 0 2 1 1 1 2 2
16 21 11 14
16 24 40 81 79 129 124 140 173 221 196 203 242 328 261 299 405 334 454 390 470 420 498 386 473 489 617 622 655 648 642 573 785 614 700 618 617 661 821 672 800 742 710 1005 758 957 1033 982 1023 950 1164 1171
