52
20
2 1 0 2 2 1 0 2 0 2 1 2 1 0 0 0 1 1 0 1 1 0 1 0 1 1 0 2 2 2 2 2 0 1 0 0 0 1 1 1 1 1 1 0 0 0 1 0 1 1 1 0
1 1 1 0 1 0 2 0 0 2 0 1 1 2 0 2 2 2 2 0 2 2 2 0 0 1 2 1 0 1 1 0 1 1 1 1 1 0 0 1 1 1 2 1 1 2 1 2 1 1 1 1
2 1 1 1 1 0 1 0 0 1 2 1 1 0 1 1 0 1 0 1 1 0 1 1 0 0 2 0 0 0 1 1 1 1 2 1 2 2 2 2 0 0 1 1 0 1 1 0 0 1 0 0
0 2 0 2 1 0 0 1 1 0 2 2 1 1 1 1 2 1 1 2 2 1 2 1 1 2 2 0 0 0 1 2 2 0 1 0 0 1 1 1 2 0 1 1 1 2 2 1 2 2 1 1
0 1 1 2 0 1 2 2 1 1 0 2 2 0 0 0 1 1 1 0 1 0 2 1 1 2 0 1 0 2 1 2 1 2 2 0 1 2 0 1 1 1 0 1 2 1 2 0 2 2 1 1
1 1 0 2 1 1 0 0 0 1 2 0 1 1 1 2 2 2 2 1 2 1 1 2 1 1 1 0 1 2 0 1 1 1 1 0 1 0 1 1 2 1 2 1 1 2 1 0 2 1 1 1
2 1 0 1 2 0 2 1 1 1 2 1 1 0 2 1 1 1 0 1 0 0 1 2 2 0 2 1 1 2 1 2 1 0 1 2 2 2 1 2 2 0 0 1 1 0 2 1 0 1 1 0
0 0 1 1 2 1 1 0 0 0 2 0 0 2 1 1 2 1 2 1 1 2 2 2 1 1 1 0 0 1 0 1 1 0 1 1 0 1 1 2 2 2 0 1 0 1 1 0 0 2 1 0
1 2 2 0 1 2 2 0 1 1 2 1 0 1 0 0 0 1 1 0 0 2 0 1 2 1 1 1 1 2 0 2 1 1 2 2 1 2 1 0 1 1 1 1 1 1 1 1 1 0 2 0
0 1 0 1 2 1 0 1 1 0 0 1 0 1 1 2 2 1 1 2 0 2 1 2 1 1 0 1 0 0 1 1 0 1 0 2 1 0 1 2 2 2 2 2 1 2 0 0 1 1 2 1
1 2 1 0 2 2 0 0 1 2 2 1 1 0 1 1 0 1 1 2 1 0 1 2 1 1 2 0 0 1 2 2 2 1 1 2 1 1 1 1 0 0 1 1 0 0 0 2 0 1 1 1
0 0 0 0 1 1 0 2 0 1 0 0 1 2 1 0 2 0 1 1 1 1 1 2 2 1 1 1 1 1 1 1 1 1 0 1 1 0 1 1 1 1 2 1 1 2 2 1 1 2 1 0
2 2 1 0 2 2 1 1 2 1 1 1 1 2 1 0 1 0 2 0 1 2 1 1 1 1 1 1 1 1 2 1 1 1 0 2 2 2 1 1 0 1 1 1 0 0 1 0 0 2 2 0
1 1 2 1 1 0 1 0 0 1 1 2 1 2 0 1 2 0 2 1 2 1 2 1 2 1 1 1 1 0 2 0 0 1 2 2 1 2 1 2 0 1 0 0 1 2 1 0 1 1 1 1
2 2 1 2 1 1 2 1 1 1 1 1 1 1 1 0 1 0 0 1 0 1 0 0 0 0 2 1 1 2 2 2 1 1 2 1 0 1 1 0 1 1 1 2 2 0 1 2 1 0 1 1
1 2 2 1 1 0 1 0 1 0 0 1 0 2 0 2 1 2 1 2 1 2 2 2 0 0 0 1 0 0 1 0 0 1 0 0 1 1 2 1 2 1 1 2 2 1 0 0 2 2 1 1
1 1 1 2 1 0 2 1 1 2 2 0 2 0 1 1 0 0 2 0 0 0 1 0 1 1 1 1 2 1 2 1 0 0 1 1 0 2 0 1 0 0 1 0 1 1 0 1 2 1 1 1
1 1 1 1 1 1 2 0 1 1 0 1 1 2 2 1 0 2 1 1 0 0 1 1 2 1 0 1 1 1 0 0 0 1 0 2 1 0 2 1 0 0 2 1 1 1 2 2 2 2 0 2
1 1 1 1 2 2 1 1 1 0 2 1 0 1 1 1 2 0 1 2 0 2 2 1 1 1 2 2 1 1 2 1 1 2 2 2 2 1 1 2 0 0 1 1 1 0 1 1 2 1 1 1
0 1 1 2 1 1 0 0 0 2 0 1 0 2 2 2 1 2 1 1 1 1 1 1 1 0 1 0 0 2 0 1 0 0 2 1 1 1 1 1 1 1 2 2 0 1 1 0 2 1 1 1
12 15 14 16
19 42 69 80 124 126 158 142 190 171 193 235 280 231 259 327 281 336 326 406 376 437 452 494 439 475 445 470 477 537 570 661 673 788 726 754 604 805 642 768 813 976 819 852 968 1087 891 915 807 1187 1065 886
