52
20
2 2 1 2 1 1 0 2 1 1 2 1 2 1 1 0 1 2 1 0 0 2 0 0 1 2 2 1 1 1 1 1 1 2 1 0 2 2 2 1 1 2 2 1 1 0 1 2 1 0 0 0
0 2 1 1 0 2 2 0 1 1 1 0 0 2 0 1 1 1 1 1 2 0 0 0 1 0 1 1 1 1 1 2 2 1 0 1 1 2 0 0 2 2 1 1 2 1 1 1 2 1 1 1
1 0 1 2 2 0 1 1 1 1 2 2 1 1 1 2 1 0 0 0 1 1 0 0 2 1 2 1 0 2 2 2 1 2 1 0 1 1 0 1 1 1 1 0 0 1 0 2 0 0 0 1
1 0 1 1 0 0 0 0 0 0 1 0 1 0 0 1 1 1 1 0 2 2 0 0 2 0 0 2 1 1 1 1 1 2 1 2 1 1 0 1 1 1 1 2 1 1 0 0 2 0 1 0
1 0 2 2 1 2 1 0 1 1 2 1 2 2 2 1 1 2 1 1 0 0 1 0 0 2 2 1 2 1 1 1 2 2 1 0 1 1 1 0 1 0 1 0 0 1 0 0 1 0 0 2
1 1 1 1 1 2 2 2 0 2 1 0 2 2 1 1 1 1 2 0 1 1 2 0 1 2 1 1 0 1 1 1 2 1 0 1 0 0 1 2 1 0 1 1 2 1 0 1 1 2 1 2
2 1 1 1 2 0 2 0 2 1 1 1 2 1 0 1 1 0 2 1 0 0 0 0 0 1 1 1 2 2 1 2 2 2 2 1 0 1 1 0 1 1 0 2 0 1 0 1 2 0 1 1
0 0 2 2 1 0 0 1 1 1 2 1 0 1 1 2 2 1 0 0 1 2 1 1 2 2 1 1 1 0 2 1 1 1 2 1 0 1 0 1 2 2 1 1 2 2 2 0 1 1 2 1
2 2 1 1 1 0 2 0 1 1 1 2 1 0 0 2 2 1 1 1 0 0 1 0 2 0 1 2 0 1 2 0 1 1 1 1 2 1 0 0 1 1 0 0 0 0 0 1 1 1 0 0
0 0 2 1 0 1 1 1 1 1 1 1 2 0 2 0 1 0 1 0 1 2 0 2 2 1 1 0 1 1 1 1 1 1 1 2 1 0 0 2 2 1 2 2 2 1 2 0 1 1 1 1
1 2 1 1 1 0 2 0 1 2 2 1 1 0 2 0 0 0 1 2 2 0 1 0 1 0 1 1 2 2 1 2 2 1 0 0 1 2 1 1 1 1 0 0 2 1 1 0 1 1 2 1
1 0 0 1 1 1 1 1 2 1 0 1 1 0 1 2 2 2 1 1 0 1 1 1 2 2 0 1 0 1 1 2 1 0 1 1 0 1 1 0 0 2 1 2 2 1 1 1 2 2 0 1
0 2 2 2 1 2 1 1 2 0 2 1 1 1 1 2 1 1 2 1 1 1 0 1 0 1 1 0 1 0 2 2 2 2 2 1 0 2 1 0 0 1 0 2 1 1 1 1 1 0 0 1
0 0 1 0 0 2 1 1 2 1 0 1 1 1 0 2 2 1 2 1 2 2 1 1 1 1 1 0 0 0 0 1 0 1 0 1 0 0 1 2 2 1 2 1 2 1 1 1 2 1 1 1
0 1 2 1 1 2 1 1 0 2 2 1 1 0 1 0 2 1 0 2 0 0 0 1 1 1 1 1 1 1 1 0 1 1 1 2 1 0 2 1 1 1 1 1 1 0 1 0 1 0 2 0
1 0 1 1 0 1 1 1 2 0 0 1 0 0 1 2 2 0 0 1 0 1 1 1 2 2 0 0 1 1 1 1 1 0 2 1 1 0 1 2 2 2 0 1 0 1 1 1 2 0 1 1
2 2 2 1 1 2 1 2 2 2 1 0 1 1 1 0 1 1 1 0 2 0 1 1 1 1 2 1 2 1 2 2 2 1 2 0 1 0 0 2 1 1 1 2 1 1 0 1 0 1 1 1
1 0 1 1 0 2 1 0 1 0 2 1 0 2 2 2 0 1 2 1 2 0 2 1 1 2 1 1 1 0 1 2 0 1 0 1 1 1 0 1 2 1 1 2 2 0 1 1 2 1 1 2
2 2 2 1 0 0 2 1 1 1 2 2 1 1 1 1 0 1 1 1 1 0 2 1 1 0 2 2 1 0 1 1 1 2 2 2 2 2 2 1 0 1 1 1 0 1 1 1 2 1 1 1
1 1 1 1 0 2 1 2 2 0 2 1 0 1 1 0 2 1 1 1 0 1 1 2 2 1 2 2 1 1 2 0 2 1 1 2 0 1 1 1 0 1 1 2 2 1 1 1 1 1 1 1
15 7 14 17
19 37 58 84 104 119 161 139 199 173 262 229 309 243 299 382 332 338 314 488 503 438 496 408 510 482 569 561 531 653 535 671 791 663 787 656 875 621 750 734 749 713 711 864 765 859 935 1155 984 907 1080 1216
