52
20
2 2 1 1 2 1 1 2 0 2 2 1 1 0 1 2 1 1 0 1 0 1 2 1 0 1 2 0 1 2 2 0 1 0 1 1 2 1 2 1 1 1 1 1 0 1 1 1 1 0 1 1
2 2 1 1 1 1 1 1 0 1 1 1 0 2 2 0 0 0 1 1 2 2 2 2 2 2 1 1 1 2 1 1 2 1 1 1 1 1 1 1 2 2 0 1 1 2 1 0 2 2 2 1
1 1 1 0 1 2 1 1 1 1 0 1 0 1 2 1 1 1 2 1 1 2 1 1 1 0 1 1 0 2 1 0 1 2 2 2 1 1 1 1 2 1 1 2 1 0 0 0 2 0 1 0
0 2 1 1 1 1 1 0 0 2 1 1 0 1 2 1 2 2 0 0 2 2 2 1 2 0 0 1 1 1 0 1 1 1 0 1 2 1 1 2 1 0 1 2 1 2 2 0 0 1 0 0
1 1 2 1 0 1 1 2 2 2 2 1 1 1 2 0 1 0 1 1 0 1 0 0 0 1 2 2 1 1 2 1 0 2 2 2 2 1 1 0 1 0 0 2 1 0 1 2 1 0 1 0
1 2 1 0 0 1 2 1 1 0 0 1 1 2 1 1 2 1 1 1 1 1 1 1 2 2 0 1 2 1 0 2 1 1 1 1 2 1 1 1 0 1 2 2 2 1 1 1 0 2 0 0
1 0 1 1 0 1 2 2 0 2 2 2 0 0 0 1 1 0 0 1 1 1 2 1 1 0 2 1 1 2 1 2 1 1 2 0 1 2 2 1 2 0 0 2 0 2 1 1 1 1 0 0
1 1 1 2 1 1 0 0 1 0 0 2 1 1 1 1 1 1 1 0 2 1 2 1 0 2 1 0 1 1 0 0 1 2 1 0 1 2 1 1 2 1 2 1 1 2 2 1 0 1 2 2
0 1 0 1 1 1 2 1 0 1 1 1 1 1 1 0 0 1 1 1 0 1 1 1 0 0 2 1 2 1 1 2 1 2 1 2 2 0 1 1 0 0 1 1 0 1 1 2 1 1 1 1
1 0 0 1 1 1 1 1 0 1 0 1 2 1 1 2 1 1 1 1 1 1 1 1 1 2 1 0 0 1 2 1 2 0 0 1 1 0 0 1 0 2 1 2 0 2 1 2 0 1 2 1
1 1 1 1 2 2 2 0 2 2 2 2 2 1 0 0 0 0 1 1 1 1 0 2 0 1 2 0 1 1 2 1 1 1 1 2 0 1 1 1 1 1 0 0 1 1 2 0 1 1 1 0
1 0 2 0 0 1 0 1 1 0 0 1 1 2 1 1 0 2 0 2 2 0 1 1 0 2 1 1 2 2 1 2 0 1 0 2 1 0 0 1 1 2 1 0 1 0 1 2 2 1 1 1
1 2 1 2 2 2 1 2 2 1 1 1 2 2 1 1 1 0 0 0 1 0 1 1 2 1 2 0 2 0 2 2 1 1 2 2 1 1 2 0 0 1 1 1 1 0 0 1 2 1 0 0
0 0 0 1 1 0 2 0 1 0 2 0 1 2 0 1 1 0 1 2 1 1 1 0 1 1 2 1 1 1 1 1 1 1 1 1 0 0 1 2 1 0 1 2 0 1 2 1 1 1 1 2
1 1 1 1 0 1 0 1 2 1 1 1 1 1 1 2 1 1 1 2 1 0 1 1 1 1 2 2 2 1 1 1 1 1 0 2 1 2 0 0 2 1 1 0 0 0 1 2 1 0 1 0
2 1 1 0 0 0 2 1 0 1 1 0 2 2 1 0 1 0 0 2 1 2 2 1 0 1 0 2 0 0 2 0 2 1 0 0 1 1 1 2 2 1 1 2 1 2 1 1 1 2 0 1
1 0 2 1 2 1 1 2 1 1 1 2 1 1 2 1 1 0 1 1 1 1 1 1 0 2 2 0 0 1 2 1 2 1 2 2 1 1 2 1 1 1 1 0 1 1 0 1 1 2 1 1
1 1 1 2 0 2 1 0 2 2 1 2 2 2 1 1 1 1 1 0 1 2 1 1 0 2 0 1 0 2 1 0 1 1 0 2 2 0 1 0 2 2 2 2 1 1 2 0 0 0 2 2
1 1 0 0 1 2 1 1 2 2 1 1 2 1 1 2 1 0 1 2 2 2 0 1 0 0 2 1 2 1 2 2 1 0 0 1 0 1 1 1 0 1 1 2 0 1 1 1 1 0 1 0
1 0 1 0 1 2 1 0 0 1 0 1 1 1 2 2 1 1 0 1 1 2 2 1 0 1 1 2 0 0 1 1 0 2 1 2 1 1 0 0 1 1 2 1 2 1 0 0 0 1 1 0
12 13 9 12
19 46 65 71 73 98 158 166 209 177 179 205 275 259 328 364 281 426 346 443 415 379 401 483 400 421 638 507 627 626 759 605 761 636 853 599 729 725 948 869 839 865 864 944 825 807 944 939 1049 858 886 932
