52
30
0 1 0 2 2 2 2 1 1 2 1 1 2 1 1 1 1 1 0 0 1 1 2 2 1 0 0 1 0 2 2 2 0 2 1 0 2 1 1 2 1 1 0 1 2 2 0 1 1 1 0 0
0 0 1 0 2 1 1 0 1 1 0 1 0 2 2 1 1 2 2 0 1 2 1 1 0 1 2 0 1 1 1 1 1 0 1 0 1 1 1 1 1 2 2 1 2 2 1 0 1 1 0 1
1 1 2 2 2 2 1 2 2 1 2 1 0 1 1 0 1 1 1 0 1 1 1 1 1 1 1 1 1 1 0 1 1 0 1 0 2 1 2 1 1 0 1 1 0 0 2 1 0 2 1 0
0 1 0 0 0 1 1 1 0 1 0 1 0 2 0 0 1 0 2 2 1 1 1 0 1 1 2 1 1 1 0 1 0 0 0 1 0 0 0 0 2 2 1 1 1 2 1 1 1 1 2 1
1 1 1 2 1 1 0 2 1 1 1 1 1 1 1 0 0 1 0 0 1 0 2 0 1 0 2 2 2 2 1 1 1 1 1 0 2 1 2 1 1 1 0 0 1 0 1 0 1 0 0 0
0 0 0 2 1 0 0 1 0 2 0 0 0 2 2 1 1 1 2 2 1 1 1 2 1 2 1 0 1 0 1 1 0 0 2 0 2 1 1 2 0 1 1 2 0 1 2 2 1 1 2 1
2 0 1 0 2 2 1 1 1 1 1 1 0 2 0 1 2 1 0 1 1 2 0 2 1 1 1 2 1 2 1 1 2 2 1 0 2 1 1 1 1 0 0 1 0 1 2 0 1 2 0 0
0 0 0 2 1 1 0 0 0 1 1 0 1 2 1 1 1 2 2 2 1 2 2 2 1 2 0 0 1 2 1 0 0 0 2 0 1 0 0 2 1 1 2 2 0 0 1 2 1 1 1 1
1 1 2 1 0 1 1 1 1 0 2 1 2 0 2 2 0 1 2 1 1 1 1 0 2 2 1 1 2 1 0 1 1 2 0 2 2 2 1 1 2 1 2 1 1 1 1 0 0 2 0 1
1 1 1 0 2 1 1 1 0 1 0 1 1 1 1 0 1 1 1 1 0 2 1 1 0 1 0 2 0 1 0 0 0 2 1 2 1 1 1 1 1 0 1 2 2 0 0 1 2 1 2 0
2 1 0 2 1 2 2 1 2 1 2 2 0 1 1 1 1 1 2 1 2 1 0 2 1 0 0 2 2 1 1 0 1 1 2 1 2 0 2 1 1 1 2 0 0 0 0 1 0 0 0 0
2 1 0 1 2 1 1 0 1 2 1 2 0 1 2 2 0 1 1 2 1 2 1 1 1 2 0 1 0 2 0 1 1 0 0 2 1 1 0 2 2 0 1 2 0 2 2 1 0 2 1 0
1 1 2 1 2 1 2 1 2 1 1 2 1 1 1 1 2 1 1 2 1 1 1 0 1 1 2 1 2 1 1 1 1 2 1 2 2 1 1 0 0 2 0 1 1 0 0 2 1 1 0 0
1 0 0 1 2 2 1 1 0 0 1 0 0 2 1 0 1 1 1 1 1 2 2 1 0 1 1 1 0 1 0 1 1 0 1 0 0 1 1 2 1 2 2 0 2 1 1 2 1 2 1 2
1 1 2 0 1 1 1 0 1 1 2 1 2 0 0 1 1 1 0 1 2 0 0 1 0 1 2 2 2 1 1 1 0 1 1 1 2 1 2 1 0 1 2 1 0 1 2 1 0 1 1 0
2 1 0 0 1 1 2 1 1 1 2 1 0 2 1 1 1 2 1 1 1 2 1 2 1 1 1 0 1 2 0 0 2 1 1 1 1 0 1 2 1 1 1 1 1 1 0 1 0 2 2 2
0 1 0 0 1 2 0 1 1 1 1 2 0 1 0 0 1 1 1 1 0 2 2 1 1 1 0 2 1 2 2 1 2 2 0 1 1 0 1 1 1 0 1 1 0 1 1 1 0 1 2 1
0 1 1 2 1 1 0 0 1 0 0 1 1 0 1 2 1 0 1 2 1 2 1 1 2 1 1 2 1 1 1 0 1 1 0 1 0 2 1 1 0 0 1 2 2 1 2 1 1 2 2 0
1 1 2 1 1 0 1 0 1 1 1 1 1 1 1 0 1 0 1 2 2 0 1 0 2 1 1 2 1 2 2 0 2 1 2 1 1 1 0 1 0 0 0 1 1 2 1 0 1 2 1 0
0 1 1 1 1 0 0 1 2 2 2 0 1 2 1 1 0 2 1 1 1 1 0 1 2 1 2 0 0 1 1 1 1 0 1 1 1 0 2 1 2 2 2 1 1 1 1 1 0 1 0 1
0 1 2 0 1 1 1 2 2 2 1 1 2 0 1 1 0 1 2 0 1 2 1 1 0 1 0 2 1 1 0 0 1 1 1 1 1 1 0 0 1 0 1 0 2 0 0 1 2 1 2 0
2 2 1 1 0 1 0 2 2 1 0 2 1 2 1 0 2 1 1 0 1 1 1 1 1 1 0 0 0 1 0 1 1 1 1 1 1 1 0 2 2 2 2 2 2 1 1 1 1 2 1 0
2 2 0 2 1 1 2 0 2 1 2 0 2 0 1 0 1 1 2 1 0 0 2 1 1 1 2 0 0 2 0 1 1 2 0 1 2 1 1 1 1 0 0 1 1 0 0 2 0 1 1 1
1 0 0 0 0 1 1 1 1 0 1 2 1 0 0 2 2 1 1 0 2 1 1 1 1 2 1 1 1 1 1 1 1 1 1 0 1 2 1 1 0 1 1 0 1 1 1 1 2 0 1 2
1 0 1 2 1 1 1 1 0 1 1 0 1 0 1 2 0 2 0 2 1 0 0 1 1 1 0 2 2 0 1 1 0 2 0 0 1 1 1 1 1 2 2 0 1 2 1 0 0 0 1 1
0 0 1 2 0 1 1 1 2 1 0 1 1 2 2 2 1 1 1 1 1 2 1 1 2 0 1 0 1 1 0 1 1 0 0 2 1 1 0 0 1 0 1 1 0 1 1 1 0 2 2 2
2 2 1 2 1 1 2 1 2 1 0 2 2 1 1 0 1 1 1 1 1 1 1 1 0 0 1 1 1 1 2 1 0 2 1 1 2 2 2 2 0 0 0 0 0 1 1 0 1 1 1 0
0 1 1 0 0 0 1 0 2 0 0 2 1 1 1 2 2 1 2 2 2 0 1 1 1 1 1 0 1 0 2 1 1 1 0 1 1 1 0 2 2 2 2 2 1 1 1 1 1 1 1 2
2 0 2 1 2 1 1 1 2 0 1 1 2 0 1 1 1 1 0 1 0 1 1 0 0 1 1 1 1 2 1 0 0 1 1 1 1 2 1 0 1 1 1 0 0 1 0 1 0 1 2 1
0 2 1 0 1 1 0 1 1 0 1 1 0 2 1 2 2 2 2 0 1 2 1 1 1 0 1 2 0 1 0 0 1 1 0 0 1 1 1 2 1 2 2 1 1 1 1 1 2 0 0 1
11 16 11 13
25 41 77 96 138 172 219 251 263 335 347 299 360 489 390 401 480 451 578 531 629 645 805 588 825 729 745 741 796 825 988 947 1015 1008 1158 881 1032 1236 1084 982 1161 1119 1231 1219 1388 1543 1457 1131 1230 1408 1588 1343
