52
30
2 1 0 2 2 1 2 1 2 2 1 1 0 1 2 0 1 0 2 1 0 0 1 1 2 1 2 2 2 1 0 1 2 1 1 2 1 2 1 1 1 0 1 2 0 0 1 1 1 0 1 0
2 0 1 0 2 0 1 0 0 1 2 1 1 0 1 2 2 2 1 1 2 0 0 1 1 2 1 0 1 2 0 1 1 0 2 1 1 0 0 1 0 1 2 2 0 1 1 0 2 1 2 2
0 2 2 2 1 1 2 2 0 1 2 0 0 1 1 1 0 0 1 0 1 0 2 1 0 1 2 0 1 1 0 0 1 1 1 0 2 1 2 0 1 2 1 2 1 1 0 1 0 1 0 1
1 2 0 0 1 0 1 0 0 2 0 1 1 1 1 1 1 1 2 1 1 1 1 2 1 1 2 1 0 1 1 1 1 0 1 1 0 1 2 1 1 1 1 1 2 1 1 2 1 0 1 2
2 2 2 2 2 2 2 2 1 1 2 1 1 1 2 1 0 0 0 1 1 2 1 1 1 1 2 2 1 2 2 2 1 2 1 1 1 2 2 0 0 1 1 0 1 0 0 1 1 1 1 2
1 0 0 0 1 1 1 1 0 0 1 0 1 0 0 2 1 0 2 2 1 0 1 2 1 2 1 1 1 1 1 1 1 1 1 2 1 1 0 2 2 1 1 0 2 2 1 1 1 2 1 1
1 1 0 0 1 0 0 0 2 1 0 2 1 2 0 2 1 1 0 0 0 1 0 0 1 1 0 1 1 1 1 2 0 2 2 1 1 1 2 1 1 1 1 0 0 0 1 0 1 0 1 0
1 0 0 2 0 1 1 1 0 1 1 1 1 1 1 2 0 2 2 2 1 2 2 2 0 0 1 1 1 1 1 0 1 0 1 0 2 1 1 2 2 1 2 1 2 1 2 2 0 1 1 1
1 1 1 1 2 0 1 2 1 0 2 1 1 2 1 0 0 2 0 0 0 0 1 0 2 2 0 0 2 2 1 2 1 2 1 2 1 1 2 2 2 2 0 0 0 0 1 0 1 0 1 0
2 1 2 1 0 0 1 2 1 2 1 1 1 1 2 1 1 2 1 0 1 2 2 1 2 1 0 1 1 0 0 1 0 2 1 0 1 0 0 2 1 1 1 0 0 0 2 2 1 2 2 1
1 2 2 1 2 1 0 1 0 1 0 2 1 2 0 0 1 0 2 1 1 2 1 2 1 2 1 2 2 2 2 0 2 2 0 1 0 1 2 0 1 1 0 1 1 1 1 1 0 0 2 0
1 1 1 0 1 1 0 1 0 1 1 1 1 0 2 0 0 2 1 2 2 2 2 2 1 1 0 0 1 1 1 1 1 0 0 1 1 1 1 2 2 2 1 1 1 2 0 1 2 2 2 0
1 1 2 1 1 2 0 1 1 0 1 0 2 0 1 1 0 1 1 1 1 1 1 1 1 1 1 1 1 2 2 2 2 1 0 0 0 1 2 0 0 1 2 0 0 0 1 1 2 0 1 1
2 0 1 1 1 0 1 1 1 1 1 1 1 1 2 0 1 2 1 1 0 2 0 1 1 0 1 0 1 1 1 0 2 1 0 1 1 2 2 1 2 2 0 0 0 1 1 0 0 2 1 2
0 1 2 0 1 1 1 2 2 2 1 1 1 0 0 2 0 1 2 0 1 1 1 1 2 0 1 1 2 1 1 1 1 2 2 0 1 1 1 2 1 1 1 1 0 0 1 1 0 1 0 0
0 0 0 1 0 2 2 0 0 1 2 0 0 1 2 2 0 1 2 0 1 2 1 1 1 1 0 0 2 1 2 1 0 1 1 0 0 1 0 1 2 1 1 2 2 1 2 2 2 2 1 2
0 0 1 1 1 1 2 2 1 1 2 2 1 2 0 0 1 0 0 2 2 2 1 0 1 1 2 1 2 2 1 1 1 1 2 0 0 0 1 1 2 1 2 0 1 1 1 0 1 0 1 0
1 1 0 1 1 1 0 1 1 1 1 0 2 2 0 2 2 1 1 1 2 2 0 1 1 1 1 0 0 1 1 1 0 2 0 1 0 1 0 1 2 1 1 1 0 1 1 2 2 2 2 2
2 2 2 2 1 2 2 1 0 2 1 1 1 1 0 0 1 1 2 0 1 0 0 0 0 1 1 1 1 1 0 2 0 2 2 2 2 1 0 1 0 1 0 0 0 0 0 2 1 1 2 1
0 0 0 1 2 1 1 1 1 2 2 0 1 0 2 2 2 0 1 0 1 1 1 1 2 2 2 0 1 0 1 2 1 0 1 1 1 0 1 2 2 1 1 2 2 2 1 1 2 2 2 0
1 1 2 1 2 1 2 1 2 2 1 0 2 0 2 0 0 0 1 0 0 2 2 1 1 0 1 1 1 1 2 2 1 1 2 1 1 2 1 2 0 2 2 2 1 1 0 0 1 1 2 1
2 2 1 1 1 2 0 0 0 2 1 1 1 1 2 0 2 0 1 2 1 1 1 2 1 0 1 0 0 1 1 1 1 0 2 1 2 0 0 1 1 2 1 2 1 2 2 2 1 1 0 1
1 1 2 2 1 1 1 0 2 1 2 1 1 1 1 2 1 1 1 1 1 1 0 1 1 1 2 2 1 1 1 2 1 0 2 2 0 1 2 0 0 0 0 1 1 1 0 1 0 1 1 1
1 1 1 1 1 0 1 1 0 2 1 1 2 0 2 1 2 1 0 2 0 1 1 2 2 2 2 0 0 0 0 1 0 1 2 0 1 2 0 0 1 0 2 2 1 2 2 2 1 2 1 2
1 0 1 1 2 0 1 2 2 0 1 1 1 1 1 1 1 1 1 1 1 1 1 2 1 1 2 1 2 1 2 2 1 0 2 2 1 2 1 2 0 2 2 1 0 1 1 2 1 1 1 2
2 1 1 0 0 1 0 1 2 1 1 1 1 1 2 1 2 1 1 1 1 1 1 1 1 1 1 1 0 0 2 1 1 0 1 1 1 0 2 1 1 1 1 1 1 2 1 2 1 0 0 1
1 1 2 1 1 0 1 2 2 1 1 2 2 1 1 1 0 1 0 0 2 1 1 0 2 0 1 2 1 0 1 1 2 1 2 1 2 1 2 2 1 1 1 2 0 1 0 0 0 1 0 1
1 1 0 1 0 1 0 2 1 0 2 1 0 2 2 0 1 1 2 2 0 1 1 1 2 2 2 1 1 2 1 1 0 1 1 1 0 1 2 2 1 2 2 2 2 2 2 1 1 0 1 2
1 2 1 2 1 2 2 1 2 1 1 1 2 1 2 1 1 1 1 0 1 2 0 1 1 2 2 2 2 1 2 1 2 1 2 1 1 1 1 2 0 1 2 1 0 1 2 0 1 1 0 0
0 1 0 1 1 2 1 1 1 0 1 0 1 1 1 2 2 1 2 2 2 2 1 1 1 2 1 2 1 2 1 1 1 1 2 2 1 1 1 0 1 0 2 1 1 1 0 2 2 2 2 2
14 19 13 9
33 70 89 96 171 147 235 209 326 256 279 359 345 352 481 465 422 624 493 681 577 665 685 700 879 724 896 961 809 835 924 1161 1069 880 1288 960 942 1219 1298 1174 1232 1257 1237 1137 1263 1146 1185 1215 1221 1820 1440 1794
