52
20
1 1 2 0 1 2 2 1 2 1 1 1 1 2 2 1 0 0 0 0 2 0 0 1 1 1 0 0 2 1 0 2 2 1 1 1 1 1 2 1 2 1 1 1 0 1 1 0 0 1 0 1
0 2 0 0 1 1 0 2 0 0 0 1 0 2 1 1 0 2 0 1 2 1 2 1 0 1 1 1 0 1 1 0 1 1 1 1 0 1 0 2 2 1 1 1 2 2 1 1 0 2 2 1
1 1 1 1 2 1 1 1 1 1 1 1 2 1 2 1 1 0 1 0 0 1 2 1 0 1 1 2 2 1 1 1 1 2 2 2 2 2 1 0 2 0 1 0 1 1 1 0 0 0 2 1
1 2 1 0 1 1 2 0 1 1 0 1 0 1 1 1 1 1 2 1 1 1 1 2 1 1 0 1 1 0 2 1 0 1 1 1 0 0 1 0 0 1 1 1 1 2 2 1 1 0 2 1
1 1 1 2 2 2 1 1 1 0 1 2 2 1 0 1 0 1 1 1 1 1 1 2 1 2 1 0 1 1 1 1 0 0 1 2 1 2 1 1 2 0 1 1 0 0 1 0 0 0 2 1
2 0 0 2 0 1 1 0 1 2 2 0 0 1 1 1 1 2 1 1 0 1 1 1 1 1 0 1 0 2 0 0 1 1 1 1 0 1 0 0 2 2 1 2 2 2 1 1 1 1 1 1
1 2 1 0 1 2 0 0 1 1 2 1 1 1 2 1 2 0 1 1 1 0 1 1 2 0 1 2 1 1 1 1 1 1 1 1 0 1 1 0 1 0 0 0 1 1 1 1 2 2 1 1
0 1 1 1 0 0 1 1 1 2 1 2 1 1 1 1 0 1 1 1 2 2 1 0 1 1 0 1 0 1 1 2 0 0 0 0 0 1 2 1 1 2 1 2 1 2 2 1 2 2 1 1
1 1 1 1 0 1 2 1 0 1 2 1 2 2 1 1 0 1 0 1 1 0 1 0 0 0 2 2 1 1 2 1 2 2 1 0 1 2 1 1 1 0 1 1 0 2 1 1 1 0 2 1
1 1 0 1 0 0 2 0 0 1 1 2 1 1 2 1 1 2 1 1 0 2 2 2 2 1 0 2 0 1 1 0 2 1 1 1 2 2 1 2 1 2 1 2 2 1 2 1 1 1 0 1
2 1 2 2 1 2 2 1 1 1 2 1 0 0 1 1 1 1 2 2 2 1 0 1 0 2 1 2 1 2 2 2 1 1 2 2 1 1 0 1 0 2 1 1 1 1 1 1 0 1 0 1
2 1 1 1 0 1 1 1 1 1 1 0 1 2 1 1 1 2 0 2 2 1 0 1 0 2 0 2 1 1 1 0 1 1 1 1 1 1 0 0 1 1 2 2 2 2 1 2 1 1 2 0
2 2 1 1 1 1 1 1 0 1 2 1 1 1 2 0 1 0 0 1 1 2 2 0 0 0 0 1 1 1 1 0 2 1 2 2 1 1 2 1 0 2 0 1 1 1 1 1 1 0 0 1
0 0 1 1 1 1 1 2 1 1 0 1 2 1 0 1 1 1 0 2 1 1 0 2 1 1 2 2 0 1 0 0 2 0 2 0 2 1 1 2 1 1 1 1 0 2 1 1 2 0 1 2
0 1 1 0 1 0 1 1 1 2 2 1 2 1 1 1 2 1 0 1 1 1 1 1 1 0 2 2 2 2 2 2 1 2 1 1 0 2 2 1 1 1 1 0 0 1 1 2 1 1 1 1
1 1 0 0 0 0 1 1 1 1 1 1 1 1 2 1 0 0 2 1 2 2 1 1 2 2 0 1 1 2 1 1 1 0 0 0 0 2 2 1 1 2 2 1 1 1 0 1 2 1 2 1
1 1 0 1 1 2 1 1 2 1 2 0 2 1 1 0 1 1 1 1 0 1 1 1 1 0 1 1 2 1 0 0 0 0 2 1 0 1 2 2 1 1 0 1 1 0 0 1 0 1 1 1
0 0 2 0 1 0 1 1 1 1 1 1 0 1 1 2 1 2 1 1 1 1 1 0 2 1 1 1 1 0 1 2 0 0 0 0 1 2 1 2 2 1 2 2 1 2 1 1 0 1 1 2
1 0 1 2 2 1 1 1 2 0 1 1 1 1 0 0 1 1 1 1 0 1 1 2 0 1 2 1 1 1 0 2 1 0 2 1 2 1 1 0 0 1 0 2 1 1 0 1 1 0 0 0
1 1 1 1 1 1 1 1 1 0 1 1 1 2 1 0 1 2 2 1 1 1 1 0 2 1 1 1 1 1 1 1 2 0 1 1 1 1 1 1 1 1 1 1 0 1 1 1 0 1 1 2
17 18 18 15
16 45 60 86 107 116 151 162 185 198 177 255 304 237 306 264 268 344 348 409 341 503 383 474 513 425 446 573 608 569 699 692 711 798 713 810 669 842 902 895 968 794 924 835 836 977 815 812 1131 1126 1057 939
