52
20
1 1 1 0 2 1 1 1 2 0 1 0 2 1 0 1 0 0 0 1 0 1 2 1 2 1 2 0 1 1 1 1 1 2 1 2 2 1 1 2 1 2 2 1 2 1 0 1 0 1 1 0
0 0 1 0 1 1 1 0 2 1 1 0 1 1 1 2 2 1 2 0 1 2 1 2 2 2 1 0 1 2 0 0 1 1 0 1 1 0 1 1 1 2 1 1 0 2 0 2 2 2 2 2
0 2 1 1 1 1 0 1 2 1 0 0 1 1 0 1 1 1 1 1 1 1 2 1 1 0 2 0 1 0 0 1 2 1 0 1 1 2 2 0 1 2 0 0 0 1 0 1 1 1 2 1
1 0 1 1 0 2 0 2 1 1 1 1 0 1 0 2 0 1 1 0 1 2 1 0 2 1 0 1 0 1 0 1 0 1 0 1 1 1 0 1 1 2 1 1 1 1 1 1 1 0 1 1
2 0 1 1 2 2 2 1 0 1 2 1 1 0 1 1 1 0 1 1 1 1 1 1 0 2 1 1 1 1 2 2 1 0 0 1 2 1 0 0 2 1 2 1 2 0 0 1 2 0 0 0
1 1 0 0 2 2 1 2 2 2 1 1 1 1 2 1 2 0 2 2 1 1 1 1 2 1 0 1 1 0 0 1 1 1 1 2 0 1 2 2 2 2 1 1 1 2 1 2 2 1 2 1
1 0 1 2 1 1 1 1 2 1 2 1 2 0 1 0 1 2 1 2 1 0 1 2 1 1 2 2 1 1 2 2 1 1 2 0 1 1 2 1 0 1 2 1 1 0 1 0 2 2 0 0
1 0 2 1 0 1 2 0 0 1 2 1 1 2 2 1 2 1 2 1 1 2 1 2 1 2 1 0 0 1 0 1 1 1 1 1 1 0 2 1 1 1 1 1 1 2 1 1 1 1 1 1
1 2 0 2 0 1 1 1 0 2 2 2 1 0 0 2 1 2 0 2 0 0 2 1 1 2 2 1 1 1 1 0 1 2 2 1 2 1 1 0 1 1 0 0 0 1 0 1 2 1 1 1
1 1 0 1 1 0 1 2 1 0 0 1 1 1 0 1 2 2 1 2 0 1 0 2 1 2 1 1 1 0 0 1 1 1 0 1 0 0 1 1 1 1 1 1 2 0 1 1 1 1 2 0
1 0 1 1 2 0 1 1 2 2 2 0 1 0 1 1 0 1 1 2 0 0 1 0 1 1 1 2 2 1 1 2 2 1 2 1 1 1 0 2 1 0 2 0 1 0 1 0 2 1 1 0
1 1 2 0 0 0 1 1 0 1 0 1 0 2 2 1 2 1 2 0 2 2 1 2 2 2 1 2 0 0 1 0 1 0 1 2 0 1 2 2 1 1 2 1 1 1 1 1 1 0 0 1
0 1 1 1 1 1 2 1 1 2 2 1 1 1 1 2 1 1 1 1 1 1 1 1 1 0 2 1 2 1 1 1 0 2 2 0 2 1 2 1 0 0 0 0 1 0 0 0 1 0 1 2
0 1 1 0 0 0 0 1 1 1 0 0 1 1 2 1 2 0 2 2 2 1 1 1 2 1 0 1 1 2 0 2 1 1 0 1 0 1 1 0 2 2 1 1 0 1 0 2 1 1 2 1
1 1 1 2 2 0 1 0 1 1 2 1 2 0 1 0 1 0 1 1 1 1 1 1 1 1 1 0 1 2 2 2 2 1 2 2 1 2 1 1 1 2 1 0 0 0 1 1 0 1 1 1
2 0 0 0 0 1 1 1 1 0 1 2 1 1 0 2 2 2 1 0 2 2 1 2 2 1 2 0 1 0 1 1 0 0 1 0 1 1 1 2 2 2 0 1 1 1 1 1 1 1 1 2
1 1 2 1 2 1 1 2 0 1 2 1 1 0 1 1 1 0 2 0 0 0 1 1 1 1 1 1 0 1 2 2 0 1 2 2 1 2 1 1 0 1 1 2 0 0 0 1 1 1 0 1
1 1 0 1 1 0 1 1 1 0 2 0 0 0 2 1 2 1 2 1 1 1 1 1 1 2 1 2 1 0 0 1 0 0 1 0 1 0 1 0 2 2 0 1 1 0 2 1 1 1 1 1
2 1 2 1 1 1 1 1 2 1 1 1 2 2 0 0 1 1 1 0 0 1 1 0 0 1 1 1 2 1 2 1 1 1 1 1 1 0 2 2 1 0 0 0 1 1 1 0 2 0 1 0
1 2 1 1 0 0 0 0 1 1 1 2 1 1 2 2 1 2 1 1 1 1 1 1 0 1 1 2 0 0 2 1 0 1 0 0 2 1 0 1 1 1 1 2 2 1 2 1 1 1 2 1
12 9 12 10
16 36 44 66 107 107 150 170 139 206 216 237 296 229 280 311 381 342 400 407 395 428 482 387 526 535 550 650 664 650 662 686 756 710 716 617 673 625 895 675 718 812 1004 1040 929 847 1112 1047 1133 1049 1009 917
