52
20
1 2 2 0 0 1 2 2 2 1 0 1 1 1 0 1 1 0 2 1 2 1 1 1 2 1 1 2 1 2 2 0 1 1 1 1 2 0 1 1 1 1 1 1 2 1 1 1 2 1 0 1
0 2 1 2 1 1 0 2 1 0 2 0 2 2 1 1 0 0 1 2 0 1 0 2 2 0 0 0 0 0 1 1 1 0 1 1 1 1 1 1 2 1 1 0 2 1 2 2 2 1 2 0
0 2 0 1 2 1 1 2 2 2 2 2 1 0 2 0 0 2 2 1 0 0 1 0 0 0 1 2 2 1 1 1 2 2 1 2 1 1 2 0 1 0 0 1 1 0 1 0 2 2 1 1
1 1 1 0 2 1 1 0 0 2 1 0 1 2 1 2 1 0 1 1 2 2 1 2 1 1 1 1 1 1 2 1 0 0 0 1 0 0 0 1 2 1 2 0 2 2 1 0 2 1 2 1
2 2 2 2 1 2 1 2 1 0 1 0 1 0 0 2 0 0 0 2 0 0 0 2 0 0 0 1 1 1 1 0 2 2 2 1 1 1 1 0 1 0 0 1 0 2 0 0 1 1 0 1
0 2 1 1 0 0 2 2 0 0 0 1 0 1 1 2 1 2 1 2 1 1 1 1 1 2 0 0 2 1 2 0 1 1 1 2 2 1 0 1 2 1 2 2 1 1 2 0 0 1 2 1
0 1 1 2 0 0 1 0 2 2 1 2 1 0 1 2 1 2 0 1 0 0 1 2 1 1 1 2 1 1 2 2 2 0 2 2 1 1 1 0 1 1 1 0 0 1 1 0 0 1 1 0
1 0 2 1 0 2 1 2 1 2 2 1 2 1 1 0 0 0 2 1 2 1 2 2 0 1 1 1 2 1 1 1 0 0 1 1 2 1 1 1 1 2 2 1 2 1 2 1 1 1 2 1
2 2 2 2 1 1 0 2 0 1 1 1 2 1 1 1 2 0 1 0 1 1 1 0 1 1 0 1 0 1 1 1 0 0 1 2 1 2 1 1 0 2 1 2 1 1 0 0 0 2 1 0
1 1 1 0 0 1 1 2 1 1 1 1 1 2 0 2 1 1 2 1 1 1 2 2 0 1 2 0 0 1 1 2 0 0 0 0 0 0 1 1 1 0 1 1 2 2 2 1 0 1 1 1
1 0 1 0 0 0 1 1 0 2 1 1 2 1 2 1 1 1 1 2 1 0 2 1 1 1 1 2 2 0 2 1 0 2 2 1 2 1 1 0 2 0 1 1 1 1 1 2 1 0 1 1
0 1 1 0 2 1 1 1 2 2 1 1 2 1 2 2 1 1 1 2 1 2 1 2 0 2 0 0 0 2 1 1 1 1 0 1 1 0 1 1 1 1 1 1 2 1 0 0 1 0 1 2
2 0 0 2 1 1 1 2 1 1 0 0 1 0 1 1 2 1 2 2 0 2 0 1 0 2 1 1 2 1 0 0 1 2 1 1 1 1 1 1 0 2 1 0 0 0 2 1 0 0 0 0
1 1 1 2 1 0 1 0 2 1 1 1 2 2 2 1 0 1 2 0 0 1 2 2 0 2 1 1 1 1 0 1 1 0 1 2 1 0 1 2 0 1 1 1 2 2 1 1 1 0 1 1
1 2 1 1 1 1 1 1 1 1 1 2 1 1 0 0 0 1 0 0 0 0 1 2 1 2 2 1 2 2 1 1 2 2 2 2 2 2 0 1 2 2 0 0 2 1 2 0 2 0 1 1
0 0 0 1 0 1 0 1 1 1 1 0 0 2 1 1 1 1 2 0 2 2 1 0 1 2 0 1 1 2 1 1 0 1 1 1 1 2 0 1 1 1 0 1 1 2 0 2 2 1 1 0
1 1 1 2 1 0 1 2 1 1 1 2 1 2 0 1 2 2 1 1 0 1 1 1 1 2 1 1 1 2 0 0 0 1 2 0 1 1 0 1 2 1 2 0 1 0 1 1 1 0 0 0
0 0 0 0 1 2 1 1 1 1 0 1 0 1 1 1 1 2 1 1 2 1 1 1 1 2 2 0 1 0 0 1 0 0 1 1 1 0 1 1 2 1 2 1 2 1 1 1 1 0 2 1
1 0 2 1 1 1 1 1 2 2 1 1 1 1 0 2 1 1 0 0 0 0 0 1 0 0 2 1 1 1 1 1 2 1 1 1 1 2 1 1 0 1 1 0 1 0 1 1 2 1 1 2
1 0 1 2 1 0 1 1 1 0 1 1 2 1 0 2 0 2 2 2 1 1 1 1 0 1 2 0 1 1 0 2 0 1 2 1 1 0 0 2 1 1 1 1 1 2 2 1 1 1 1 1
15 11 10 20
16 30 48 69 109 111 117 156 202 178 248 196 239 244 362 269 413 427 462 335 424 457 481 586 584 430 607 493 688 713 686 770 712 736 679 857 623 819 912 812 933 863 856 916 941 1052 760 951 994 1105 1158 905
