52
20
1 2 2 1 1 0 2 0 1 1 2 1 1 0 1 2 1 0 0 1 1 1 0 0 0 0 1 0 1 1 0 1 0 2 2 0 1 1 1 1 0 1 1 1 1 2 0 1 0 2 1 2
0 1 1 1 1 0 1 1 0 1 0 0 2 1 1 1 2 0 1 1 1 0 0 1 0 2 1 1 1 1 2 2 0 2 2 1 1 0 2 1 2 0 1 0 1 2 2 1 2 2 2 2
2 0 1 1 1 0 1 0 2 1 2 1 1 1 0 1 2 0 1 0 2 1 0 1 1 0 0 1 1 2 0 2 0 0 2 1 1 1 1 1 0 2 0 2 0 1 1 1 1 0 2 2
0 0 1 1 0 2 0 1 1 0 0 0 1 0 0 0 1 2 1 0 1 2 1 2 2 1 2 0 1 0 1 1 2 0 2 0 1 2 1 2 1 2 2 1 2 1 0 2 1 2 1 2
2 1 1 1 2 1 1 1 1 1 1 2 0 0 0 0 0 0 1 1 2 0 0 1 1 1 2 2 2 2 1 2 1 1 2 1 2 1 2 0 2 1 1 1 1 0 1 0 1 0 1 1
0 1 1 1 1 0 2 2 1 0 1 0 1 2 2 2 0 1 1 0 2 2 1 2 2 2 1 1 0 1 0 0 1 1 0 2 0 2 2 1 0 1 1 1 2 1 2 1 2 0 1 0
1 1 2 1 1 1 1 1 2 1 0 1 0 0 1 0 1 0 2 1 0 1 1 2 1 0 2 1 2 2 2 1 2 1 2 1 2 0 1 0 0 1 1 1 2 1 2 2 2 0 2 0
1 0 1 0 2 1 2 0 1 0 0 2 1 1 1 0 1 1 1 2 1 0 1 1 1 1 0 2 2 2 1 0 1 1 1 1 2 0 2 1 1 1 2 2 2 1 2 0 2 1 2 1
1 2 1 1 0 1 0 1 1 2 2 2 0 2 1 0 1 0 1 1 0 0 1 1 0 0 0 2 1 1 1 1 2 2 1 2 0 1 1 1 1 1 1 0 0 0 0 1 1 1 0 1
1 1 1 0 1 1 0 0 2 0 2 2 1 1 1 1 1 2 2 1 1 1 2 1 1 2 1 1 0 1 1 2 2 1 0 1 2 1 1 2 2 2 2 1 2 2 1 1 1 1 2 2
1 1 0 2 1 2 2 2 2 1 2 1 2 2 1 2 2 0 1 1 1 1 1 0 1 2 2 2 2 2 2 1 1 2 2 2 2 1 1 1 1 1 1 1 2 1 1 0 1 1 2 1
0 1 1 1 0 0 0 0 0 1 2 1 2 1 2 1 1 2 1 2 0 2 1 2 2 1 0 1 0 0 0 1 2 0 1 0 1 0 1 2 1 1 1 2 1 1 2 2 0 1 2 1
2 1 2 0 0 2 0 0 1 2 0 2 1 1 0 0 0 1 1 0 2 0 1 0 1 1 1 2 1 2 1 2 0 0 2 1 2 1 2 1 0 1 1 0 0 0 1 1 1 1 1 1
1 1 1 2 0 1 1 0 1 2 1 1 0 2 2 1 2 1 0 1 1 0 2 1 2 1 0 0 2 1 1 0 2 1 1 0 0 1 2 0 2 0 1 0 1 0 1 2 1 2 0 1
1 2 0 1 1 1 1 2 1 1 1 1 1 1 0 1 1 1 0 1 1 1 0 0 0 1 1 2 2 0 0 2 1 1 2 0 2 1 2 0 0 1 1 2 1 2 0 1 1 1 1 0
1 0 2 1 1 0 0 2 1 0 0 0 0 2 1 1 0 1 2 2 0 1 1 1 2 2 0 1 1 1 1 0 0 1 2 0 2 0 0 2 1 1 1 1 1 2 1 0 1 1 1 1
1 1 1 2 2 2 1 2 2 2 2 2 0 1 2 1 1 0 1 0 0 1 2 1 2 1 1 0 2 2 1 2 1 1 2 1 1 1 0 1 0 2 0 1 1 1 1 1 1 1 1 0
1 0 0 0 2 1 0 1 1 0 1 1 1 1 1 0 2 1 1 1 2 0 2 1 0 0 2 2 1 2 0 1 2 1 1 1 0 1 1 1 0 1 2 2 2 2 2 1 2 1 1 2
2 0 1 2 1 1 1 2 1 2 1 2 2 1 0 1 1 1 0 0 1 0 1 2 1 1 2 2 2 2 2 2 1 1 1 2 1 2 1 2 2 0 2 1 1 2 1 0 0 0 1 1
1 1 1 1 0 1 0 0 2 0 1 2 2 0 1 0 1 0 2 1 1 2 2 2 2 1 1 0 2 0 0 0 1 2 1 1 0 0 1 2 0 2 1 0 2 1 2 2 2 1 0 2
19 11 16 14
21 31 69 89 108 110 120 118 141 191 183 234 239 324 249 316 340 329 358 439 381 407 445 396 431 590 415 534 504 565 577 753 738 753 769 864 772 708 876 738 783 824 757 839 995 867 782 872 1053 858 1195 925
