52
20
2 2 1 0 2 2 1 2 2 0 2 1 0 0 1 1 2 0 1 2 0 2 0 1 1 1 1 1 1 2 2 0 2 2 2 0 2 1 1 1 0 1 0 2 2 1 2 0 1 0 0 2
1 2 1 1 1 1 0 0 0 1 0 1 1 2 2 1 1 1 1 1 1 1 0 2 1 2 0 1 1 1 1 0 1 0 2 1 0 0 2 1 1 2 1 2 1 2 1 2 2 1 1 0
2 0 1 2 1 0 1 1 0 2 1 2 0 1 0 1 1 2 1 1 2 1 1 2 0 1 1 1 2 2 1 0 1 1 2 2 1 1 1 0 0 1 0 2 0 1 1 2 2 1 0 1
0 0 1 0 0 0 0 2 1 0 0 0 1 2 2 2 2 1 2 0 1 1 2 1 1 1 0 1 1 0 1 0 0 1 2 1 0 2 0 2 2 2 0 0 1 1 1 2 2 1 1 0
2 2 1 0 1 1 1 1 1 1 1 1 1 2 2 0 0 1 1 0 1 0 0 1 1 1 2 2 1 1 1 1 1 1 2 1 1 0 0 0 1 2 2 0 1 2 1 0 0 1 1 2
0 2 1 1 0 0 0 1 2 1 0 0 1 1 2 1 1 1 2 2 1 0 1 1 1 0 1 1 1 1 1 1 1 1 1 1 0 1 1 1 1 2 2 2 2 1 1 1 1 2 1 1
1 2 2 2 1 1 1 2 1 1 2 1 2 1 1 1 1 1 1 2 0 1 1 0 1 1 2 1 0 1 2 1 2 2 2 2 0 1 2 1 1 2 1 1 0 1 1 0 1 2 1 1
2 2 1 1 1 0 2 1 0 1 1 1 0 0 2 2 1 2 1 1 1 2 1 2 2 2 1 1 1 1 1 0 0 1 2 0 0 2 0 1 2 2 1 1 0 1 1 1 2 2 2 1
1 2 1 2 0 1 2 2 2 1 2 1 1 0 0 0 1 1 1 2 2 0 1 2 1 1 1 1 0 0 2 0 1 1 1 0 1 1 2 2 0 0 0 0 0 0 2 0 0 0 1 1
1 0 0 1 0 1 1 1 1 0 1 0 1 2 1 0 2 1 2 1 2 2 1 1 1 1 2 1 0 0 0 1 1 2 2 2 1 1 1 2 1 2 0 1 1 1 0 0 1 2 2 0
1 2 2 1 2 1 1 1 1 2 1 2 0 1 1 0 0 1 0 1 1 1 1 1 1 1 1 0 1 1 1 2 2 1 1 2 1 1 0 1 1 2 0 1 0 1 0 0 0 0 0 0
1 1 2 0 1 0 2 1 2 0 1 2 2 1 1 1 1 1 2 1 1 1 1 1 2 1 1 1 0 1 1 1 1 0 0 1 1 2 2 2 1 0 1 1 2 2 2 2 0 2 1 1
2 0 0 1 2 1 0 2 0 1 1 2 0 1 1 1 0 0 2 2 1 1 2 0 2 0 1 1 2 2 1 2 2 0 0 0 1 1 1 0 2 0 1 1 0 1 0 0 1 2 1 1
1 1 1 2 2 1 0 1 0 2 2 0 1 1 0 2 2 1 2 2 1 2 2 1 0 1 2 1 0 1 0 0 1 2 1 1 0 1 1 1 0 2 1 1 1 2 1 2 1 0 1 1
0 0 2 2 1 2 1 0 1 0 1 1 1 1 2 1 2 0 1 2 0 1 1 0 1 1 2 2 1 1 1 1 1 0 2 2 2 2 2 1 0 2 0 0 1 1 0 1 1 0 1 1
1 0 0 1 0 0 0 0 0 1 1 1 1 1 2 2 2 1 1 1 1 0 1 1 1 1 0 0 1 1 0 1 0 1 0 1 1 1 0 1 1 1 1 1 0 2 0 2 1 1 2 1
0 2 1 2 1 1 1 1 1 2 1 1 2 0 2 1 1 1 0 1 1 2 0 1 0 2 2 2 2 2 0 2 2 2 1 2 1 2 2 0 0 2 1 2 0 1 0 2 1 1 1 0
1 2 1 2 1 1 1 0 0 1 1 0 2 1 2 2 1 1 2 2 1 1 1 1 1 1 2 2 1 1 1 0 1 2 1 2 1 1 1 1 1 2 0 1 1 2 2 2 1 1 1 1
1 1 1 1 1 1 2 2 1 1 2 2 2 1 0 1 0 1 0 1 0 1 2 0 1 1 1 2 1 2 2 1 1 2 1 1 0 2 1 0 0 1 1 1 0 1 1 1 1 0 1 1
0 1 2 1 0 1 1 0 1 1 0 1 1 1 1 1 0 2 1 1 0 1 0 2 0 2 1 1 0 0 0 2 1 0 1 0 0 2 1 0 2 1 1 0 1 0 1 0 2 2 0 2
14 12 14 15
20 46 61 79 94 100 149 168 176 216 238 227 306 298 264 292 295 356 389 473 439 538 566 486 474 491 600 618 573 657 560 604 690 672 717 729 794 665 670 989 688 1010 859 829 977 972 830 893 885 927 932 853
