52
20
0 0 2 1 1 2 2 2 1 1 1 1 2 0 1 1 0 2 1 0 0 0 1 0 1 1 1 2 1 1 2 1 1 1 0 1 2 1 1 1 1 1 1 0 1 1 1 0 1 1 1 1
1 0 1 1 1 1 1 0 1 0 0 1 0 1 1 2 1 1 0 2 1 2 2 2 1 2 0 0 0 1 1 0 0 2 1 0 1 1 0 2 2 0 2 2 2 2 1 0 1 1 2 0
1 1 2 0 1 2 1 2 1 1 2 2 2 1 1 1 1 1 1 1 2 0 1 1 1 1 2 0 1 2 1 1 2 1 1 1 2 2 2 2 0 0 1 0 0 1 1 0 0 1 1 0
1 1 0 0 1 1 0 1 0 0 1 0 0 2 1 1 1 2 1 1 1 1 1 2 1 2 1 1 1 1 0 1 1 0 1 1 2 0 0 1 2 2 2 2 1 2 0 2 1 1 1 1
0 2 2 1 2 2 2 0 1 1 0 2 0 0 0 1 1 1 1 1 0 1 1 1 2 0 2 1 2 2 2 1 1 2 1 1 1 1 2 1 0 0 0 0 0 1 1 2 0 0 2 2
0 1 1 1 0 0 0 1 1 0 1 1 1 1 2 1 2 2 0 1 2 1 1 2 1 1 1 0 0 0 0 1 0 0 0 1 1 1 0 1 2 2 2 1 1 1 2 1 1 2 1 2
1 1 1 2 2 1 1 2 1 1 0 2 2 1 0 0 1 2 1 2 1 2 2 2 0 0 0 2 1 1 1 2 2 1 1 1 2 1 2 0 0 0 0 0 2 1 1 1 1 0 0 0
0 1 0 1 1 1 1 1 1 1 0 2 1 2 2 0 1 1 1 2 1 2 1 2 1 1 1 0 0 1 0 0 1 0 1 1 2 0 1 1 1 2 1 1 1 2 0 1 2 1 0 0
2 0 1 1 1 1 2 0 2 1 1 2 1 1 0 1 0 1 0 0 2 2 2 0 0 2 1 1 0 1 2 2 1 2 0 0 1 1 0 0 2 0 1 1 2 0 1 1 1 1 1 0
0 0 0 1 0 0 0 0 1 1 1 1 0 1 2 1 2 1 1 1 2 1 0 1 1 2 1 1 0 0 2 0 0 1 1 1 0 0 1 0 1 1 1 0 2 1 0 2 0 2 2 2
0 2 0 1 2 0 2 1 2 1 0 0 0 1 0 1 1 0 2 1 0 1 0 1 1 0 1 0 0 2 2 0 1 1 2 0 1 0 2 0 1 1 1 1 1 0 1 1 2 0 2 0
1 1 1 2 0 2 0 2 0 1 1 1 0 1 0 0 1 1 1 1 1 1 1 1 0 1 0 2 1 1 1 0 1 0 1 0 1 1 1 1 1 1 0 2 1 1 2 1 1 2 2 1
1 2 0 1 1 0 1 0 1 1 0 2 0 1 0 1 0 1 0 1 1 1 0 1 1 2 1 1 1 1 2 1 2 1 1 2 1 0 1 2 1 2 1 2 0 1 1 1 0 2 0 0
0 0 1 1 0 0 2 1 0 1 2 0 2 2 1 1 2 1 2 1 2 1 2 1 2 1 1 1 1 0 2 0 1 1 2 0 0 1 2 1 2 2 2 0 0 1 2 1 1 2 1 2
1 2 2 1 1 2 1 1 0 1 1 0 2 1 1 1 2 1 2 2 0 2 0 1 1 1 1 1 2 2 1 1 2 2 0 1 1 2 1 1 1 0 1 0 0 1 1 0 2 1 0 0
1 2 1 0 0 2 0 0 1 1 0 2 0 2 1 1 1 1 1 1 1 2 1 2 1 1 0 0 0 2 2 0 2 2 0 1 1 2 2 1 1 1 1 1 0 0 2 1 2 2 2 1
1 1 2 0 1 1 1 1 1 2 1 1 2 1 0 0 1 1 2 0 0 0 0 2 1 1 0 1 2 0 1 0 2 0 2 1 1 2 2 1 0 1 0 1 0 1 0 0 2 1 1 1
0 0 0 0 0 1 1 1 1 1 1 0 1 2 2 0 2 1 0 2 1 1 1 2 2 2 1 1 1 0 2 0 0 2 0 0 1 2 1 0 1 0 2 2 1 1 0 1 1 1 1 2
0 1 1 1 2 1 2 1 1 2 2 2 2 1 0 0 1 1 1 2 2 0 1 1 1 1 2 1 2 1 0 1 2 1 1 1 2 1 0 1 1 1 1 0 0 1 0 1 0 1 0 0
0 1 0 0 2 0 2 2 1 2 1 1 0 2 1 1 2 2 2 1 2 1 2 0 0 1 1 1 2 1 0 0 0 1 2 0 0 0 1 1 1 1 0 2 2 2 2 2 1 1 2 1
11 15 6 5
8 30 56 69 66 97 134 165 154 172 167 212 234 216 280 276 275 377 296 426 426 405 500 459 549 606 446 544 499 522 555 602 519 594 581 663 768 816 906 732 954 918 680 918 945 1068 915 969 1105 953 979 1130
