52
20
1 1 1 2 2 2 2 2 1 1 2 2 2 0 0 1 1 1 0 1 0 0 0 1 1 2 1 1 2 1 1 0 1 0 1 2 1 2 2 1 1 0 2 0 0 2 1 0 2 2 0 2
2 0 1 1 0 0 1 1 1 1 1 1 0 1 1 1 2 1 1 1 2 0 2 2 0 1 0 2 1 2 0 1 0 1 0 1 1 0 0 2 1 2 1 1 2 1 1 2 1 2 2 1
0 1 2 1 1 1 0 2 2 2 1 1 1 1 2 1 0 2 1 1 0 1 1 1 0 0 0 2 2 1 1 1 2 2 1 2 2 0 2 0 1 2 0 1 0 1 0 2 1 0 1 1
0 1 1 1 1 1 2 1 1 1 2 0 1 2 1 2 1 0 2 2 2 2 1 1 2 2 0 0 0 1 0 1 0 1 1 0 0 0 2 2 1 2 0 2 2 1 1 0 2 1 1 2
2 1 2 1 2 1 1 2 1 1 1 1 2 1 0 1 1 0 2 1 2 1 0 1 1 1 2 1 0 2 1 1 2 1 2 1 1 1 2 0 0 1 0 1 0 1 1 1 1 1 0 2
1 1 1 2 1 2 1 0 0 1 1 0 1 2 1 1 1 1 0 2 1 2 1 2 2 2 0 0 1 0 0 1 1 0 1 1 0 0 2 0 0 1 2 1 2 0 0 1 0 1 1 2
1 2 2 1 2 1 2 2 2 1 1 1 2 0 0 0 2 1 0 0 0 0 1 0 1 1 2 1 1 1 1 1 0 0 2 1 2 2 2 0 1 1 1 0 1 1 1 2 0 1 0 1
1 1 1 0 0 0 0 1 1 1 2 2 1 1 2 2 1 2 2 1 2 0 2 2 0 1 1 0 2 0 1 0 2 1 1 0 0 2 1 2 2 1 1 0 1 1 2 2 0 1 1 2
1 1 2 0 0 1 2 1 2 0 1 0 0 1 1 1 1 0 0 1 0 1 2 0 1 1 2 2 2 1 0 2 2 2 2 2 2 2 1 0 1 0 0 0 1 2 2 2 1 1 1 1
1 1 1 2 0 0 2 0 1 1 1 1 1 2 0 1 2 1 2 1 2 0 1 2 0 1 0 1 0 1 1 1 1 0 1 2 1 0 0 1 0 1 2 1 2 0 2 1 1 2 0 2
0 1 1 1 1 2 1 1 2 0 1 1 2 0 0 1 0 2 0 1 0 2 1 0 0 0 2 1 0 1 1 2 0 2 2 2 1 2 1 2 0 2 1 0 1 1 0 0 0 1 2 2
1 1 1 1 0 2 1 2 0 1 0 1 1 1 2 0 0 0 2 1 1 1 1 1 1 1 1 2 1 1 1 0 1 0 1 1 0 1 2 1 2 1 1 1 2 1 1 1 1 0 2 1
1 1 0 2 1 2 1 1 2 2 0 1 1 0 1 1 1 1 1 0 2 1 1 2 2 0 1 1 1 2 0 2 1 2 1 1 1 1 2 0 1 1 0 1 2 1 1 0 0 1 0 2
0 1 2 0 1 0 1 1 0 1 1 0 0 0 1 1 1 1 2 1 2 0 1 1 1 2 0 1 1 1 1 1 1 2 0 0 1 1 0 1 2 1 0 0 2 1 1 2 0 1 2 2
2 0 2 1 1 1 1 1 1 1 1 0 2 1 1 0 1 1 1 1 1 1 2 1 0 1 1 1 0 2 2 2 1 0 2 2 2 1 2 0 0 1 0 2 1 0 1 1 1 1 0 0
1 2 2 1 1 1 1 2 0 0 0 2 1 2 2 1 0 1 2 2 1 0 2 2 1 2 0 0 2 2 2 1 1 1 1 2 2 1 0 2 1 1 2 1 2 2 2 0 1 1 2 2
2 1 1 1 1 2 1 0 1 1 2 2 0 1 1 1 0 1 2 0 1 1 0 0 1 0 0 2 0 0 1 2 2 1 0 1 1 1 1 0 2 1 1 0 1 1 1 2 1 0 1 1
0 1 2 0 1 1 1 2 1 0 1 1 0 2 2 1 1 1 1 2 2 0 0 0 1 2 0 1 2 0 2 2 1 1 0 1 1 2 0 2 2 2 1 0 1 0 0 1 0 2 2 1
1 0 1 2 0 1 2 0 0 2 2 2 1 2 0 1 0 0 0 2 0 1 0 1 0 1 0 1 1 1 2 2 2 0 2 2 1 1 2 1 1 1 1 0 1 1 2 2 0 1 1 1
1 2 0 1 1 0 0 0 2 1 1 0 1 1 2 2 1 1 2 1 2 2 2 1 1 1 1 0 0 0 2 1 1 2 0 0 0 0 1 1 1 0 1 1 1 1 0 0 0 2 1 2
17 13 20 10
15 38 65 82 92 129 154 169 165 248 214 252 290 336 263 298 357 364 338 355 362 373 424 394 503 541 551 659 578 580 609 554 598 743 633 740 881 719 805 863 976 832 814 1014 904 803 1010 1088 856 853 1049 871
