52
30
0 2 1 1 2 1 0 2 2 2 2 1 2 0 2 0 1 2 0 0 2 1 0 1 2 0 2 2 2 1 2 2 0 1 2 1 0 2 2 2 1 1 0 1 1 1 2 1 0 1 0 2
0 0 1 1 0 1 2 1 1 1 1 1 1 2 2 1 0 1 2 2 1 2 1 1 1 0 1 0 1 1 0 1 1 1 1 0 1 1 0 2 1 0 2 2 1 0 0 2 1 1 2 1
0 1 2 2 2 1 1 1 1 1 2 2 0 1 1 1 1 1 1 0 1 1 1 1 0 2 0 1 1 1 1 1 1 1 2 1 1 0 2 1 1 1 1 1 1 2 1 0 1 1 0 1
0 1 2 0 1 1 0 1 1 1 0 0 1 1 2 2 1 2 1 2 1 0 1 2 0 1 2 0 1 1 0 1 0 2 1 0 1 0 2 1 0 1 1 1 1 2 2 0 0 0 2 2
1 1 0 0 2 1 1 0 2 1 1 2 1 1 0 1 0 0 0 1 1 1 0 1 0 1 2 0 0 0 2 1 1 2 0 1 1 1 2 0 2 0 0 1 1 1 1 1 0 1 0 1
0 2 0 1 0 1 1 2 0 1 2 2 1 1 1 0 1 2 1 2 0 1 0 1 1 0 1 1 1 0 2 0 0 2 0 1 0 2 2 0 1 2 1 1 0 1 1 0 1 2 0 1
1 2 1 2 1 1 1 1 1 0 1 1 2 2 1 1 1 1 1 0 1 1 0 0 0 0 2 1 1 2 1 1 2 1 0 1 1 2 1 1 2 1 0 2 2 2 0 1 0 1 1 0
1 1 1 1 2 2 1 1 1 1 0 1 1 0 1 1 0 1 2 0 1 2 1 2 0 1 1 1 0 2 1 2 0 0 1 1 2 0 1 1 0 1 0 2 1 2 0 2 0 1 0 2
2 2 1 2 1 1 2 1 1 2 2 1 1 1 1 1 1 1 0 0 1 1 1 2 1 0 1 1 1 1 1 2 2 2 2 1 0 1 2 0 2 0 1 1 1 2 0 1 0 1 1 0
1 0 1 0 1 0 0 2 1 1 0 1 0 1 1 1 2 0 1 1 2 2 2 1 1 1 0 0 0 1 1 1 1 0 1 2 1 2 1 0 1 1 1 1 2 2 1 1 2 1 1 2
1 2 0 2 0 1 1 2 2 1 1 2 2 0 0 1 0 0 1 0 1 1 1 0 0 1 2 0 0 1 1 1 1 1 1 1 2 2 2 1 0 1 0 2 1 0 1 1 1 2 0 0
1 1 1 0 1 2 1 1 0 0 1 2 1 1 1 2 1 1 1 1 1 0 1 1 1 1 1 0 2 1 2 1 2 1 0 1 2 1 1 2 1 1 1 1 1 1 2 2 2 0 1 2
1 0 1 2 1 1 1 2 2 1 1 2 0 1 1 1 2 1 0 1 1 0 0 1 1 1 2 2 0 0 2 2 1 1 0 1 1 1 1 2 0 0 1 2 1 1 1 1 1 1 1 0
0 2 1 2 1 1 1 1 1 1 1 0 1 0 0 1 2 1 1 1 1 2 1 1 2 0 1 0 0 2 1 1 0 0 0 0 2 1 2 1 1 0 1 2 1 0 1 2 1 1 1 2
2 2 2 2 1 2 1 1 1 2 2 1 0 0 1 0 2 2 2 1 1 1 1 0 2 1 1 2 1 1 1 0 1 0 1 1 1 1 0 2 1 1 0 0 0 1 0 1 1 1 0 1
2 2 1 2 1 1 1 1 0 1 0 1 0 1 2 2 0 1 2 2 1 0 1 2 2 1 1 0 0 1 0 2 0 0 0 1 2 1 0 2 1 2 0 1 1 2 0 1 1 2 2 2
1 1 2 1 1 1 0 1 2 2 1 1 1 2 1 0 0 1 0 1 2 1 0 1 0 0 2 1 1 2 1 1 2 1 1 0 2 1 1 0 1 1 0 1 1 1 1 1 1 0 1 1
1 1 0 1 1 1 0 1 2 1 1 1 1 2 2 1 2 1 0 0 1 2 2 1 1 2 0 1 0 0 0 1 0 1 1 0 0 1 1 1 2 0 0 2 2 1 0 2 1 1 2 2
0 2 1 1 1 0 2 1 2 1 1 1 1 2 2 1 1 0 0 1 2 1 1 0 1 0 2 1 1 2 1 2 2 0 1 2 1 0 2 1 0 1 1 2 1 0 0 1 0 1 1 0
1 0 1 2 2 0 2 0 2 1 0 1 1 2 1 1 0 0 2 2 2 1 2 0 2 1 0 0 0 2 0 1 1 1 0 1 0 1 1 1 2 0 2 0 1 0 1 1 2 0 1 1
2 1 1 2 1 1 1 1 1 1 1 2 1 0 1 1 2 1 1 1 1 1 1 0 1 0 2 1 2 1 2 0 2 1 2 2 1 1 1 0 0 0 1 0 1 0 0 0 1 1 0 1
2 1 1 2 2 1 1 0 1 1 1 1 1 2 2 1 1 1 0 2 1 1 0 2 1 2 2 1 2 1 0 0 1 1 1 0 1 1 2 2 0 1 1 1 1 1 1 0 1 2 1 0
1 1 2 2 1 2 0 1 2 1 1 1 1 2 1 0 2 2 1 2 0 0 2 0 1 1 1 0 0 2 2 2 2 0 2 2 1 1 2 1 0 0 0 1 1 1 1 1 0 1 1 1
2 0 2 2 1 2 1 0 0 1 1 2 0 2 1 1 2 2 2 2 2 1 1 2 1 2 0 1 1 0 1 0 1 0 0 1 1 2 0 1 0 1 1 1 1 0 1 1 0 2 0 0
1 1 2 1 0 2 1 1 1 0 2 1 2 2 1 1 2 1 0 2 2 0 1 2 1 1 0 0 2 2 1 2 1 2 1 1 0 1 1 0 0 1 0 0 0 1 1 1 0 1 0 1
1 2 1 2 0 0 1 0 0 0 0 0 1 1 1 2 2 2 2 0 2 1 2 1 1 2 1 1 1 1 1 0 0 1 0 1 0 1 0 1 1 0 2 2 2 1 1 0 1 1 1 1
1 1 1 2 0 0 2 1 0 1 1 1 1 1 0 1 0 1 1 2 1 0 1 2 1 0 1 2 1 0 1 2 2 1 1 1 1 1 1 0 1 1 1 0 0 1 0 1 1 1 1 1
2 0 2 1 1 1 1 1 1 0 1 0 2 1 2 1 2 1 1 2 1 2 1 0 0 2 1 1 1 1 0 2 2 1 1 1 1 1 1 1 1 1 2 2 0 1 1 0 1 2 2 2
1 1 1 1 2 2 1 1 2 2 1 0 0 1 2 0 0 2 1 0 0 1 1 0 1 1 1 1 2 2 1 1 0 2 0 2 2 1 1 0 0 0 0 1 0 0 1 0 0 2 0 1
1 1 1 2 1 1 0 2 0 1 1 1 1 0 2 1 1 2 1 1 1 1 1 1 1 1 1 1 0 0 0 2 0 1 1 0 1 1 2 2 2 1 1 1 2 1 1 1 1 1 2 2
17 16 9 21
35 57 78 140 146 192 218 276 267 377 348 321 488 377 411 429 578 633 659 658 552 699 695 690 673 830 925 784 915 907 964 912 908 976 915 1180 1312 1248 1044 1457 1154 1350 1533 1283 1136 1250 1513 1342 1459 1695 1351 1520
