52
20
1 1 1 2 2 1 1 1 2 1 1 2 1 2 1 0 0 0 0 0 0 1 0 1 0 1 2 0 1 2 0 1 1 2 1 0 1 0 1 1 1 1 1 0 1 1 1 1 0 1 1 0
1 2 1 0 1 1 0 1 1 1 1 1 0 1 1 2 0 2 1 1 1 1 1 1 1 1 1 0 1 1 1 0 1 1 0 1 1 0 0 0 1 2 1 2 2 2 1 2 1 0 2 2
2 2 0 1 1 1 1 1 0 2 0 1 1 1 1 1 1 1 0 0 2 2 1 1 1 0 2 1 1 2 1 1 2 1 1 1 1 1 2 2 1 0 1 0 1 0 0 2 0 0 0 1
0 1 1 1 1 1 1 0 2 0 1 2 2 1 1 1 2 0 2 1 2 1 2 1 1 1 0 1 1 1 2 1 0 1 0 1 0 1 1 1 2 2 1 1 2 1 2 1 0 1 2 1
0 1 1 0 2 1 1 1 2 2 1 2 1 1 0 0 1 0 1 1 0 1 1 0 1 2 2 1 1 2 1 2 2 1 0 1 1 1 1 0 1 1 2 2 1 1 1 1 1 0 1 0
1 0 1 0 1 1 1 1 1 1 0 0 0 1 1 1 1 1 2 2 0 0 0 0 0 2 0 2 1 2 0 1 1 0 1 1 2 0 1 2 1 1 1 0 2 1 0 2 2 1 1 1
1 1 2 2 0 2 1 2 2 2 2 1 1 0 1 0 1 1 1 0 1 2 1 0 1 0 0 0 1 1 1 1 0 2 1 1 2 1 1 1 0 0 0 1 0 1 1 0 1 1 1 0
1 0 1 2 0 2 1 0 1 1 0 1 0 2 1 1 2 1 2 0 1 1 2 2 0 1 1 0 1 1 1 2 1 1 0 0 0 1 1 1 1 2 2 1 2 1 2 2 1 1 1 2
1 2 1 0 2 2 2 1 2 2 1 2 1 2 0 0 2 1 1 2 0 1 0 1 1 1 2 1 1 1 0 2 1 1 0 2 2 0 0 0 1 0 1 2 2 0 0 2 1 2 1 2
1 1 1 1 0 1 1 2 0 0 1 1 1 2 1 1 0 1 2 2 1 1 0 2 2 2 1 1 1 2 1 1 2 1 1 0 2 1 1 1 1 1 2 1 1 0 1 0 2 1 2 1
1 1 2 1 1 0 1 1 0 1 0 2 2 2 1 1 2 1 1 0 1 0 1 0 0 1 1 2 1 1 2 1 2 2 1 2 1 2 1 1 1 0 2 0 0 2 2 1 0 2 0 0
1 1 2 1 1 0 2 1 1 1 1 0 1 1 2 1 1 2 2 1 1 2 2 1 1 1 0 0 0 2 1 2 0 2 1 0 1 1 1 2 1 0 0 0 1 2 1 2 1 2 1 1
0 2 1 2 2 1 2 1 2 0 0 1 1 1 0 1 1 1 1 0 1 0 1 1 1 0 1 2 2 1 2 0 1 2 1 1 1 1 2 0 2 1 0 0 0 1 0 1 0 1 2 1
0 0 0 2 2 1 1 1 1 1 0 0 2 2 2 1 1 1 0 1 1 1 1 2 0 0 1 1 1 2 0 2 0 0 1 1 1 1 1 1 1 2 0 1 1 0 0 0 1 2 1 0
0 1 1 1 1 0 1 1 2 1 0 1 0 2 0 1 0 1 0 2 1 1 0 1 1 1 1 1 1 2 1 2 1 0 2 2 0 1 2 1 1 0 1 0 0 1 0 2 0 1 0 2
1 0 2 1 1 1 1 0 0 0 0 1 1 0 0 1 1 1 2 2 2 1 1 1 2 2 1 1 0 1 2 1 0 2 0 1 2 1 1 2 1 1 1 2 2 1 2 1 2 1 1 0
1 1 1 2 2 1 2 1 2 0 1 1 1 1 1 0 0 0 0 1 0 0 1 2 1 0 0 1 0 2 1 1 1 2 2 2 1 1 1 2 1 1 0 1 1 1 0 1 0 1 1 1
1 0 0 1 1 1 1 0 1 0 0 2 1 0 1 2 0 1 0 2 2 0 2 1 2 0 0 1 2 2 0 1 1 0 1 1 1 1 1 1 1 0 1 1 1 1 2 1 2 2 2 2
2 1 2 2 1 1 2 0 0 2 1 2 2 1 0 1 2 2 0 1 0 1 1 0 1 0 1 1 0 1 0 0 2 2 0 2 1 1 1 0 0 1 0 1 2 1 1 1 0 0 1 1
1 0 1 0 1 1 1 0 0 1 1 0 2 1 2 1 1 0 1 2 0 0 1 2 2 0 0 1 1 1 0 0 1 0 1 0 2 0 1 1 1 1 0 1 1 0 1 0 1 1 1 1
16 9 13 12
14 30 67 77 97 136 160 131 172 183 212 272 291 229 249 270 275 284 349 374 488 457 394 465 459 593 560 585 577 554 532 544 692 560 551 681 679 793 912 709 914 935 868 826 916 1008 829 968 1070 916 837 983
