52
20
1 2 2 1 1 0 1 1 2 2 1 2 2 2 1 1 1 0 1 0 0 1 2 2 0 1 1 1 1 2 2 1 1 1 1 1 2 2 2 1 1 0 1 0 0 1 0 2 0 0 0 0
0 0 1 1 0 1 0 0 1 2 2 1 1 1 2 1 1 1 1 2 1 2 1 1 2 2 0 2 2 1 1 0 1 2 0 2 1 2 0 2 1 2 2 0 1 2 1 2 1 0 1 1
0 1 0 2 2 0 1 1 2 0 2 1 0 1 1 1 1 1 1 1 0 0 2 1 0 1 2 1 2 2 2 1 2 0 0 1 0 2 0 0 1 0 2 1 0 0 1 1 1 1 0 0
1 0 2 1 1 1 1 0 1 0 0 0 1 1 0 2 1 1 1 1 2 0 1 1 1 1 0 1 1 1 1 1 0 0 0 1 1 1 0 0 1 1 1 1 2 2 1 2 2 2 1 1
1 2 1 1 1 1 1 1 1 0 0 2 0 2 1 1 0 0 1 1 2 1 0 1 0 0 2 0 0 0 2 1 1 0 1 0 2 1 1 2 0 1 1 1 2 1 1 2 1 0 0 0
0 2 0 1 1 0 1 0 0 1 2 2 0 2 2 2 1 0 2 2 1 2 0 2 0 2 1 1 1 2 1 0 0 2 0 1 0 2 1 1 1 1 1 2 1 2 0 1 1 2 2 1
2 1 2 1 1 1 1 0 1 0 0 2 1 0 2 1 1 2 1 2 1 2 1 1 0 2 1 0 1 1 1 2 2 0 1 1 0 1 2 2 0 1 1 0 1 1 0 1 1 1 1 0
0 2 0 0 1 0 0 2 1 0 1 0 1 2 1 0 1 1 0 0 1 1 1 2 0 2 0 1 0 1 1 1 2 1 0 2 1 1 1 2 1 1 1 1 1 1 2 1 1 1 1 1
1 2 1 2 2 2 1 1 2 1 1 0 2 1 0 2 0 1 1 2 2 2 0 1 1 1 0 1 2 1 1 2 1 1 2 2 1 2 0 0 1 1 0 1 1 0 2 1 1 1 2 1
1 1 2 1 2 2 2 0 0 0 1 1 0 0 1 2 1 2 2 1 2 1 0 1 1 1 0 0 0 1 0 0 0 1 2 1 1 0 1 2 0 1 2 1 1 0 0 2 1 1 1 0
0 2 1 1 1 1 1 2 2 1 1 2 2 0 1 2 1 1 2 1 0 0 0 1 1 0 1 1 2 1 2 0 1 2 2 1 2 1 1 1 0 2 2 1 0 1 0 1 0 0 1 1
1 1 2 2 0 2 2 0 0 1 2 1 1 2 2 0 2 2 2 1 2 0 1 2 2 1 0 1 1 0 1 1 1 0 1 0 2 1 0 2 1 1 2 1 0 0 2 2 2 1 0 1
2 2 1 1 1 1 2 1 0 1 1 1 0 1 1 0 1 0 0 1 0 0 1 1 0 1 1 2 1 1 2 1 0 1 1 0 2 1 0 0 1 0 2 1 0 0 1 1 2 1 2 1
1 1 0 2 0 1 2 2 1 0 2 1 2 2 1 2 0 1 1 1 1 1 1 1 1 0 1 0 1 1 1 1 1 0 1 1 1 1 0 0 0 2 2 1 1 1 1 2 1 0 1 1
1 0 0 1 2 0 0 1 1 2 1 1 1 0 1 2 1 1 1 1 0 1 0 0 1 1 1 0 2 2 1 1 2 1 2 1 1 2 0 1 1 0 1 0 0 0 1 1 0 1 1 1
1 1 1 1 1 1 0 1 0 0 1 0 1 2 2 0 2 2 1 0 2 1 1 0 1 1 1 1 1 1 1 2 1 1 1 0 2 1 1 1 1 2 1 2 2 1 1 1 0 1 1 1
2 1 1 2 2 2 1 1 2 1 2 0 0 1 1 0 1 0 1 0 1 0 1 0 1 2 1 1 0 0 1 1 2 0 2 0 2 2 2 1 0 1 2 1 2 1 1 1 1 0 1 1
0 1 0 2 1 1 1 1 1 0 1 0 2 1 2 2 1 0 2 0 2 1 2 2 0 1 1 1 2 1 0 1 1 1 1 1 0 1 0 2 1 1 2 1 2 2 2 2 0 1 1 2
0 1 2 2 1 1 1 1 1 1 2 1 2 0 1 0 2 0 1 0 1 0 0 1 1 1 0 2 1 0 1 1 2 0 1 2 2 1 1 1 1 0 1 0 0 1 2 0 0 2 0 0
1 1 1 0 1 2 0 2 1 0 1 0 1 2 1 1 2 1 1 1 2 1 1 2 1 1 1 2 1 1 0 1 0 1 2 2 1 1 2 1 0 1 1 2 1 1 2 0 1 1 1 1
18 17 20 24
12 35 71 79 94 108 130 155 217 182 194 241 245 270 345 356 332 327 361 379 424 474 371 511 551 589 595 540 644 646 736 595 544 663 706 831 753 764 631 721 798 779 955 1042 724 1005 1098 926 1029 1006 916 1163
