52
20
1 1 1 0 2 1 1 2 1 1 2 1 1 2 1 1 0 0 0 1 1 0 2 1 1 0 2 1 1 1 0 1 1 1 2 0 1 1 0 1 0 0 1 1 1 0 0 1 1 1 2 0
0 0 0 1 2 2 2 1 1 1 1 0 0 1 1 2 2 2 1 0 1 0 1 1 1 1 1 2 1 0 1 1 1 1 1 1 1 0 2 2 1 1 2 2 1 0 1 1 1 2 2 0
0 2 0 1 1 0 1 2 0 1 0 1 1 0 1 0 1 1 1 0 2 1 0 1 1 0 2 1 1 1 1 1 0 1 2 2 1 0 2 1 2 0 0 0 1 1 0 2 1 0 2 2
1 1 0 0 1 1 0 0 0 2 1 0 0 1 2 0 1 2 2 1 0 1 1 1 1 1 1 0 0 0 2 0 1 1 0 0 0 1 1 2 1 2 1 2 2 1 2 2 1 1 0 1
2 1 1 2 1 2 1 1 0 2 1 2 1 1 1 2 1 0 0 1 0 0 0 1 1 0 0 1 1 0 2 1 0 2 1 2 1 1 2 1 2 0 0 2 1 0 1 0 0 1 2 0
1 1 2 0 1 0 1 0 0 1 2 1 0 0 0 2 1 2 1 2 1 2 0 1 2 2 0 0 0 0 2 1 2 2 1 1 0 2 1 2 1 1 2 1 1 1 2 2 2 1 2 1
1 1 1 0 0 2 1 0 2 1 1 2 1 1 1 1 2 0 1 1 1 0 0 2 1 1 1 1 1 2 2 0 2 1 1 1 2 1 2 0 0 0 0 1 1 1 1 2 1 1 1 0
2 1 1 1 1 1 1 1 1 0 1 1 0 1 1 0 1 1 1 1 2 1 0 2 2 1 1 2 0 1 0 1 1 0 1 2 1 1 0 2 1 1 2 0 1 1 2 1 2 1 0 0
1 0 2 2 2 2 1 2 2 2 2 2 2 1 0 2 0 1 2 1 0 2 0 0 1 1 1 1 1 1 0 2 0 1 1 0 0 1 1 2 1 1 1 0 1 2 0 2 1 0 1 0
2 1 0 1 1 1 1 1 1 1 0 0 1 2 0 2 0 1 2 0 2 1 1 1 1 1 1 1 1 1 1 2 1 1 1 1 1 0 1 2 1 2 2 2 2 1 1 1 2 0 1 2
1 1 2 1 0 2 1 0 2 1 1 1 1 1 1 0 0 1 1 0 2 2 1 1 0 1 1 2 1 2 2 2 2 1 0 0 0 1 2 0 2 2 0 1 2 1 2 0 1 0 1 0
1 1 0 1 1 2 1 1 1 1 2 1 0 2 2 1 1 1 1 0 0 1 1 1 2 2 2 0 1 0 1 2 1 1 2 0 0 0 1 2 0 1 0 2 0 2 1 1 1 2 1 1
2 1 1 1 1 2 2 1 1 1 0 0 2 0 0 1 0 2 1 1 0 1 1 1 1 1 1 2 1 0 2 0 2 0 2 2 2 2 2 0 1 1 1 2 2 1 1 1 1 1 2 0
0 0 0 0 1 1 1 1 1 2 1 0 0 1 1 1 2 2 1 0 0 1 2 1 1 2 2 2 1 0 1 1 1 2 2 2 0 1 2 1 2 2 1 2 2 1 2 0 1 2 1 1
1 1 1 2 1 2 1 2 1 0 2 1 0 1 0 1 0 1 0 0 0 1 1 1 2 1 1 1 1 0 1 0 2 2 2 2 2 1 2 0 1 0 1 1 2 1 0 2 0 1 2 0
2 1 1 1 1 1 1 0 1 1 0 1 0 1 1 2 1 1 2 1 1 2 1 2 2 1 0 1 2 1 0 1 1 0 1 0 1 1 2 1 2 0 2 1 2 1 1 2 2 1 1 1
2 1 0 1 2 2 2 2 1 1 1 1 2 1 0 1 0 1 1 1 2 1 2 0 0 0 1 1 2 1 1 1 1 1 2 0 1 1 0 1 0 1 2 1 1 1 1 1 0 1 1 0
0 1 0 2 0 0 1 1 0 1 1 0 0 1 1 0 0 1 1 1 1 2 1 2 2 1 1 1 0 0 1 2 0 1 1 0 0 1 1 2 2 1 2 1 2 1 1 2 1 0 2 1
2 2 2 2 1 1 2 1 1 2 1 1 2 1 1 0 1 0 1 1 2 1 2 1 1 1 1 1 1 1 2 2 1 2 1 1 1 1 1 2 0 1 0 0 0 1 2 0 0 1 0 0
2 0 0 1 1 1 1 0 1 1 1 0 1 2 1 1 2 1 1 1 1 1 2 1 2 2 1 1 1 0 2 1 1 1 1 1 0 0 0 2 1 1 1 2 0 1 1 2 1 1 1 2
16 14 19 17
21 47 61 70 80 144 122 147 171 223 253 261 248 285 301 260 397 351 376 454 434 392 467 402 524 598 559 536 582 552 671 601 627 646 634 786 808 792 792 892 892 822 898 839 739 1015 909 1033 945 896 877 916
