52
20
2 2 1 0 1 1 1 2 2 0 2 1 0 1 2 2 1 2 1 1 1 0 2 2 0 1 0 1 1 1 1 0 2 2 1 0 2 2 2 2 1 0 1 1 0 1 0 0 0 0 2 1
0 1 0 1 2 1 1 2 1 1 1 0 2 1 2 2 2 2 1 1 1 1 1 0 1 2 1 1 0 0 0 1 0 1 1 2 1 0 1 1 2 1 2 0 1 0 1 0 1 2 1 0
2 1 2 0 1 2 1 0 0 2 1 0 2 1 1 2 1 1 1 2 0 1 0 1 1 1 2 2 2 0 1 1 0 1 2 2 2 0 2 1 1 1 1 1 1 1 1 0 0 1 0 0
1 0 0 1 2 2 0 0 0 1 1 1 1 0 0 0 1 2 2 1 1 1 2 2 0 1 0 2 1 0 0 1 2 1 0 0 0 1 1 1 1 1 1 2 1 1 0 2 1 1 2 0
1 1 2 2 2 1 0 0 1 1 1 1 2 1 1 0 1 0 1 1 0 1 1 0 2 1 1 2 1 2 2 2 1 2 0 1 0 1 2 1 1 0 1 1 1 1 1 1 0 1 0 2
1 1 1 0 0 1 2 1 1 1 1 1 1 0 1 2 1 1 1 1 0 2 0 1 0 1 1 1 1 1 0 0 2 0 0 1 2 1 0 2 2 2 0 1 2 2 2 2 1 1 1 1
1 2 0 0 1 2 1 1 1 1 1 2 0 1 1 1 1 0 1 1 0 1 0 1 2 1 0 2 1 1 1 2 2 2 0 1 1 1 1 1 1 0 1 0 0 0 1 1 1 2 0 1
0 1 1 0 0 0 0 1 0 0 0 0 1 2 1 1 2 1 1 2 1 1 2 0 1 2 1 0 0 2 2 1 2 1 1 1 1 0 1 1 0 2 1 1 2 0 0 2 1 1 0 1
1 2 0 1 2 1 2 1 1 1 2 1 1 0 0 1 1 1 0 0 0 0 0 1 1 0 1 2 1 2 1 1 0 1 2 1 1 2 1 1 0 0 1 1 0 2 0 0 0 1 0 0
1 1 1 0 2 1 2 1 1 2 1 1 1 1 1 1 2 1 1 2 1 1 1 0 1 2 1 0 2 1 1 0 1 1 1 0 0 0 1 1 0 1 1 1 2 2 2 1 1 1 1 1
2 1 1 2 0 1 1 0 0 1 0 1 2 0 0 1 1 1 1 1 0 1 0 0 1 1 2 0 0 2 1 0 1 1 1 1 1 1 1 1 1 1 0 1 1 2 1 0 1 1 0 0
2 1 0 0 1 2 0 0 1 2 1 0 1 1 1 1 2 1 1 2 2 2 0 1 1 1 2 2 1 2 0 1 1 1 1 1 2 0 0 1 1 1 1 1 1 2 1 1 1 1 1 1
1 1 2 2 2 0 1 1 2 1 0 1 0 0 1 2 0 2 1 0 0 1 1 1 0 0 1 2 1 2 1 2 2 2 1 2 2 2 2 1 2 2 2 2 1 2 0 0 1 1 2 1
0 0 2 1 0 0 0 2 1 1 0 1 0 2 1 2 1 2 1 1 2 1 1 2 2 2 0 0 2 2 2 1 1 1 2 1 1 1 2 1 1 1 1 2 1 1 1 2 1 1 1 2
2 1 2 1 1 1 2 0 0 1 1 1 1 1 1 1 1 0 1 1 0 1 1 0 0 0 2 2 0 1 1 1 1 1 1 1 1 1 0 1 1 1 2 2 0 1 1 1 0 1 1 1
2 1 0 2 0 0 0 1 1 0 0 0 1 0 1 1 2 0 1 2 2 1 2 0 1 1 1 1 0 1 1 1 1 1 0 1 0 1 1 1 2 2 2 0 1 1 1 1 2 1 2 2
1 1 2 1 1 0 2 0 1 1 1 2 2 1 0 1 2 1 1 1 1 0 1 0 1 2 2 2 0 2 2 1 1 1 2 1 1 0 0 1 1 0 2 1 0 0 1 1 1 2 1 1
0 1 1 1 1 1 1 1 0 1 2 0 0 1 2 1 2 1 1 1 2 2 2 0 1 1 0 2 0 1 0 2 2 2 2 2 0 0 0 2 1 1 2 0 2 2 2 2 0 1 1 1
2 2 1 1 1 2 0 1 1 1 1 0 2 1 1 0 0 0 1 0 0 0 1 0 1 2 1 2 2 1 2 1 0 1 0 2 1 1 1 1 2 1 0 2 2 2 1 1 0 1 1 1
1 0 0 0 0 1 0 1 0 1 2 1 1 2 1 1 1 1 1 0 2 2 1 0 2 1 2 2 0 2 1 0 0 1 1 1 2 0 1 1 2 2 1 1 2 2 1 2 2 2 0 1
18 26 19 18
23 35 60 91 82 129 135 146 135 209 179 228 254 285 279 268 365 313 363 458 425 450 397 368 544 469 525 436 552 480 603 732 523 790 805 626 600 762 731 768 844 844 982 919 877 801 755 839 1036 1045 1093 1216
