52
20
2 1 1 2 1 0 1 1 2 2 1 1 1 1 1 0 2 0 0 0 1 1 0 0 0 1 1 1 1 1 0 0 2 2 2 1 1 0 1 1 1 1 1 1 2 0 1 1 2 0 0 1
1 0 0 2 1 1 1 1 1 1 1 0 2 2 0 1 1 0 1 0 1 2 1 1 1 1 1 1 1 1 2 1 0 0 1 1 0 0 1 2 2 2 2 2 2 1 1 2 0 1 2 1
1 0 1 1 1 1 1 1 1 1 2 2 1 2 0 0 0 1 0 0 2 1 2 1 1 2 1 0 2 0 1 2 2 1 0 1 1 2 0 1 0 0 0 1 1 1 0 0 1 0 0 1
0 0 0 0 1 1 0 1 0 1 2 1 1 1 2 2 2 1 2 0 1 2 2 2 2 1 1 0 1 1 0 1 1 1 1 1 1 1 0 0 2 0 0 1 2 1 0 2 2 2 2 2
2 2 1 0 2 2 2 2 0 1 2 0 1 0 1 0 2 1 1 1 2 1 1 1 1 0 1 2 1 1 1 2 2 0 1 2 0 1 1 1 1 0 2 1 1 0 1 1 1 0 1 1
2 1 2 0 2 1 0 0 2 0 0 1 0 0 1 2 1 1 2 1 2 1 1 2 1 1 1 0 1 1 1 1 1 0 0 0 1 0 2 1 1 1 1 2 0 1 2 2 2 1 1 0
1 2 1 1 1 2 1 2 2 1 1 2 2 1 1 0 0 1 1 1 0 1 2 0 0 2 0 1 1 1 2 0 2 1 1 1 1 0 2 2 1 1 0 1 1 1 0 0 1 1 1 0
1 1 0 1 1 1 1 0 2 1 0 1 1 2 1 2 0 2 2 2 2 1 1 1 1 0 1 1 2 1 1 1 0 1 0 0 0 1 1 2 2 0 2 1 2 1 1 2 1 1 1 0
1 1 1 0 2 0 1 2 1 1 2 2 2 0 1 0 1 1 1 0 0 1 0 1 0 2 1 2 2 2 0 1 1 2 1 2 0 2 1 0 2 0 1 2 1 0 2 1 0 2 1 1
1 2 1 0 0 2 1 0 0 0 2 2 0 1 1 1 2 1 2 1 1 1 1 1 1 2 1 1 1 1 0 1 2 1 1 1 1 1 2 2 1 0 2 1 1 2 1 1 0 2 0 2
1 1 0 0 2 0 2 1 1 1 2 0 2 1 0 1 1 1 1 1 1 0 0 0 1 1 2 1 1 1 2 1 1 2 2 2 0 1 2 1 1 0 2 0 0 2 1 0 1 0 0 0
0 0 0 1 1 1 2 1 1 1 1 1 1 2 2 2 1 1 1 1 2 1 2 2 0 1 2 1 2 1 1 1 2 0 0 1 0 0 0 1 1 2 0 1 1 2 0 2 2 1 0 0
1 1 2 1 0 1 2 1 1 1 2 1 1 0 0 0 1 1 2 1 0 1 2 0 0 1 1 1 0 1 0 1 1 1 1 2 1 2 2 1 2 1 0 0 0 0 1 1 2 0 0 1
1 0 1 2 2 0 1 1 1 0 2 2 2 1 1 0 1 0 1 2 1 1 1 1 0 1 0 1 1 2 0 2 1 0 0 0 0 1 1 0 2 0 1 1 1 2 0 1 1 2 0 1
0 1 0 0 0 0 0 1 2 1 2 2 2 1 1 1 0 1 1 0 0 1 0 1 1 1 2 1 1 2 1 1 1 2 0 1 1 1 0 1 0 0 0 1 1 1 0 1 1 0 2 0
1 0 0 0 1 0 0 1 0 2 1 1 1 2 0 1 0 1 2 1 2 0 2 1 1 1 1 1 1 1 1 2 0 1 2 0 1 0 1 1 0 1 2 2 1 2 1 1 2 1 0 2
1 0 0 1 0 2 0 2 1 0 1 2 1 1 1 0 1 1 2 1 0 0 0 0 0 0 1 1 1 1 2 2 1 0 1 2 0 0 2 1 0 0 0 0 1 1 1 1 2 0 1 1
0 2 1 1 1 0 2 0 0 0 1 2 1 2 0 1 2 1 2 1 1 1 1 1 2 1 0 1 2 1 1 1 0 0 0 1 0 0 1 2 1 1 2 0 1 1 2 1 2 2 1 1
2 0 2 1 1 1 2 0 2 1 2 2 1 0 2 0 1 1 0 1 1 2 2 1 0 1 0 1 1 0 0 2 1 1 2 1 1 2 1 2 2 0 2 1 1 0 0 1 1 0 0 2
0 2 0 0 0 0 0 2 1 0 2 1 1 1 1 1 0 2 1 1 1 2 2 0 1 2 1 1 1 0 1 2 1 1 0 1 1 0 2 0 2 1 2 0 2 0 1 1 1 1 1 2
16 19 12 18
19 38 49 68 88 119 103 132 176 188 171 273 211 320 300 346 268 299 309 332 400 452 524 402 456 436 536 436 458 486 663 752 528 738 760 607 638 672 892 726 738 849 812 977 1013 768 814 1100 793 927 1031 975
