52
20
2 0 2 1 2 2 0 0 2 1 1 2 1 1 0 1 0 0 1 0 1 0 0 1 0 0 2 1 2 1 1 1 1 0 1 1 1 1 2 2 0 1 1 1 0 0 1 1 2 1 0 0
0 1 1 2 0 1 0 1 2 2 1 1 0 1 1 1 1 0 1 1 1 1 1 2 1 1 1 2 1 2 1 0 0 0 1 1 0 2 0 1 1 1 1 2 2 2 1 2 2 2 1 2
2 2 2 2 0 1 2 1 0 2 1 2 1 1 0 1 1 2 0 1 0 0 0 0 0 1 1 1 2 2 2 1 1 1 2 0 0 1 1 1 2 1 2 0 1 1 0 1 1 0 1 0
1 2 0 1 1 1 0 1 0 1 2 1 1 1 2 1 1 0 0 2 2 1 1 1 2 2 1 2 1 1 1 0 0 1 1 1 1 1 2 1 1 2 2 1 1 1 0 1 1 1 0 2
2 1 1 1 2 1 1 2 1 1 1 1 1 2 1 1 1 1 0 1 0 1 1 0 1 2 2 2 2 2 1 1 1 1 1 1 0 2 0 1 0 0 1 1 2 2 0 0 1 0 0 0
0 2 1 0 1 1 1 1 1 1 1 1 1 1 1 0 2 1 2 2 1 1 2 0 2 0 0 1 0 0 0 1 0 1 2 0 1 2 1 1 0 2 0 0 1 2 2 2 1 0 2 2
1 2 1 1 1 1 1 1 1 2 1 2 1 1 0 2 1 2 0 1 1 0 0 2 0 2 2 1 0 1 1 2 1 1 2 2 1 0 1 0 0 1 1 0 0 0 0 1 1 0 0 0
2 0 1 0 1 1 1 0 1 0 0 1 0 2 2 2 1 2 1 1 1 2 0 1 2 1 0 0 1 1 0 1 0 1 1 2 0 1 1 2 1 2 1 1 2 1 1 1 1 2 2 1
2 2 1 1 1 1 1 1 0 1 1 1 1 1 0 0 1 0 1 0 0 0 2 1 2 1 1 0 1 1 1 1 1 0 1 0 2 1 0 1 0 2 0 1 1 0 1 1 0 1 1 1
0 0 0 0 1 1 0 0 1 0 0 1 1 2 1 1 1 1 1 0 1 1 2 0 2 1 1 1 0 0 1 0 0 0 0 0 1 0 1 1 1 1 1 2 2 1 1 1 2 0 1 1
1 2 1 2 2 1 1 2 1 1 1 2 1 1 2 2 2 1 0 0 1 0 2 2 1 2 1 0 1 1 1 2 2 1 0 2 1 1 1 1 2 0 1 1 0 1 1 0 0 1 1 1
2 1 0 1 1 1 1 0 0 0 0 0 1 0 1 2 2 2 0 1 1 2 1 0 0 1 1 1 1 1 0 0 0 1 0 1 1 1 1 0 1 1 1 2 1 0 2 1 2 0 1 1
1 1 1 2 1 1 1 2 2 1 0 2 1 0 1 1 1 1 2 1 1 1 0 1 1 0 2 2 0 1 1 1 2 1 2 1 2 1 1 1 0 1 0 1 0 0 0 2 1 1 1 0
0 1 2 1 1 0 2 0 2 0 0 2 1 2 2 2 2 2 2 0 2 1 2 1 2 1 1 1 1 1 0 0 2 2 2 1 1 1 1 1 0 2 1 1 1 2 0 2 1 1 1 1
1 1 0 0 0 1 2 1 1 0 1 1 1 2 0 0 0 1 1 2 1 2 0 1 0 2 1 2 2 1 2 0 2 1 1 2 2 2 0 2 0 1 1 1 1 2 1 0 2 0 1 2
2 1 0 0 2 0 0 2 1 0 0 1 1 2 1 1 1 0 2 1 1 1 1 0 1 1 1 1 1 2 1 1 0 1 0 1 0 1 0 1 1 1 0 2 2 1 0 2 1 2 1 1
1 0 1 1 2 2 2 1 1 2 1 2 1 0 1 2 0 2 0 1 2 2 1 0 1 1 1 2 1 2 1 0 1 2 1 1 1 0 1 1 0 1 1 0 2 2 1 2 1 0 0 1
0 1 0 1 0 1 1 2 0 0 1 1 1 1 2 2 1 1 1 0 1 1 2 1 1 1 0 1 0 1 1 1 0 0 1 0 1 0 1 1 1 0 2 1 1 2 2 1 1 0 1 1
1 0 2 1 0 2 1 1 1 1 2 1 1 1 2 1 1 1 1 1 0 0 0 1 0 0 2 0 1 1 1 2 1 2 1 1 1 1 0 0 1 1 0 1 2 1 0 2 0 0 1 1
1 1 0 1 2 2 1 0 1 1 1 0 2 1 1 1 1 2 1 2 2 2 1 2 1 2 0 1 1 1 1 0 0 0 0 1 0 0 1 1 2 1 1 0 1 2 0 0 1 2 1 1
14 9 16 16
20 49 70 68 93 123 144 130 170 203 185 249 219 240 243 299 327 370 455 406 366 517 403 545 595 460 610 584 573 483 663 599 685 743 721 805 615 827 798 870 866 920 907 1009 803 1023 890 993 1022 847 915 835
