52
30
2 2 1 2 1 1 2 1 1 1 0 2 1 0 1 1 0 1 0 1 0 1 1 1 2 1 2 0 1 1 1 2 2 1 1 2 2 1 1 0 0 0 1 1 2 1 2 1 0 2 1 0
0 1 1 2 1 1 0 1 1 0 2 1 1 1 2 1 1 2 2 1 1 2 1 1 2 2 1 0 0 0 0 2 0 1 2 2 1 0 1 1 1 1 1 1 1 1 1 1 1 2 1 1
1 2 2 1 1 2 2 0 0 0 2 1 1 2 1 0 0 0 0 0 0 0 2 0 1 1 1 0 1 2 2 1 2 1 1 2 0 2 1 1 1 1 1 1 0 0 1 2 1 0 1 1
1 1 1 2 1 1 0 2 1 1 0 2 2 1 2 1 1 1 1 1 1 2 2 0 0 2 1 1 0 2 0 1 2 1 1 2 1 1 2 0 1 2 2 1 1 1 2 1 2 2 1 0
1 2 1 2 1 1 0 1 1 2 2 1 1 2 2 1 0 0 1 0 1 0 0 0 0 2 1 0 1 1 1 1 1 2 0 1 1 0 0 0 0 1 0 1 1 1 1 0 0 1 0 0
1 1 1 1 2 1 1 1 0 1 1 0 0 1 1 1 1 2 1 1 2 0 2 2 1 2 0 1 2 1 1 1 2 1 1 0 1 1 0 0 1 1 2 2 0 1 2 1 2 1 1 0
1 0 2 1 1 2 2 2 2 1 1 1 2 2 0 1 1 1 0 1 2 1 0 1 0 2 0 0 2 2 1 2 0 1 2 1 1 2 2 1 0 1 1 2 1 1 1 0 0 0 1 0
2 1 1 1 1 1 0 1 0 1 0 0 1 1 2 2 1 1 2 2 1 2 2 1 2 2 1 1 1 2 0 1 1 0 0 2 0 0 1 1 1 0 0 1 2 2 0 2 1 1 2 2
2 0 1 1 1 1 2 1 1 0 2 1 1 0 0 1 0 0 0 0 1 1 1 1 0 1 0 2 1 2 2 1 1 2 0 1 1 0 0 1 1 0 0 0 2 1 0 2 1 1 0 0
2 0 0 0 0 1 2 2 2 0 1 1 1 2 2 0 1 1 1 1 1 0 0 1 1 0 0 2 0 0 1 2 2 0 1 0 1 1 0 1 1 2 2 1 2 1 2 2 0 1 2 1
2 1 1 1 2 2 2 0 1 2 1 2 2 0 1 1 2 0 1 1 1 0 0 0 1 1 0 1 1 1 0 1 1 1 0 2 1 1 2 1 0 2 1 1 0 0 1 1 1 1 1 1
2 1 1 0 1 1 1 2 2 1 2 0 0 1 1 2 2 1 0 0 1 1 1 2 1 1 0 0 1 2 1 1 1 1 0 0 0 1 1 1 1 0 1 2 1 2 1 1 1 0 0 1
1 2 2 1 1 1 0 1 1 0 2 1 1 1 1 2 1 1 1 1 1 1 0 2 0 0 1 2 0 1 1 1 1 1 0 1 2 1 0 1 0 1 1 0 1 1 0 1 1 0 1 2
0 1 0 0 0 0 1 1 0 0 2 1 0 1 2 2 1 2 2 1 2 0 1 1 0 1 2 0 2 1 1 1 1 1 1 1 2 0 2 2 1 1 1 2 2 2 2 2 1 2 1 2
1 2 0 2 2 2 1 2 2 0 1 1 2 1 1 1 1 0 2 2 2 2 2 1 1 0 2 2 2 1 1 2 2 1 2 1 1 1 2 1 0 1 1 0 0 1 2 1 0 1 1 0
2 2 1 1 1 2 0 1 0 1 1 1 0 2 2 2 1 1 1 2 1 2 1 0 1 2 1 0 1 2 0 1 1 0 0 1 1 1 0 2 2 2 2 1 1 0 2 1 1 1 1 1
2 1 1 0 0 2 1 2 0 2 2 0 1 1 0 0 1 1 2 1 0 1 1 1 2 0 1 1 1 1 1 2 1 2 2 2 2 1 2 2 0 1 1 0 1 1 1 1 0 1 1 0
1 0 0 0 1 1 1 2 1 1 1 0 1 1 2 2 0 0 1 2 0 2 1 2 2 1 2 1 2 0 1 0 0 1 1 2 0 1 2 1 0 1 0 2 2 2 1 1 1 1 0 2
2 0 0 1 2 1 1 1 0 1 1 2 2 2 0 0 2 1 0 2 0 1 1 0 1 1 0 1 2 1 1 1 2 1 1 1 2 1 0 1 1 1 1 0 2 1 1 1 0 0 0 1
1 1 1 0 0 0 0 0 0 0 1 0 1 1 1 0 2 1 1 2 2 1 1 2 2 1 0 2 2 1 1 1 1 0 1 2 1 1 0 0 1 1 1 2 1 2 2 1 1 2 1 0
1 0 2 1 2 0 0 0 1 2 2 1 1 1 0 0 0 1 0 1 2 1 1 1 1 2 1 0 1 1 2 2 2 2 1 2 1 2 2 1 0 0 1 0 1 1 0 0 2 1 1 0
1 0 0 0 1 1 0 1 2 1 1 1 0 2 2 1 2 1 2 1 1 1 1 1 1 1 0 1 1 1 0 1 0 1 2 1 0 1 1 2 2 2 1 2 1 1 2 1 1 2 2 0
1 1 1 1 0 0 1 2 1 1 0 2 1 1 1 1 0 0 0 2 2 1 1 0 2 1 1 1 0 1 1 2 1 0 1 1 0 2 2 0 0 1 0 0 2 0 0 1 1 0 1 1
1 0 0 0 0 1 1 1 1 2 1 0 0 1 1 1 0 1 2 1 2 1 2 1 1 2 1 0 1 1 1 2 1 1 2 2 1 1 2 1 2 1 2 1 2 1 1 1 1 2 2 1
1 2 2 1 0 2 1 0 0 2 0 0 1 0 0 1 1 1 0 1 1 1 0 0 1 1 1 2 1 1 2 1 0 1 2 2 2 1 0 2 1 1 1 1 1 2 2 1 0 0 0 0
1 1 1 1 1 2 0 1 2 1 0 0 0 1 1 2 1 1 1 2 1 1 1 2 1 1 1 0 0 1 0 1 0 1 1 0 2 0 1 2 1 0 2 1 1 1 2 2 1 1 0 1
1 2 0 2 1 2 1 0 1 2 1 2 1 1 0 0 0 1 0 1 0 0 0 1 0 1 0 0 1 0 2 1 1 1 1 1 1 1 1 0 0 0 2 1 1 1 0 2 2 1 1 1
1 0 1 1 1 2 1 1 1 1 1 1 1 1 0 1 0 1 2 0 2 1 2 1 1 1 2 1 0 2 2 0 1 1 0 1 0 1 1 0 2 1 2 1 1 1 0 2 2 2 2 1
1 1 1 0 1 2 1 0 2 1 1 2 1 1 1 0 0 1 0 2 1 0 1 1 1 1 0 1 2 1 0 2 1 1 0 1 2 1 1 1 1 0 0 1 2 1 1 1 0 1 1 0
1 1 0 1 1 1 0 0 0 0 0 0 1 1 2 0 1 1 1 2 2 1 2 1 1 0 1 0 0 0 0 1 0 1 1 1 1 1 0 0 1 1 2 2 2 1 0 2 1 0 1 2
18 10 9 24
30 77 89 109 158 179 192 242 303 341 367 345 382 361 453 401 536 623 588 600 502 692 629 769 710 907 947 974 861 821 783 825 1003 1096 871 896 1183 1269 1306 1004 1179 1094 1450 1076 1252 1578 1225 1448 1431 1355 1261 1331
