52
20
1 1 2 1 0 2 1 2 1 0 2 1 1 0 2 1 1 0 1 1 1 0 1 1 0 1 1 2 0 2 2 1 0 1 2 1 1 0 1 1 1 0 2 2 1 1 0 1 1 2 2 1
2 1 1 1 0 1 1 2 0 0 1 2 1 1 1 1 2 1 1 2 1 0 2 0 0 1 0 2 1 1 0 0 0 1 1 1 1 2 0 1 2 2 2 2 2 1 1 1 1 2 1 0
1 0 1 2 1 1 1 1 2 0 2 2 1 0 2 1 2 0 1 1 2 2 0 0 1 1 1 1 1 2 2 2 1 1 1 2 1 2 1 0 1 0 0 0 2 2 1 1 0 1 1 1
0 2 0 0 1 0 0 1 1 1 1 1 1 1 1 1 1 1 1 0 2 2 1 2 1 0 1 1 1 0 0 0 2 2 1 0 1 2 1 2 1 1 1 1 2 0 1 2 0 2 1 0
0 1 2 2 1 0 1 2 1 1 1 1 1 0 2 0 0 0 2 1 2 1 1 0 1 0 2 1 0 1 1 2 1 1 0 2 2 0 2 0 0 0 1 1 1 1 1 0 2 1 1 1
1 1 2 1 2 0 0 1 1 0 1 1 1 1 1 0 0 0 1 2 1 1 1 1 1 1 0 1 0 1 1 0 0 0 1 0 1 2 1 0 2 1 2 2 2 2 1 1 2 2 0 1
1 0 2 1 0 1 1 2 1 0 1 2 2 2 1 0 0 1 1 1 2 1 0 1 0 0 0 2 0 1 0 2 1 1 0 2 1 2 1 0 0 0 2 2 1 1 0 0 2 1 1 1
2 1 2 2 1 0 1 2 0 1 2 0 1 1 1 0 0 1 2 2 1 1 2 1 2 1 1 1 0 0 2 0 1 1 1 0 2 1 2 0 1 2 1 2 2 1 2 2 1 1 0 1
1 1 1 1 2 2 2 1 2 2 1 2 2 1 1 1 1 0 0 1 1 0 1 1 2 0 1 2 2 2 1 1 2 1 2 1 1 1 2 1 1 1 1 0 1 1 1 1 2 0 1 2
1 1 1 1 1 1 0 1 0 0 2 0 1 1 1 1 2 2 1 1 0 0 0 1 2 0 0 0 1 0 1 0 1 1 0 1 1 1 0 1 1 1 1 2 1 0 1 1 2 2 1 1
2 2 2 2 0 0 2 1 1 1 2 1 1 1 1 0 0 1 0 1 0 1 1 1 0 1 2 1 2 0 1 0 0 2 1 1 1 2 1 0 2 2 1 1 1 0 1 0 0 0 1 1
0 1 0 2 0 1 1 0 0 2 1 2 1 2 2 2 1 1 0 0 1 1 1 2 1 2 1 0 2 1 1 0 0 2 0 0 0 1 0 1 1 1 1 1 2 0 2 1 2 0 1 2
0 2 2 2 2 1 1 0 1 2 2 2 2 1 0 2 0 2 1 1 1 1 1 1 1 0 1 2 2 1 1 0 2 1 1 1 2 1 2 1 0 0 0 1 0 1 1 1 1 1 1 1
1 0 2 0 1 0 1 0 1 0 1 0 0 1 1 1 1 1 1 1 1 1 2 2 1 0 1 2 1 2 0 2 1 1 1 0 0 2 0 1 1 0 1 1 2 1 2 1 1 1 1 2
2 1 2 2 2 1 1 2 1 2 2 2 1 0 1 1 0 0 1 1 1 1 1 1 2 1 0 1 1 2 1 1 1 1 2 2 1 2 2 1 0 1 1 0 0 1 2 0 2 1 1 1
1 0 0 0 1 1 0 2 1 0 0 1 1 0 1 2 2 1 2 1 2 2 2 0 1 1 0 1 2 1 2 1 1 0 0 1 0 1 1 1 1 2 2 1 2 2 2 1 2 0 2 2
2 0 2 0 1 2 2 1 2 1 1 1 2 2 2 1 1 1 1 0 0 2 0 1 1 1 1 0 2 1 0 1 1 2 2 1 1 2 1 0 2 0 1 2 1 1 1 1 0 1 0 1
1 2 2 0 0 1 1 0 0 0 0 1 1 0 1 1 2 0 2 1 2 0 1 1 0 1 0 0 0 1 2 2 2 0 1 1 0 2 1 2 1 1 1 1 2 2 0 0 2 1 2 0
1 1 1 1 0 1 1 2 1 0 1 1 2 1 0 1 1 0 1 2 2 0 0 1 1 1 0 1 1 1 1 2 1 2 1 1 1 1 1 1 1 1 0 1 1 1 0 2 1 2 1 0
1 0 0 1 1 2 0 0 1 2 1 0 2 1 2 1 0 0 2 0 1 0 1 1 0 2 0 1 0 2 1 0 2 1 2 2 1 1 1 0 0 0 1 2 1 2 1 0 1 1 1 1
17 23 17 19
21 45 70 79 108 115 120 150 202 211 202 210 297 309 256 327 340 373 351 374 480 430 525 436 464 578 483 467 485 616 503 686 729 738 571 603 594 771 649 728 872 976 922 711 892 821 827 894 1169 972 1207 1110
