52
20
1 1 2 2 0 1 2 1 1 0 2 2 1 0 1 1 2 1 1 0 1 1 0 1 1 0 2 1 1 0 1 0 0 1 1 2 2 1 1 1 0 2 1 0 1 1 1 1 0 0 1 0
0 0 0 2 1 0 1 1 0 0 0 1 1 1 2 2 2 1 2 1 2 2 0 2 1 1 1 1 2 1 0 0 0 1 0 0 2 1 1 0 1 1 1 1 2 1 1 1 1 1 2 2
1 1 1 1 1 2 1 1 2 1 1 1 0 2 0 1 1 1 0 2 2 1 1 2 1 0 2 2 2 1 2 1 0 0 2 0 1 1 1 1 1 0 0 2 1 0 0 2 0 0 1 0
2 0 0 1 0 1 1 0 0 0 1 0 1 2 0 1 2 1 2 2 2 0 1 1 1 2 1 0 0 2 1 1 1 0 1 0 0 0 0 1 2 1 2 0 2 2 0 2 1 1 0 1
2 1 1 1 1 1 1 2 2 2 2 0 1 1 0 1 1 1 1 1 2 0 0 0 2 1 1 1 0 1 2 1 2 1 2 0 1 2 0 2 1 1 1 1 2 2 1 1 0 2 0 0
0 2 1 0 0 0 1 2 2 1 0 1 1 2 2 2 0 1 2 2 2 1 2 0 1 2 0 2 1 0 0 0 1 2 1 2 0 0 1 0 0 1 1 0 1 2 2 1 2 0 1 2
1 2 1 1 2 1 1 1 0 0 2 0 0 2 2 0 1 2 1 1 1 2 2 0 1 1 1 1 2 2 1 1 2 2 0 1 0 2 0 0 1 1 1 1 1 0 0 0 1 0 1 0
1 0 1 1 1 2 2 1 2 1 1 0 1 2 0 1 1 1 1 0 2 1 0 0 0 2 1 0 1 1 1 2 1 0 1 0 1 0 1 0 0 1 1 2 1 1 0 1 0 2 2 1
1 2 1 0 1 0 1 0 2 1 2 1 1 1 1 1 0 1 0 1 1 2 1 0 0 0 2 1 1 0 0 0 2 2 1 2 1 1 2 1 0 0 2 1 0 1 1 1 2 1 2 1
0 1 2 1 0 0 1 0 1 1 1 2 0 1 1 1 2 0 1 1 1 2 1 0 0 2 0 0 2 2 0 1 1 0 0 1 1 0 1 2 1 1 1 2 0 1 2 0 2 2 2 1
1 2 1 0 0 1 2 1 2 1 2 1 2 1 1 0 1 0 1 0 0 0 1 2 0 0 1 1 1 1 0 0 2 1 1 0 0 1 0 0 2 1 1 0 2 2 2 0 0 2 2 1
1 0 1 1 1 2 0 1 1 1 1 1 1 2 1 1 0 1 2 1 1 1 1 2 1 2 0 0 1 1 1 1 1 2 0 1 0 1 0 1 0 1 0 2 1 2 1 0 2 1 1 2
2 1 2 2 1 1 0 2 1 0 1 2 2 1 0 0 2 1 2 2 0 1 1 1 2 1 1 1 2 0 2 0 1 2 1 1 1 0 1 1 0 0 1 1 1 0 0 1 0 0 1 1
0 0 1 1 0 1 1 1 1 1 0 1 2 2 1 0 1 1 2 0 0 1 1 2 1 2 1 2 0 2 2 1 0 0 0 0 1 1 0 0 2 1 1 0 0 0 1 1 2 2 1 0
2 2 1 1 1 1 0 1 1 0 0 1 2 0 0 0 0 2 1 1 1 0 0 2 2 0 2 1 2 1 1 0 2 2 1 2 1 1 1 1 1 0 1 2 1 1 0 0 1 0 0 0
0 0 0 1 2 0 0 1 0 1 0 0 1 1 1 2 2 1 2 1 1 1 2 0 2 2 0 0 0 0 1 1 0 1 1 1 0 1 0 1 0 2 2 2 2 1 1 2 0 1 0 1
1 1 1 1 0 2 0 2 2 2 0 1 1 0 1 0 1 0 1 1 2 0 0 1 2 1 1 2 1 2 1 1 2 2 0 1 2 2 1 2 1 0 1 2 1 0 1 0 0 2 1 0
0 1 1 1 1 0 1 0 1 1 0 1 0 1 1 2 1 1 1 2 2 2 2 1 2 1 2 1 1 2 0 1 1 0 0 1 1 0 0 1 1 2 1 1 2 0 1 2 1 1 2 2
1 1 2 0 1 2 2 2 1 2 1 1 1 2 2 2 1 1 0 1 1 1 0 1 2 1 2 1 1 1 2 1 1 0 0 1 1 2 0 1 0 0 1 0 0 0 2 1 2 1 2 1
0 1 0 2 0 2 0 2 0 0 1 1 0 2 2 2 1 1 1 2 1 1 2 2 1 2 0 0 2 1 2 1 0 0 1 0 1 1 0 2 2 0 1 1 2 1 2 1 2 2 2 0
17 24 15 20
15 28 50 60 105 125 145 154 163 191 195 210 233 281 303 312 392 311 414 333 357 411 418 451 499 489 483 606 636 650 690 663 620 792 703 569 670 596 710 739 851 823 959 936 722 909 1020 1036 812 1015 834 1040
