52
30
1 2 1 2 1 2 0 1 2 1 0 1 2 1 1 1 0 0 1 1 1 1 1 0 0 2 2 0 2 1 1 1 2 0 2 2 2 1 1 0 1 1 1 0 1 1 0 2 1 1 0 0
1 0 1 1 0 1 0 1 0 0 0 0 1 1 1 0 2 1 2 0 1 2 1 1 1 1 2 2 1 1 0 1 1 0 0 1 2 1 2 0 1 1 1 0 2 1 1 2 1 1 2 1
1 0 1 1 1 1 1 0 2 1 0 0 1 1 1 0 2 0 1 0 1 0 0 0 0 1 1 1 0 1 2 0 1 2 2 2 2 1 1 0 0 0 1 0 1 2 1 2 2 0 1 0
1 1 1 1 0 1 2 0 1 1 2 2 2 0 0 1 2 1 1 0 1 1 1 2 1 1 1 1 0 1 0 1 0 0 0 1 0 1 1 2 1 2 1 2 1 1 1 2 1 1 1 2
2 1 1 1 1 2 1 2 1 1 0 1 1 0 0 2 1 0 1 1 2 0 0 0 1 2 1 1 2 1 2 1 1 2 1 2 0 2 2 1 2 2 1 0 1 0 1 1 0 1 1 0
1 1 1 1 0 1 2 0 0 0 2 0 1 2 2 1 2 1 1 0 0 1 1 1 0 1 1 0 1 2 1 0 1 0 1 1 1 1 1 1 1 2 1 2 1 1 1 1 1 1 0 1
1 2 1 0 2 2 2 0 2 0 1 1 2 1 0 2 1 2 1 0 0 1 0 0 0 0 2 1 1 1 1 0 1 2 0 2 1 1 2 0 1 0 2 1 0 1 0 1 0 2 0 1
1 1 1 0 0 2 1 0 1 0 1 2 1 2 1 1 2 2 2 1 0 1 1 0 1 0 2 1 1 1 1 1 1 1 1 1 2 1 0 1 2 1 1 1 1 1 2 1 0 1 1 0
2 1 1 2 1 1 1 1 2 0 2 1 2 1 2 1 1 0 0 1 0 1 1 1 1 0 1 2 2 1 1 1 2 1 2 0 2 0 2 1 1 1 1 0 1 0 0 0 0 1 0 1
1 0 1 2 1 1 1 1 0 2 0 1 1 2 2 1 1 0 2 2 1 1 0 1 0 1 2 1 2 1 1 2 1 0 0 1 2 0 1 0 2 1 2 0 2 2 2 1 2 1 2 0
0 2 1 1 1 0 1 0 0 2 1 0 1 1 2 0 0 1 1 1 1 0 0 0 1 1 2 1 2 1 2 2 2 0 2 2 1 2 1 0 2 1 1 0 1 2 0 1 1 1 2 1
1 1 0 1 1 0 0 0 1 0 1 2 0 0 1 2 2 1 1 1 2 2 1 2 0 1 2 1 2 2 0 1 1 1 1 1 1 1 0 2 1 2 1 0 1 1 1 1 0 1 1 1
2 1 1 1 2 2 2 1 1 2 0 1 0 0 1 0 0 1 0 1 0 1 0 2 1 0 2 0 2 1 1 1 1 1 1 2 1 0 1 0 1 0 1 1 1 0 1 0 2 1 1 1
0 2 0 1 0 1 1 1 1 0 0 2 1 0 1 1 1 1 1 2 2 1 2 1 2 2 1 1 1 0 1 0 0 1 1 1 1 0 0 2 0 2 1 0 1 1 2 0 2 1 0 1
0 1 2 1 1 2 1 1 2 2 1 2 1 0 0 0 2 0 1 1 1 1 0 2 2 1 1 1 2 1 0 1 1 1 1 1 1 1 1 1 0 2 0 1 1 0 1 1 2 2 0 1
1 1 1 2 2 0 0 0 0 1 1 2 0 2 2 1 1 2 2 1 1 2 1 0 2 2 1 1 0 1 1 2 0 2 1 1 0 1 1 1 1 0 2 2 1 2 2 1 1 2 1 1
1 1 1 1 1 0 2 1 1 2 2 1 1 1 1 1 0 0 0 1 0 1 2 0 1 0 1 1 1 0 1 1 2 2 1 1 1 2 2 1 1 0 1 1 2 1 2 0 1 0 1 0
2 1 0 2 1 1 0 0 1 1 0 1 0 1 1 1 2 2 1 2 1 0 2 1 2 2 0 0 1 0 1 1 1 1 1 1 0 0 2 1 1 2 1 2 1 1 2 1 2 1 1 0
2 2 2 1 1 0 2 1 1 0 2 2 1 1 1 1 0 0 1 1 1 0 0 1 0 1 1 2 1 1 1 1 0 1 2 2 2 2 1 0 0 1 0 1 1 1 1 2 0 1 2 0
1 1 1 1 1 0 1 0 1 0 1 2 1 0 2 2 0 1 1 1 1 1 1 1 1 1 1 2 0 2 0 1 0 2 0 0 1 0 0 1 2 2 1 0 0 2 1 1 1 1 2 1
1 1 1 0 1 2 2 1 1 0 2 1 2 1 0 1 1 0 0 0 0 0 1 0 1 0 1 2 0 2 1 1 1 2 1 1 2 2 1 1 1 1 0 1 0 1 1 2 1 2 1 0
1 1 1 0 2 0 1 0 0 2 0 1 1 1 0 0 2 2 1 1 2 0 2 1 1 2 1 1 0 1 0 0 2 0 2 0 1 1 0 1 1 1 1 1 2 1 1 1 2 2 2 1
2 1 2 1 1 1 1 0 2 1 0 2 0 2 1 1 1 0 1 1 1 1 1 0 2 1 1 0 2 1 1 0 0 2 2 2 1 1 2 1 2 1 0 0 2 0 1 1 0 0 0 1
0 1 1 0 0 1 0 1 0 0 1 0 0 1 0 2 2 2 1 2 1 2 0 2 1 2 2 0 1 1 1 0 0 1 1 1 2 1 0 1 1 1 0 2 2 2 1 1 1 2 1 2
1 1 1 1 1 1 1 0 2 2 2 1 1 1 2 2 1 0 1 1 1 0 1 2 1 1 2 2 1 1 2 2 1 1 1 2 1 2 1 2 1 1 0 2 1 2 2 0 1 1 1 0
0 2 1 0 2 0 1 1 2 0 0 1 1 2 1 1 2 0 1 1 2 1 1 1 2 0 1 1 2 1 1 0 0 2 1 0 2 1 2 2 1 2 1 2 1 2 1 1 2 1 2 2
0 2 1 2 1 1 2 1 1 2 2 1 2 1 1 0 2 0 1 2 0 1 0 0 1 2 2 2 2 1 2 2 1 1 1 2 1 1 2 1 1 1 1 0 0 2 1 1 1 2 1 1
1 1 1 0 2 1 1 0 1 1 1 1 1 1 0 2 1 1 0 1 1 1 2 2 1 2 0 0 2 0 1 1 1 2 0 1 1 1 1 1 1 1 2 2 1 1 0 0 1 1 2 1
1 2 0 1 1 2 0 2 2 2 1 1 0 1 1 1 0 1 0 0 0 2 1 1 0 0 0 2 0 2 1 1 1 2 2 1 0 1 2 0 1 1 1 0 2 2 1 1 1 0 0 1
1 1 2 1 1 0 1 1 0 2 2 1 0 1 0 1 1 1 2 0 1 1 1 1 1 2 1 1 1 1 1 2 0 0 1 1 1 1 0 1 1 2 1 1 1 2 2 1 1 1 1 2
15 13 16 10
29 55 114 135 171 210 246 270 291 286 353 308 311 329 485 399 489 429 615 583 671 639 758 633 752 622 844 957 733 1019 843 1000 949 957 875 1064 1230 1241 1262 1367 1421 1177 1304 1240 1404 1488 1342 1355 1216 1448 1664 1692
