52
30
0 1 2 1 1 2 2 1 1 1 2 2 2 1 0 0 1 1 1 0 0 2 0 1 0 1 1 0 2 2 2 0 1 1 2 2 2 2 1 1 0 1 2 0 1 0 2 1 0 1 2 1
0 0 0 0 1 0 0 1 2 2 0 1 1 1 1 1 1 1 2 2 0 2 0 1 1 1 1 0 1 1 2 0 2 0 1 2 1 0 0 1 2 2 1 1 1 2 1 1 2 2 0 1
2 1 2 0 2 2 0 0 2 2 1 2 2 1 1 1 2 0 2 0 0 1 1 0 0 1 2 1 2 1 1 2 1 0 1 2 1 1 1 0 1 1 0 1 1 1 0 1 0 1 1 0
2 1 1 2 2 0 1 1 1 2 0 1 0 1 1 0 1 1 2 2 1 1 0 1 0 1 2 1 2 1 0 2 1 0 0 0 1 0 1 0 1 2 2 2 0 1 2 2 2 1 2 1
1 1 2 0 2 1 1 1 1 1 2 1 1 1 0 1 2 2 2 0 1 0 2 0 1 2 1 0 1 1 1 1 1 1 1 2 2 1 2 0 0 2 0 0 1 1 0 1 1 1 0 0
1 1 0 1 1 0 1 1 1 0 2 1 2 1 2 0 0 1 1 1 2 1 2 2 2 2 1 1 1 1 2 0 2 1 1 1 0 1 0 2 1 1 2 2 1 2 1 1 2 0 0 2
1 2 2 1 2 1 1 1 0 2 1 2 1 2 0 2 0 0 1 1 0 1 1 0 0 1 1 1 1 1 2 2 1 2 1 1 1 0 2 1 1 0 0 1 1 1 1 1 1 1 0 1
2 1 1 2 0 1 0 2 2 1 1 1 1 1 1 0 0 1 2 1 1 1 1 1 1 1 0 1 1 1 2 1 0 2 1 2 1 0 1 1 0 2 1 2 0 2 2 1 2 2 0 2
0 2 2 1 1 1 1 0 1 2 1 1 0 1 1 2 1 1 0 1 1 1 0 1 0 1 2 1 2 1 1 1 1 2 1 1 0 1 2 2 1 1 1 1 2 0 1 1 0 1 0 1
0 1 1 1 1 0 1 1 0 1 0 0 1 1 1 1 1 0 1 1 1 2 0 0 2 1 0 1 0 1 2 1 1 0 1 1 0 0 1 2 2 2 2 0 1 0 2 1 2 2 1 1
2 2 1 2 1 1 1 1 1 2 1 2 2 1 0 1 2 0 0 2 0 1 1 1 0 2 2 0 2 2 1 0 1 2 1 1 2 2 1 1 0 1 0 0 0 1 2 1 1 2 1 1
0 1 1 1 0 0 2 2 2 1 2 1 0 2 1 2 2 1 0 1 1 0 2 1 2 2 1 2 1 0 1 1 2 1 1 1 1 0 0 1 1 1 0 1 1 2 2 1 1 1 2 1
1 1 1 2 2 2 0 2 1 1 2 1 1 0 1 1 1 1 1 0 1 0 1 0 1 1 2 0 1 1 2 1 1 1 2 2 1 1 2 2 1 2 0 0 0 2 1 1 1 0 1 2
1 0 2 0 1 0 0 0 1 1 0 2 1 2 1 1 2 2 1 1 1 1 0 1 2 1 0 1 1 0 1 0 0 1 1 1 1 1 1 2 1 2 2 1 1 1 2 2 1 2 1 1
1 1 2 1 1 2 2 1 0 0 2 1 0 2 1 1 0 0 0 0 0 1 1 0 0 1 1 1 0 2 1 2 2 1 2 1 2 0 2 0 1 0 0 1 1 1 0 2 2 0 2 0
2 1 1 0 2 1 1 1 0 1 1 1 1 1 1 1 2 1 2 2 2 2 1 2 2 2 0 2 1 2 1 0 1 1 0 1 1 1 0 2 2 2 1 2 1 1 1 1 1 1 1 2
0 1 0 1 0 1 2 2 1 2 0 0 1 0 1 2 1 0 0 0 1 2 1 1 2 1 1 2 2 1 0 2 1 1 2 2 2 1 2 1 0 1 1 1 0 1 1 0 1 1 0 1
0 1 2 1 1 1 1 0 0 1 0 2 1 2 1 2 1 0 1 0 2 1 2 2 2 2 1 0 2 1 0 0 1 2 2 1 1 1 0 2 2 1 2 1 2 2 2 1 1 0 1 1
1 1 1 1 2 1 0 1 1 0 1 1 2 1 1 1 1 0 2 2 2 0 0 1 1 2 1 2 1 0 1 0 0 2 2 1 1 1 2 0 2 2 0 0 1 1 1 1 0 1 0 2
1 1 2 1 0 1 1 0 0 1 0 2 2 1 2 0 1 2 1 1 2 1 1 1 1 1 1 2 1 1 1 2 1 1 1 1 0 1 1 1 1 2 0 1 0 2 1 2 2 1 2 1
1 1 2 0 1 1 1 2 1 1 1 1 2 2 0 2 0 2 1 1 0 1 2 2 1 0 2 2 1 1 2 0 1 1 2 1 1 2 1 1 0 0 0 1 1 1 0 2 1 0 0 2
0 0 1 0 0 0 0 1 0 1 0 0 1 1 1 1 1 2 0 1 1 0 0 1 2 0 0 1 1 1 1 1 0 2 0 0 2 1 1 1 1 1 1 1 1 0 0 0 2 2 2 2
0 1 1 1 1 2 2 2 2 2 2 1 2 0 0 0 0 1 1 1 1 0 1 2 1 0 1 0 1 1 1 2 0 0 1 1 1 2 1 0 1 1 1 1 2 0 1 1 0 0 0 0
1 1 0 2 0 2 0 0 0 0 1 1 0 1 1 1 1 1 2 2 2 2 1 1 1 2 1 0 1 1 2 1 1 1 1 2 1 1 1 1 2 1 0 2 1 2 0 0 2 2 1 0
0 2 2 1 2 0 2 1 1 1 1 1 0 1 0 1 2 0 1 0 0 2 2 0 0 1 1 1 2 0 2 1 1 1 0 2 1 2 2 1 1 1 0 1 1 0 2 2 0 1 0 1
2 1 0 1 2 2 1 2 2 1 1 1 1 2 1 0 1 1 1 1 1 1 1 1 2 2 1 1 1 1 2 1 0 1 2 1 1 2 1 1 1 1 1 1 1 1 2 1 2 2 2 2
2 1 1 0 1 1 0 0 2 1 2 2 2 2 1 0 2 1 1 1 1 2 0 1 1 2 0 1 1 2 0 0 0 1 1 1 2 1 1 1 0 0 0 1 0 1 0 1 2 1 1 1
0 2 1 2 0 0 0 0 1 0 0 0 0 1 0 2 2 1 1 1 2 2 2 1 2 2 1 2 1 1 1 1 1 0 2 1 1 2 1 2 2 2 0 2 2 2 1 1 0 2 2 2
1 1 0 0 2 2 0 0 1 2 1 1 0 0 1 1 1 0 2 1 2 1 2 0 1 1 1 2 1 2 1 1 1 0 1 1 2 0 1 2 0 0 1 2 2 1 1 1 1 0 0 1
1 1 0 1 1 2 1 0 0 1 0 1 1 1 2 1 1 0 2 2 2 2 1 1 1 1 0 0 1 2 0 1 0 1 1 0 0 2 2 2 1 2 0 1 1 2 0 1 1 2 1 2
11 14 16 11
28 57 90 112 143 197 234 267 224 309 278 368 333 475 379 392 591 602 543 615 697 605 647 684 723 764 665 693 765 786 997 1051 816 1154 1009 1012 1202 1007 1079 1277 1079 1345 1132 1325 1507 1401 1655 1625 1503 1846 1692 1489
