52
30
1 2 0 1 1 2 2 1 1 0 1 2 1 0 1 2 2 0 2 1 1 0 2 0 1 0 1 2 1 1 1 0 2 2 2 2 2 2 1 0 0 2 0 1 1 1 1 1 0 1 0 0
1 1 1 0 1 1 0 1 1 1 2 2 0 1 0 0 2 1 0 2 1 1 1 1 2 2 0 1 1 2 1 0 1 1 0 1 1 0 2 2 1 1 2 1 2 1 1 2 2 1 1 1
0 1 1 2 0 1 2 2 1 2 2 1 0 1 0 1 1 2 0 1 1 1 2 1 2 0 1 2 1 1 1 2 2 1 0 2 1 1 0 0 1 1 0 0 0 1 0 1 1 1 0 0
1 1 1 2 1 2 0 2 1 0 1 0 1 1 0 2 2 1 2 1 0 1 1 2 0 1 0 1 1 1 1 0 1 2 0 1 0 1 1 2 1 2 1 2 2 2 2 1 2 0 2 1
2 1 2 2 2 2 1 1 1 1 1 1 1 1 0 1 1 1 1 1 1 1 0 1 0 1 1 2 2 1 1 2 2 2 2 2 2 0 1 1 2 0 0 0 1 2 1 2 0 1 1 1
1 2 2 0 1 1 2 1 2 0 1 0 2 1 2 1 2 1 1 2 1 1 0 2 1 1 1 1 0 2 0 1 1 0 1 1 1 0 1 0 1 2 2 1 1 0 1 1 2 2 2 1
1 1 2 1 1 1 1 1 1 0 2 1 1 1 0 0 1 2 2 1 1 1 0 0 0 1 1 2 1 2 1 2 2 2 2 2 1 2 2 0 0 1 0 0 1 1 1 1 0 0 0 1
1 2 0 0 0 2 2 1 0 0 1 1 0 1 2 2 0 1 1 0 0 2 0 1 1 1 1 1 0 1 0 0 1 1 2 1 0 0 1 1 2 2 2 0 1 1 2 2 1 1 2 0
1 1 1 1 2 0 1 1 1 1 1 2 2 2 0 1 1 2 2 1 0 1 1 1 1 1 2 1 2 1 2 1 1 1 2 1 0 2 1 1 0 1 1 1 0 1 1 1 1 0 1 0
1 0 0 1 0 0 2 0 1 1 0 1 1 0 1 0 0 0 2 2 2 2 1 1 2 2 1 0 1 1 1 1 1 0 0 1 0 1 0 1 2 2 2 1 0 2 2 2 2 2 1 0
1 1 0 2 2 1 1 2 1 0 1 1 2 1 2 0 0 0 2 1 1 0 1 1 1 1 1 1 1 2 2 2 1 2 0 1 2 1 1 0 2 2 2 0 1 2 0 1 0 1 1 1
1 1 0 2 0 2 2 1 0 1 2 1 0 1 2 1 1 2 0 2 1 2 1 1 2 0 2 0 1 1 0 1 0 2 1 1 0 2 1 1 2 2 0 2 1 1 1 1 2 2 1 1
2 2 2 1 2 2 2 1 2 2 2 1 1 1 2 0 1 1 0 0 1 1 2 0 2 0 1 1 1 2 2 1 2 2 2 2 1 2 2 0 0 0 1 0 1 0 2 1 1 0 0 1
2 0 1 1 0 0 1 0 0 0 0 2 0 1 2 1 1 1 2 1 2 2 1 1 2 2 0 1 0 0 0 1 0 1 1 1 0 2 0 0 1 1 2 2 0 0 0 1 0 0 1 1
2 2 0 0 1 1 1 1 1 1 2 2 2 1 1 1 0 1 0 0 1 2 0 1 1 1 2 1 0 2 2 1 1 1 1 0 0 1 2 1 1 1 0 1 2 0 1 1 1 2 1 0
1 1 1 0 1 0 1 1 1 0 1 0 1 2 0 2 0 1 0 2 0 1 1 1 1 1 0 1 1 1 1 0 0 1 1 1 1 1 1 1 2 2 2 2 0 2 0 2 0 2 1 2
2 2 1 1 1 0 0 2 1 1 1 1 2 1 0 1 0 0 0 0 1 2 0 0 0 1 1 1 2 1 2 0 2 1 2 1 1 1 1 1 2 1 1 1 2 0 1 2 0 0 1 0
2 1 0 0 0 2 0 1 1 1 0 1 0 1 2 1 2 1 1 1 1 0 2 2 1 1 1 1 1 1 0 2 0 1 2 1 1 1 1 1 2 1 2 0 0 2 1 0 1 1 1 0
1 2 2 2 2 1 1 1 2 1 1 0 0 1 0 0 2 0 0 0 1 2 1 0 2 1 1 1 0 2 2 0 1 1 1 1 2 1 1 1 1 2 1 2 0 1 1 0 0 1 1 0
1 0 1 0 2 1 1 0 0 0 1 1 1 1 0 1 1 1 1 1 2 1 1 1 2 0 1 1 2 0 2 0 0 0 0 0 2 0 1 1 1 1 1 2 1 2 1 1 1 1 2 1
1 2 1 1 0 1 2 1 1 1 1 1 1 1 1 2 0 2 0 1 1 2 2 1 1 2 1 1 1 2 2 1 1 2 1 1 2 2 1 0 0 2 2 1 1 2 1 1 1 1 0 0
0 1 0 0 1 1 0 0 2 2 2 1 1 1 2 2 1 0 2 1 0 2 1 2 0 2 1 1 2 0 1 1 0 0 2 0 0 1 0 2 0 1 1 1 2 1 2 1 0 1 1 1
1 2 2 1 2 2 1 1 0 2 1 1 1 1 0 1 1 2 0 1 2 0 1 0 0 2 1 0 2 2 2 1 1 1 1 1 0 2 2 1 2 1 0 0 0 0 1 1 0 2 2 1
1 0 0 0 1 0 2 2 1 0 0 0 0 0 1 2 1 1 1 2 2 2 1 2 2 1 0 0 2 1 1 1 0 0 1 0 1 1 2 2 1 1 2 1 1 1 1 0 2 1 2 2
1 1 1 1 1 2 1 2 1 2 0 1 1 0 1 1 0 0 1 1 0 1 0 0 1 2 1 2 1 1 1 1 1 1 1 2 1 2 2 0 1 1 1 1 1 2 1 1 0 0 0 2
0 1 0 1 2 0 0 0 0 1 0 1 1 2 1 2 1 1 1 0 1 2 1 1 1 0 0 0 1 1 0 1 0 1 2 1 1 1 1 1 1 2 1 2 0 0 1 1 1 1 1 2
0 2 2 0 1 1 1 1 0 1 1 1 1 1 1 0 1 1 0 1 2 2 1 0 0 1 1 0 2 2 1 1 1 1 1 0 1 1 1 0 1 1 1 2 0 0 0 1 0 0 0 2
1 1 2 2 1 1 0 2 1 1 1 1 2 1 1 2 0 2 1 1 2 1 2 1 0 1 1 0 0 1 1 0 1 1 1 1 1 0 0 0 2 1 2 1 1 1 1 1 1 2 0 1
2 2 1 0 1 0 2 1 1 1 2 2 2 1 0 1 2 0 1 2 1 1 0 1 1 1 1 0 2 2 2 1 1 2 1 1 1 0 2 0 0 1 0 2 1 1 0 1 0 0 1 1
1 1 1 1 1 0 1 1 0 0 0 2 1 2 1 1 1 2 0 2 1 2 2 1 1 0 1 1 1 0 1 1 0 0 1 1 0 1 1 0 1 0 1 1 0 2 1 1 2 1 1 1
15 22 9 19
31 74 103 139 181 205 205 225 225 242 282 434 358 416 390 514 445 593 575 618 519 555 686 642 718 852 684 764 957 793 979 992 811 910 889 1292 1249 1152 1183 1430 1215 1026 1188 1335 1528 1195 1383 1705 1684 1308 1245 1366
