52
30
1 1 1 2 0 1 2 1 1 1 2 1 1 1 1 1 0 0 1 1 0 1 1 0 1 2 2 1 1 1 2 1 2 1 2 1 2 1 1 0 1 1 0 1 0 1 1 1 0 1 0 1
0 1 0 1 2 0 1 1 0 0 0 1 1 1 1 1 1 1 0 2 1 2 1 2 2 2 1 1 2 2 0 1 2 1 1 1 1 2 0 0 1 1 1 1 2 1 2 0 2 1 2 1
1 1 2 1 2 1 1 1 1 1 1 2 1 0 2 1 1 1 1 1 1 0 2 2 0 1 1 2 1 1 2 0 2 2 1 0 2 2 1 0 2 1 1 0 1 1 1 1 0 1 1 1
1 1 1 0 2 0 1 0 0 1 1 1 0 2 2 2 1 2 0 0 0 1 1 0 0 1 0 0 2 1 1 1 0 0 0 0 0 1 0 1 2 1 0 0 0 2 1 0 2 2 1 2
2 1 1 2 1 0 1 2 0 2 1 0 1 2 1 1 0 0 0 1 1 0 1 1 1 1 1 2 2 1 2 1 1 2 1 0 2 0 2 2 0 2 1 2 1 1 0 2 2 1 2 0
1 1 1 1 1 1 0 1 0 0 1 1 2 2 2 0 1 2 0 2 1 1 2 1 1 2 2 1 1 1 2 0 1 1 0 1 1 2 1 1 2 1 1 0 2 1 1 1 2 2 1 2
2 1 1 2 1 2 1 1 2 2 1 2 1 1 1 2 2 0 2 1 0 0 1 1 1 2 2 0 1 2 2 1 0 1 1 1 0 2 1 2 0 0 1 0 2 0 0 1 2 2 1 1
1 0 0 0 0 1 0 1 0 0 1 0 1 1 2 0 1 2 1 1 2 2 1 2 1 1 1 1 1 1 0 1 1 0 0 0 1 1 0 1 2 1 1 1 2 0 0 1 1 1 2 2
1 2 2 0 2 1 1 2 0 0 1 0 2 1 2 0 0 2 2 0 1 1 0 1 0 0 0 2 1 1 1 1 0 1 1 2 2 1 2 1 2 2 0 1 1 0 0 0 2 1 1 1
1 2 1 1 0 2 1 0 0 1 0 0 1 1 0 1 1 2 1 2 2 1 1 1 1 2 1 1 1 2 0 0 0 2 2 0 0 1 2 2 1 0 1 1 2 0 1 2 1 2 2 0
1 2 2 0 2 2 2 1 1 1 2 1 1 1 1 1 0 1 0 1 1 0 1 0 1 0 2 2 1 1 2 0 1 1 1 1 2 2 0 1 1 0 1 1 1 1 0 1 2 0 0 0
0 1 0 1 0 1 0 1 1 0 2 0 1 2 1 1 1 1 1 1 0 2 1 1 1 2 1 0 0 2 0 1 0 0 1 0 0 1 0 2 1 1 2 1 2 2 1 1 1 1 2 0
1 2 2 1 0 1 2 1 2 1 1 1 1 0 2 0 1 1 1 1 1 1 1 0 0 1 2 0 1 1 1 2 0 1 0 2 2 1 1 1 0 0 0 0 1 1 1 1 1 2 0 0
2 0 0 1 0 1 0 0 1 1 1 1 1 0 2 1 1 2 2 1 2 0 0 1 1 1 0 1 1 0 0 1 0 1 2 1 1 1 2 2 1 1 1 1 2 1 2 1 1 1 1 0
0 1 2 2 2 2 2 1 1 0 2 2 1 1 1 1 2 1 1 0 0 2 0 1 0 1 2 1 2 1 2 1 0 1 1 1 2 0 0 1 1 2 1 1 0 0 0 1 0 0 0 0
1 1 1 0 0 1 1 1 1 1 0 0 1 0 0 2 2 2 0 2 2 1 0 1 1 1 0 0 1 0 0 0 1 1 1 1 1 0 0 1 1 2 0 1 1 0 2 1 2 1 1 1
1 0 1 2 2 1 1 1 2 2 1 0 2 0 0 0 1 0 1 0 0 0 1 1 2 2 1 1 2 1 2 1 1 0 1 0 2 2 1 0 1 1 2 1 1 0 2 1 1 0 0 0
0 1 0 1 0 0 2 0 0 0 0 0 0 1 2 1 2 1 1 2 2 1 0 1 1 0 1 0 1 2 1 1 1 2 1 1 1 1 0 0 2 2 1 2 2 1 1 1 1 0 2 2
1 0 1 1 2 1 1 2 2 1 2 2 2 2 1 0 1 0 2 0 1 2 1 1 2 0 0 0 0 1 1 1 1 0 2 2 1 2 1 1 1 0 1 0 0 0 0 2 1 0 2 1
1 0 2 0 0 1 0 0 0 1 1 1 0 1 2 1 2 1 2 1 1 1 1 2 1 2 1 1 1 0 0 1 0 2 2 2 2 1 1 1 1 1 2 2 2 2 2 1 2 2 0 2
1 1 1 1 1 2 0 1 0 1 2 2 1 1 2 1 2 0 2 1 1 1 1 2 1 2 2 1 2 2 1 2 0 2 2 0 1 1 2 1 1 0 0 1 0 0 1 1 1 0 2 2
0 2 0 1 0 2 1 1 0 1 0 1 1 1 1 1 1 0 1 1 1 1 1 2 1 1 0 0 2 0 1 1 2 0 0 0 1 1 1 1 2 1 2 1 2 2 1 1 2 1 2 1
2 2 1 1 0 2 1 2 1 0 1 0 1 1 1 1 1 0 1 2 2 0 2 1 1 0 1 1 2 1 0 0 2 0 1 2 1 2 1 1 1 0 0 1 1 1 0 2 1 1 1 0
0 1 1 0 1 1 2 1 1 1 0 0 2 2 1 0 1 1 2 2 1 1 2 2 1 0 1 0 0 1 1 0 0 0 0 1 0 0 1 1 1 2 2 2 1 2 1 2 1 2 2 2
1 0 1 1 2 2 1 2 1 2 1 2 1 1 1 1 0 0 1 2 0 1 0 1 0 2 1 1 2 2 2 2 0 1 1 1 0 1 2 0 1 2 2 0 0 2 1 1 1 2 1 2
1 2 1 0 0 2 0 1 1 0 0 0 2 1 1 1 0 2 0 1 1 2 2 1 1 2 1 1 1 0 1 1 1 1 1 1 1 0 1 1 1 1 0 2 1 0 0 1 0 1 2 1
2 1 1 1 1 1 2 1 1 1 1 2 2 0 2 1 1 0 1 1 2 1 2 1 2 0 0 2 1 1 1 1 2 1 1 2 0 1 0 1 1 1 1 2 1 0 1 0 1 0 0 2
1 1 0 1 2 2 1 0 1 0 2 1 0 1 1 2 2 1 1 1 1 2 2 1 0 0 1 0 0 2 1 0 0 1 1 1 2 0 0 1 2 2 1 2 2 1 2 2 1 1 2 1
2 1 2 1 2 2 0 2 1 1 2 1 1 2 1 0 2 1 0 1 0 1 0 1 2 1 1 1 1 1 2 1 2 2 2 1 0 0 2 2 1 0 2 0 2 2 0 0 0 0 1 1
1 1 1 1 0 1 0 0 1 1 0 1 1 0 0 1 1 0 0 2 1 0 2 0 2 2 0 0 0 1 1 1 0 0 1 0 1 1 1 2 1 0 0 2 1 1 2 1 2 1 0 1
17 18 24 22
28 52 94 106 151 212 190 266 304 297 362 278 305 405 516 381 575 585 587 553 668 704 718 672 751 789 679 982 967 775 925 1088 869 805 929 1073 1014 1068 1127 1218 1093 999 1341 1407 1265 1241 1263 1674 1573 1710 1783 1531
