52
30
2 2 0 1 2 0 1 1 2 2 1 2 0 1 0 0 0 0 2 0 1 0 0 2 0 1 1 2 1 0 2 2 1 1 2 0 2 2 0 1 1 0 0 0 1 2 0 0 1 0 1 1
1 1 1 0 1 1 2 1 1 0 0 1 1 0 2 1 2 1 0 0 2 2 1 1 1 1 2 0 1 1 1 2 0 1 2 1 2 1 2 2 2 0 1 1 1 2 2 0 1 2 2 1
1 1 0 2 1 1 0 2 1 1 0 1 2 0 2 1 1 1 1 1 0 1 1 2 0 1 1 1 0 1 2 1 2 1 0 1 2 2 1 1 0 0 1 0 0 0 1 2 0 1 2 1
1 2 0 2 2 0 0 1 1 1 1 1 0 1 2 1 1 2 2 2 2 2 0 0 0 0 1 0 1 1 1 1 1 1 1 0 1 1 2 0 1 1 1 1 1 2 1 1 0 1 0 1
1 2 1 1 1 1 0 2 1 1 0 1 1 0 2 2 0 1 2 0 1 1 1 1 1 0 1 2 1 1 0 0 1 1 1 1 1 2 1 2 1 0 1 0 0 1 0 0 1 1 1 0
2 2 0 0 0 1 1 1 0 0 1 0 0 2 1 2 1 2 1 1 1 2 1 2 1 2 0 0 1 2 1 1 1 2 0 1 2 0 0 2 1 0 2 1 1 1 2 2 2 0 1 2
0 2 1 1 2 1 2 0 1 2 1 2 0 1 2 2 1 0 0 1 0 1 0 1 0 1 1 1 1 1 1 1 1 2 2 1 1 1 1 0 0 1 0 1 1 2 1 2 0 0 1 0
0 0 0 1 0 0 1 0 0 1 1 1 1 2 2 2 2 2 1 1 2 1 0 0 0 1 2 0 0 0 1 1 1 2 0 0 0 0 0 1 1 0 1 0 1 1 1 1 1 2 2 2
2 0 1 2 2 2 1 1 1 0 2 2 0 1 0 0 0 2 1 1 1 0 1 2 1 1 1 1 1 1 1 1 1 1 1 2 0 0 1 1 2 0 1 1 2 1 0 1 1 0 1 0
1 1 1 1 1 0 0 1 2 1 1 0 1 1 0 2 2 2 1 2 1 2 1 1 1 1 1 1 0 1 0 0 1 2 0 1 0 0 1 1 2 1 1 2 0 2 1 1 1 2 1 2
1 2 1 1 2 1 2 1 2 1 2 2 1 1 2 1 2 0 0 0 1 2 1 1 0 0 1 1 1 1 0 1 2 0 2 1 0 1 0 1 2 0 1 2 1 1 0 1 0 1 0 0
1 1 0 1 0 2 1 1 1 1 0 0 1 0 2 2 1 1 2 2 2 1 1 1 2 0 1 0 0 1 1 1 0 1 1 2 0 1 0 1 1 1 1 1 1 1 0 2 1 2 2 1
2 1 2 1 2 2 0 2 1 0 1 2 0 1 1 1 0 0 0 1 1 1 1 0 1 0 2 1 1 2 1 1 1 2 1 2 1 1 0 2 0 1 1 1 2 0 1 1 1 2 1 2
0 2 2 2 0 0 0 1 1 0 1 0 1 1 1 1 0 2 2 2 0 1 1 0 0 1 0 0 0 0 0 1 1 0 1 0 1 0 0 1 1 2 2 1 2 2 1 2 1 2 2 2
2 1 1 1 1 0 1 1 2 0 0 1 1 1 2 1 1 1 1 2 2 2 1 1 0 0 0 1 1 2 1 1 2 2 1 2 0 2 0 1 0 0 1 2 2 0 1 1 0 2 0 1
0 0 1 1 1 1 1 0 0 1 2 2 1 1 1 2 1 2 2 1 1 1 2 2 2 1 0 0 0 2 0 0 1 1 1 0 0 1 0 2 1 0 0 2 0 2 1 1 0 2 2 2
0 2 2 2 2 1 2 1 1 1 1 0 2 0 1 2 1 1 1 1 1 1 1 1 0 1 0 0 0 2 2 1 2 1 1 0 0 1 0 1 1 1 1 0 0 1 0 1 2 2 2 1
0 1 0 1 1 0 1 2 1 0 1 0 0 1 2 1 1 1 2 1 0 2 1 2 0 2 2 1 1 1 0 0 1 0 0 1 0 1 0 2 2 2 1 1 2 2 2 2 0 1 2 1
0 2 1 1 0 1 2 2 2 0 1 1 1 1 0 1 2 0 1 2 1 0 1 2 1 1 2 2 1 2 1 0 1 0 2 1 2 0 1 1 0 0 1 0 0 1 0 1 1 2 0 0
2 0 1 1 1 2 1 2 1 0 0 0 0 2 2 1 2 1 0 0 1 2 1 1 0 1 2 2 1 1 2 0 2 0 2 0 0 1 1 1 1 2 1 1 2 2 0 2 2 1 1 1
1 0 0 2 0 0 2 1 1 2 1 1 1 1 1 2 1 1 1 0 1 1 0 1 0 1 2 1 2 1 0 2 1 1 1 1 2 1 1 1 0 0 0 2 1 1 0 0 1 1 0 1
0 0 1 1 1 1 1 0 1 1 2 0 1 1 1 2 2 1 1 0 1 1 1 1 0 2 0 0 0 1 0 2 1 1 1 0 2 0 0 1 0 2 2 2 2 1 2 2 2 1 1 0
2 2 1 1 1 1 0 1 1 2 2 2 2 1 2 1 1 1 1 1 1 0 1 2 2 1 1 2 0 2 2 0 2 1 1 2 2 2 1 0 0 0 1 0 1 0 0 2 1 1 0 1
0 0 1 0 0 1 0 1 2 0 1 1 0 2 1 1 1 1 0 1 1 1 0 2 1 1 1 2 1 1 1 0 1 1 1 0 0 0 1 1 1 2 0 1 2 0 0 2 2 2 0 1
2 2 1 2 1 0 1 1 1 2 1 1 1 0 0 1 2 0 2 2 0 1 0 0 0 1 2 2 2 1 1 2 1 2 2 1 1 1 1 1 1 0 0 1 0 1 0 0 0 1 2 0
0 0 1 1 1 2 2 1 0 0 0 1 2 2 0 1 1 2 2 2 1 1 2 1 1 1 2 2 0 0 2 1 2 1 1 0 1 0 2 1 1 1 2 1 0 1 1 2 1 2 1 2
2 1 2 2 2 2 0 1 2 0 2 2 2 1 0 0 1 2 1 0 0 0 1 1 0 0 1 1 1 2 1 1 2 1 1 2 1 1 0 0 2 1 1 0 1 1 1 1 0 1 1 0
0 2 2 0 1 0 1 0 0 1 0 0 1 1 1 0 1 1 1 2 2 2 0 1 1 1 1 0 1 0 1 1 1 1 0 0 0 1 0 2 2 1 1 1 1 1 0 2 2 1 2 1
2 0 1 2 0 2 1 1 1 0 1 0 0 2 1 0 1 1 2 1 1 1 0 2 1 0 2 1 2 1 1 1 1 1 2 1 2 1 1 2 1 1 2 0 1 2 0 0 1 0 1 0
1 1 1 0 1 0 2 0 1 1 1 1 0 2 1 1 2 1 1 1 2 1 1 2 2 2 0 0 0 0 2 0 1 0 1 1 2 1 1 1 2 2 1 2 1 1 2 2 1 1 1 0
12 14 17 10
34 60 97 121 166 146 206 202 220 242 360 388 432 354 429 557 574 577 604 511 665 579 714 766 761 886 825 925 845 773 983 932 1154 864 942 1062 898 1341 1353 1301 1320 1014 1146 1061 1184 1416 1354 1342 1212 1181 1658 1762
