52
30
2 2 1 1 2 2 1 1 1 1 2 2 2 1 1 1 2 0 1 1 0 2 1 1 1 1 0 1 1 1 1 1 2 2 1 1 1 1 2 1 0 1 0 2 1 0 0 0 2 0 1 2
0 1 0 0 1 0 0 2 0 1 2 1 1 1 1 2 1 0 2 1 1 1 1 2 2 2 0 0 1 1 1 1 0 1 0 0 0 0 1 2 1 0 1 0 1 2 0 1 1 2 1 1
2 0 0 1 1 2 2 1 2 2 2 1 2 0 0 2 0 2 1 0 1 1 0 1 2 1 2 1 0 1 1 0 2 1 1 1 1 2 0 1 1 0 1 1 1 0 1 0 1 1 2 0
1 2 0 0 1 0 1 0 1 2 1 1 1 2 0 1 1 0 1 1 1 1 2 1 1 1 1 1 0 1 0 1 0 1 2 2 0 0 1 1 1 1 1 1 2 2 2 1 2 0 1 1
1 0 2 2 2 2 2 0 1 1 2 2 2 0 0 1 1 1 1 1 1 0 1 1 1 0 0 1 1 0 1 1 1 1 1 2 0 2 1 1 1 1 2 1 0 0 1 1 1 1 1 0
0 1 0 1 1 0 1 1 1 1 1 0 2 2 2 2 2 1 2 2 1 2 2 1 1 1 2 0 0 0 1 0 0 2 2 1 1 2 1 0 1 1 2 1 2 1 1 2 2 1 1 1
2 2 2 1 2 1 2 1 1 1 1 1 2 0 1 2 0 0 1 1 1 0 0 0 1 0 1 0 2 1 2 0 1 0 1 1 1 1 2 2 1 0 1 1 1 1 1 1 1 1 1 1
1 0 0 1 1 1 2 2 1 2 1 1 0 2 2 1 2 0 2 1 0 2 1 2 1 1 0 0 2 2 1 1 1 2 0 1 2 0 0 1 1 2 0 1 1 0 1 1 1 1 0 1
2 0 2 1 2 1 0 2 1 0 0 1 0 1 1 2 2 1 0 0 0 1 1 1 1 0 1 2 1 1 2 2 1 1 2 2 1 2 1 1 1 2 1 0 0 1 1 1 0 0 1 0
1 0 2 2 1 0 1 1 0 1 1 1 1 2 2 1 1 1 1 0 1 2 1 0 0 1 1 1 0 2 1 2 1 1 0 1 1 0 1 1 1 1 2 1 0 1 0 2 1 1 2 2
1 1 1 1 2 0 2 1 2 2 2 0 0 2 1 1 2 0 0 0 0 1 0 0 1 1 2 1 1 1 1 0 1 1 1 1 2 0 2 2 0 0 1 1 1 0 0 1 0 2 0 1
0 0 1 2 1 1 0 0 1 0 1 1 0 1 1 1 1 1 1 2 2 1 2 1 0 1 0 0 0 2 1 0 1 1 1 0 0 1 0 2 1 1 1 1 0 1 2 1 0 2 0 2
2 1 2 1 1 1 1 1 2 1 2 1 2 1 0 1 1 1 1 0 0 1 1 1 2 1 2 1 2 1 2 0 2 0 2 1 1 2 2 0 0 1 0 0 2 1 0 0 1 1 0 1
0 1 0 0 2 1 2 1 1 2 1 2 1 2 2 2 1 2 1 2 1 1 1 1 2 1 0 1 0 1 2 0 1 1 1 1 0 1 0 1 2 2 0 0 2 2 2 1 1 1 1 1
1 1 1 0 1 1 2 0 1 1 1 2 2 1 0 1 2 0 1 0 1 2 1 2 2 0 2 2 2 2 2 1 0 2 2 1 1 1 1 0 0 1 0 0 1 1 2 1 0 0 0 2
2 2 0 2 1 0 0 2 1 0 1 1 1 1 2 1 0 1 0 2 1 2 0 1 2 1 2 1 0 1 1 0 1 1 1 1 1 1 2 1 1 2 0 0 2 1 0 1 2 2 1 1
2 2 1 1 2 2 1 1 1 1 2 2 2 1 1 1 2 1 1 2 0 0 0 1 1 1 1 1 2 1 1 2 2 0 1 0 1 2 1 1 1 1 0 2 1 0 1 1 0 0 1 0
0 1 0 0 2 0 2 2 1 0 0 0 1 0 0 2 2 1 0 1 1 2 1 2 1 1 1 0 1 1 0 1 0 1 2 0 0 0 0 1 2 1 2 0 0 1 1 2 2 1 1 2
1 0 0 1 2 1 1 1 2 1 1 0 1 0 1 0 1 0 1 0 2 1 0 1 1 0 1 1 2 1 2 1 0 2 1 1 1 1 0 1 1 1 1 2 2 0 2 0 0 0 1 1
1 1 2 0 0 0 1 1 1 1 0 1 1 0 1 0 1 1 1 1 1 0 1 2 1 2 1 2 0 1 0 1 1 0 1 2 0 1 0 2 1 2 1 0 1 1 0 1 1 2 0 2
1 0 1 1 1 2 2 2 2 0 0 0 2 0 0 1 0 0 0 0 0 1 0 1 1 0 1 2 0 1 1 2 2 1 1 1 1 0 1 0 1 1 1 0 0 0 1 1 0 1 1 0
1 1 2 1 0 1 1 1 2 1 0 1 0 2 2 2 2 0 1 1 1 1 2 2 1 0 2 1 1 1 0 2 1 1 0 1 1 0 1 1 1 1 1 2 1 2 1 1 1 1 1 0
1 1 1 2 2 1 2 0 0 1 0 1 0 1 0 0 2 1 0 1 2 1 1 0 0 0 1 2 1 0 1 1 1 1 2 1 1 1 0 0 0 1 0 1 2 1 0 0 0 1 2 1
1 0 1 1 1 0 1 1 2 1 1 0 1 2 1 2 0 1 0 2 2 0 2 1 2 1 1 0 1 1 1 0 1 1 1 0 0 2 1 1 1 0 2 0 2 1 1 2 1 2 1 1
1 1 1 1 2 0 1 1 1 2 2 0 2 0 1 1 2 1 1 0 1 2 1 1 0 1 0 1 1 2 1 1 1 1 0 1 2 0 2 1 0 0 1 0 1 1 1 1 1 2 0 0
0 1 0 1 1 1 1 0 1 1 2 0 1 1 1 1 1 1 2 2 2 1 2 2 1 1 1 0 0 1 1 0 1 0 0 1 1 1 1 0 1 2 1 1 0 1 1 2 2 1 0 2
2 1 2 2 2 1 0 1 1 1 2 1 1 0 1 2 0 2 1 2 0 2 0 0 0 1 2 2 1 1 0 1 2 2 2 0 2 0 1 1 2 2 1 1 0 0 1 1 1 0 2 0
1 0 1 1 1 1 0 2 0 0 1 1 1 2 1 1 2 2 1 2 1 2 2 1 1 1 1 2 1 0 1 1 1 1 1 1 0 0 1 2 2 1 1 1 2 0 1 2 2 0 1 2
1 1 1 1 1 1 2 0 1 1 0 1 1 2 1 1 2 1 0 1 0 0 2 1 0 2 1 1 2 0 2 0 0 1 1 1 1 2 1 1 0 2 1 2 0 0 1 2 2 0 1 2
2 1 2 1 1 1 1 0 0 1 1 1 1 0 2 2 1 2 1 1 2 0 1 2 2 1 1 0 1 1 2 0 0 1 1 1 2 1 1 1 0 1 2 1 1 1 1 1 2 1 1 0
15 12 11 13
34 46 85 120 139 178 241 228 322 308 407 404 432 361 379 472 459 456 643 628 639 637 629 670 899 842 759 831 799 1012 1063 1141 1119 1029 1242 1065 900 1183 1181 972 1046 1223 1511 1155 1373 1437 1464 1268 1571 1196 1365 1456
