52
30
0 1 2 0 2 1 2 1 1 1 1 2 2 0 1 1 1 1 1 1 1 0 1 0 0 2 1 1 1 2 2 1 0 2 1 0 1 2 2 1 1 1 1 0 0 1 1 2 1 2 0 1
0 0 0 1 1 2 0 1 1 2 2 2 1 2 2 1 0 1 1 1 1 1 1 2 1 2 1 0 0 0 0 0 2 0 0 1 0 1 0 1 1 2 1 1 1 2 2 1 1 2 2 0
1 1 1 1 1 1 2 1 1 2 2 0 1 0 1 2 0 1 0 2 2 1 2 0 1 1 2 2 1 1 2 0 1 1 2 2 1 1 1 0 1 1 1 2 2 1 0 1 1 0 2 1
0 2 0 0 1 1 0 0 1 0 1 1 0 2 1 1 2 1 1 1 1 2 2 2 1 2 1 0 0 0 2 1 1 0 0 2 1 0 0 0 0 1 2 0 1 1 2 2 2 1 0 1
1 2 1 2 0 2 2 1 2 1 2 1 2 2 1 1 1 0 1 0 0 1 1 1 1 2 0 1 2 2 1 1 1 1 1 2 1 2 2 1 2 1 0 1 1 1 1 1 0 1 2 1
0 1 0 1 1 2 2 1 1 0 1 0 2 2 0 1 0 1 1 1 1 1 1 2 1 1 2 2 0 0 1 1 0 1 0 0 0 1 0 0 2 1 1 1 2 2 0 1 1 2 1 1
0 2 0 1 1 0 0 2 0 2 2 1 0 1 0 1 0 0 0 1 0 1 1 2 1 0 2 2 1 2 1 1 2 2 2 1 1 2 2 2 2 0 1 1 1 1 0 1 0 1 2 0
0 1 0 0 1 1 2 0 1 1 2 0 2 0 1 1 2 2 2 0 1 1 0 1 1 1 0 1 1 1 1 1 1 1 0 1 0 1 1 2 1 1 2 0 2 0 1 2 0 2 2 1
0 0 2 2 2 2 1 2 0 1 2 0 1 1 0 1 2 1 1 1 1 2 0 0 1 2 1 1 2 1 1 2 1 2 0 2 0 1 0 0 0 2 1 1 1 1 0 1 1 1 0 1
0 1 1 0 1 1 1 0 0 1 1 1 0 0 1 0 1 0 2 0 1 2 0 2 1 2 1 0 1 0 0 1 1 1 0 0 0 2 1 1 1 0 0 0 2 1 2 2 1 1 1 2
2 1 2 2 0 2 1 2 0 2 1 2 1 1 2 1 1 1 2 0 1 0 1 0 1 1 1 1 1 2 1 1 0 1 1 1 0 2 2 0 0 1 2 1 0 1 1 0 1 2 0 0
1 1 1 1 2 0 1 0 2 1 0 0 0 2 2 2 1 2 1 1 0 1 1 1 1 2 1 1 0 1 1 0 1 0 1 0 1 1 0 1 0 1 2 0 0 0 1 1 1 1 1 2
1 2 1 1 2 1 1 0 1 1 1 1 1 0 2 1 1 1 1 0 1 1 0 2 0 1 2 1 1 2 2 2 1 2 2 2 1 2 1 0 1 0 1 0 2 1 2 1 0 1 0 0
0 0 1 1 1 1 0 0 0 1 2 1 1 2 1 1 1 1 2 0 2 2 1 2 1 0 1 0 1 0 2 1 1 1 2 1 0 1 0 1 1 2 1 2 1 2 2 1 1 1 1 1
2 2 2 2 1 2 1 0 1 2 2 1 1 1 1 2 1 2 0 0 0 2 1 0 0 0 2 2 1 1 1 1 0 2 2 2 0 0 1 0 0 1 2 1 1 0 1 1 1 0 0 1
1 2 1 1 1 0 0 1 1 2 1 2 1 1 2 2 1 1 0 2 1 1 1 2 1 1 0 1 0 0 0 1 2 1 1 1 2 0 0 0 2 2 1 2 1 2 1 0 2 2 0 2
2 2 1 2 2 1 2 1 1 1 1 2 1 0 1 1 0 0 0 0 1 1 1 0 1 0 2 0 1 2 1 1 1 2 1 2 1 1 1 0 2 1 1 1 2 1 0 0 2 0 1 0
2 0 1 1 1 0 2 1 1 1 1 1 1 0 2 1 2 1 1 1 1 2 2 1 1 1 1 2 0 0 0 0 2 0 1 1 1 1 1 1 1 2 2 2 1 1 1 1 1 0 1 0
1 2 1 1 1 1 2 1 1 2 1 1 1 0 0 1 1 1 1 1 0 1 1 0 0 0 1 2 2 1 2 2 1 1 2 1 1 1 1 1 2 1 1 0 1 0 0 0 1 1 1 0
0 1 1 1 1 2 2 0 2 1 1 2 0 1 2 1 1 0 2 2 0 1 1 1 1 2 1 1 2 1 0 1 1 1 1 1 1 0 2 1 1 1 2 1 1 1 1 2 1 2 1 1
1 2 1 1 1 1 1 1 1 1 1 0 1 1 0 2 0 2 0 1 2 2 1 0 1 1 1 0 2 1 1 2 2 1 1 1 0 0 1 1 0 1 1 2 1 0 1 0 0 1 1 1
0 0 1 2 0 2 1 1 2 1 2 1 1 0 1 1 2 1 1 2 2 2 1 2 2 2 0 2 1 1 1 2 1 1 2 2 2 0 0 2 0 1 2 1 2 2 1 2 1 1 0 0
1 0 2 1 1 2 2 2 1 2 2 2 0 0 2 0 2 1 1 1 2 2 1 0 0 2 2 1 1 1 1 2 2 2 2 0 2 1 1 2 2 0 0 1 1 0 2 0 2 0 2 0
0 0 2 1 1 0 0 0 2 0 1 1 0 2 1 2 2 1 0 0 2 2 1 1 1 2 2 1 1 1 0 0 1 0 2 0 0 1 1 2 2 1 2 2 0 1 1 2 2 2 1 1
1 1 0 2 2 1 2 2 0 0 2 2 1 1 1 1 1 1 0 0 1 1 1 2 1 0 1 1 2 1 2 1 1 0 1 1 2 1 1 0 1 0 0 1 1 1 0 2 1 0 1 1
1 1 0 0 1 1 0 1 1 0 1 1 1 2 2 1 2 2 1 1 0 2 1 2 1 1 0 0 1 0 1 2 2 0 0 1 1 0 1 2 1 1 1 2 1 1 1 2 2 2 1 1
2 2 0 1 1 1 1 1 2 1 1 0 0 1 1 1 1 1 0 2 0 1 1 0 2 1 1 2 1 0 2 0 0 2 1 1 2 0 0 1 1 1 1 1 0 2 0 1 0 0 2 0
1 0 1 1 1 0 1 0 2 1 0 1 1 1 1 2 2 1 1 2 1 1 2 2 2 1 0 1 2 1 2 1 0 1 1 2 0 0 1 1 1 2 1 1 2 0 2 1 0 1 1 1
2 1 1 2 1 1 2 1 2 1 2 1 1 1 0 1 1 1 1 1 0 0 0 1 0 0 1 1 1 2 2 1 2 2 2 1 1 0 1 0 1 2 1 0 0 0 1 2 0 1 1 0
1 1 1 0 1 0 1 2 1 0 1 1 2 2 2 2 1 1 0 2 1 1 1 2 2 1 1 1 0 1 1 0 1 1 2 0 2 1 0 1 2 0 1 0 1 0 1 1 0 2 2 2
19 19 12 28
28 49 94 118 130 192 201 274 313 246 396 374 341 507 539 568 611 656 477 646 575 803 579 868 705 681 910 1041 783 867 946 1149 959 1148 887 1129 980 1245 1071 1086 1356 1439 1422 1546 1172 1316 1167 1550 1322 1283 1587 1512
