52
30
2 1 1 1 1 0 2 2 1 1 0 2 1 0 0 2 1 2 0 0 1 1 2 1 2 0 1 1 1 1 2 1 1 2 1 1 1 0 2 1 1 0 1 1 0 2 1 1 0 1 0 0
0 1 1 1 2 1 1 1 1 1 0 1 1 1 1 1 1 0 1 2 1 1 2 1 2 1 1 1 2 1 0 1 2 1 1 1 2 1 1 2 2 1 2 1 2 2 1 1 2 1 2 1
0 1 1 1 1 1 0 1 2 1 1 1 1 0 1 0 0 1 1 1 0 1 1 0 2 0 1 2 2 1 1 1 1 1 1 2 1 1 2 1 1 1 1 1 1 0 0 1 1 0 1 1
1 1 1 0 0 2 2 2 1 1 2 0 0 2 0 0 1 1 1 1 1 1 1 2 2 0 0 1 1 0 1 0 1 2 1 1 1 0 1 2 2 0 0 1 1 1 1 2 0 2 1 1
1 2 2 2 1 1 2 1 1 1 2 1 2 0 0 1 1 2 0 1 1 2 1 0 2 2 2 1 1 1 2 2 0 1 0 1 2 2 2 1 1 0 0 0 1 2 1 2 0 1 1 0
0 1 0 2 0 1 0 2 0 0 1 2 0 0 1 2 1 2 0 2 0 2 1 1 1 2 0 0 1 1 2 1 1 1 2 0 0 1 0 2 1 2 0 2 2 1 0 2 2 2 1 0
2 1 1 0 2 2 2 2 1 2 1 1 2 0 1 0 0 1 0 0 0 0 1 1 2 0 0 0 1 0 2 1 1 1 0 1 2 1 1 1 1 0 1 0 2 1 1 0 0 0 2 1
0 1 1 1 1 1 1 1 1 1 1 2 1 2 0 1 1 1 1 1 2 1 2 2 2 0 2 0 0 0 0 2 1 1 0 1 0 1 0 2 0 2 1 1 2 1 1 2 0 0 0 2
2 2 1 0 1 1 2 1 1 1 2 2 2 1 0 1 1 0 1 1 2 0 0 1 1 0 1 1 1 2 1 1 2 2 1 0 1 2 1 0 2 1 0 1 1 1 1 2 1 0 1 1
1 1 2 2 1 0 1 1 1 0 2 0 1 1 1 1 2 0 1 0 2 2 2 1 1 2 2 0 2 1 1 0 1 1 2 1 0 1 0 2 1 1 2 2 2 1 1 2 1 0 0 0
2 0 1 1 1 1 2 0 2 2 2 2 2 0 1 0 1 2 0 0 1 0 0 2 2 1 1 2 0 2 2 1 1 0 0 2 1 2 1 1 1 2 0 0 0 1 1 1 1 1 1 0
2 1 0 1 2 0 1 0 1 2 1 2 0 0 1 1 2 1 1 2 2 2 1 2 1 1 0 0 2 1 0 1 0 0 0 1 1 0 2 1 0 2 2 0 1 2 1 0 1 1 2 2
1 2 0 2 1 1 2 1 1 2 1 2 1 1 1 0 0 0 0 0 2 0 1 1 1 0 2 1 0 2 1 0 2 2 1 1 0 2 2 1 1 1 0 0 2 0 1 0 1 0 0 1
1 0 1 0 1 0 1 1 0 0 0 1 2 1 2 0 2 1 1 2 1 1 1 2 1 1 0 0 0 1 1 1 1 0 1 0 1 1 1 2 2 2 0 1 2 2 1 1 2 1 0 1
2 1 2 2 1 1 1 2 2 2 1 2 0 0 1 2 1 0 2 1 0 1 1 0 2 0 1 1 0 1 1 0 1 1 2 2 2 1 1 0 2 0 2 1 1 2 1 2 0 2 1 1
1 1 0 2 1 0 2 0 0 0 2 1 1 2 0 0 1 0 2 2 0 1 1 2 2 1 1 1 0 0 1 1 1 1 0 1 0 0 0 2 1 1 1 0 2 1 1 1 1 1 2 2
1 1 2 2 1 1 2 1 2 1 1 1 1 1 0 1 1 1 1 1 0 0 1 1 1 0 1 1 1 1 1 2 2 1 1 1 0 2 2 2 0 0 1 1 1 1 0 1 1 1 1 1
0 0 1 2 2 0 0 1 2 1 1 2 2 1 2 1 1 0 0 1 1 0 1 2 2 2 2 0 1 2 2 0 0 2 0 1 0 1 0 1 1 1 1 2 2 2 1 1 1 1 2 0
1 2 2 2 1 0 1 1 2 2 2 0 1 1 0 1 1 1 0 0 2 1 1 2 0 1 1 1 2 2 2 2 0 1 1 2 1 1 1 1 1 1 1 2 2 0 2 1 1 1 1 2
1 1 0 1 0 1 1 0 0 1 1 0 2 2 1 2 2 1 1 2 1 1 1 0 1 1 1 1 1 1 1 2 2 0 1 1 0 1 0 0 0 1 2 2 1 2 2 2 0 0 2 1
0 2 1 2 2 1 0 1 1 1 1 2 2 1 2 0 0 0 1 2 1 1 1 1 1 0 1 1 1 2 1 2 2 1 1 1 1 1 1 1 1 0 1 1 1 2 2 1 0 1 0 1
0 1 0 1 0 1 0 1 1 2 0 1 1 1 0 2 1 2 1 0 2 2 1 2 2 1 1 0 1 0 1 2 1 1 0 2 1 1 1 2 2 1 0 2 0 1 0 1 1 1 2 1
1 0 1 1 1 2 1 2 2 1 2 1 1 1 1 1 2 1 0 0 0 1 0 1 1 1 0 0 2 2 1 1 2 0 1 2 1 1 1 1 2 1 0 1 2 0 2 1 0 1 1 0
0 0 1 2 2 1 0 1 0 1 1 1 2 1 1 2 0 2 1 2 1 1 0 1 1 1 0 1 1 2 0 2 2 2 1 0 1 0 0 1 0 1 1 1 1 1 2 1 1 2 2 2
0 1 1 1 2 0 1 1 2 1 2 1 1 1 0 2 0 0 0 0 1 1 0 1 1 1 2 0 2 1 0 2 0 1 1 2 2 1 0 1 0 1 1 0 1 2 0 2 1 1 1 0
1 1 0 1 2 0 0 1 2 1 2 1 0 1 1 2 2 1 2 1 1 0 2 0 0 0 1 1 1 1 1 1 0 2 1 1 2 0 1 0 0 1 1 2 2 1 1 0 2 1 0 2
0 1 1 2 2 1 1 1 2 0 2 1 2 0 1 1 0 2 1 1 0 0 1 0 2 2 1 2 2 1 0 2 2 1 2 1 2 1 1 1 1 1 0 1 1 1 2 1 0 0 0 0
1 0 0 2 1 0 1 0 0 2 0 1 0 0 2 2 2 2 1 1 2 1 1 0 1 2 0 0 2 0 0 2 0 0 2 1 1 0 1 2 2 2 1 1 0 0 0 0 1 0 2 0
1 0 0 2 2 2 1 1 2 1 2 2 0 2 1 1 1 1 1 1 1 1 0 1 1 1 0 2 1 2 1 2 1 2 2 1 1 1 1 1 1 2 1 0 1 1 0 1 1 2 2 0
0 1 2 1 1 2 1 0 2 1 1 2 2 2 2 2 1 2 1 2 1 2 1 1 2 1 1 2 1 0 1 1 1 1 0 1 0 1 1 1 2 0 0 1 0 2 2 1 1 0 2 1
13 7 11 14
28 47 82 100 154 206 219 268 297 311 314 439 352 467 465 580 590 656 582 717 638 759 777 618 890 787 805 814 937 801 789 907 1106 1171 1014 1296 1023 1006 1165 1383 1062 1506 1123 1156 1227 1467 1209 1514 1433 1435 1625 1467
