52
30
1 0 2 1 1 1 1 0 2 2 1 1 1 0 0 1 0 1 0 1 0 1 0 1 2 0 1 2 1 1 2 2 1 1 1 1 1 2 1 1 2 1 2 2 1 0 0 2 1 0 1 2
1 1 1 1 1 1 1 0 1 1 1 1 1 1 0 1 1 2 0 1 0 2 2 0 1 1 1 1 0 0 1 1 1 1 1 1 1 0 1 1 2 2 1 2 1 2 1 2 1 1 2 2
2 1 2 2 2 1 2 1 0 1 1 0 1 0 0 2 2 1 1 1 1 1 1 1 1 2 1 0 2 0 1 2 0 2 0 2 0 1 1 0 2 0 1 1 0 1 0 1 1 1 1 1
1 1 0 2 0 0 1 1 2 0 2 0 0 0 1 0 2 1 1 2 1 1 2 2 1 2 1 1 1 0 2 0 1 2 1 1 0 1 1 2 2 1 1 1 2 2 2 1 2 1 2 1
1 2 1 1 2 0 1 1 0 1 2 1 2 1 1 2 2 1 0 0 1 0 1 2 1 0 1 2 1 1 1 1 0 1 0 2 1 2 1 0 0 1 1 0 1 1 1 0 0 1 2 1
0 0 1 0 1 0 0 1 1 0 0 1 0 1 1 1 2 2 1 2 0 2 1 1 0 1 1 2 0 1 1 1 1 0 1 2 0 0 1 2 2 1 2 1 2 0 1 0 1 1 2 1
1 1 2 2 0 2 0 2 1 1 1 1 0 2 0 0 0 2 1 1 1 2 1 1 0 0 1 0 1 1 2 1 1 1 2 0 1 1 1 1 0 1 1 1 0 0 2 1 1 0 0 2
1 1 1 1 2 0 0 1 1 1 1 1 1 1 1 0 1 1 1 1 2 0 1 0 1 1 0 1 1 0 1 1 0 0 1 1 1 0 0 2 2 1 2 1 2 1 1 0 1 0 1 1
1 2 2 0 2 1 1 1 0 2 1 2 1 1 0 0 1 0 0 1 1 0 1 0 2 2 2 2 0 0 1 2 1 1 1 1 2 1 2 0 1 0 1 0 0 0 2 1 1 1 0 2
1 1 0 0 1 1 2 1 1 0 0 1 0 2 1 0 0 1 2 1 2 1 1 1 0 1 2 1 2 2 0 0 0 1 1 1 1 1 1 0 2 2 1 1 1 1 1 2 1 1 1 2
2 2 1 0 1 2 1 1 2 1 2 2 1 1 1 1 2 1 0 1 1 1 1 0 1 1 0 1 1 2 0 0 2 2 1 0 2 2 2 1 1 0 0 0 1 2 1 0 0 1 0 0
1 1 0 1 0 2 1 2 0 0 0 1 0 2 2 2 2 2 0 1 1 0 2 1 2 1 1 2 1 1 2 0 1 0 0 0 1 1 1 1 1 0 1 1 2 1 2 2 2 2 2 2
2 2 1 2 1 0 2 2 1 1 0 1 1 0 0 1 0 0 0 0 2 0 2 1 1 1 2 0 2 0 2 0 2 2 0 1 2 1 0 1 1 1 0 1 1 0 2 1 1 1 1 0
1 0 1 0 1 1 1 1 0 0 2 0 1 1 1 2 2 2 1 0 1 2 2 1 0 1 0 2 1 1 0 0 0 0 2 0 1 2 2 1 1 1 2 1 1 1 2 2 1 2 1 1
1 1 1 1 2 2 1 0 1 2 2 1 2 1 1 1 1 1 2 1 2 1 1 1 1 0 2 1 0 2 1 2 1 1 1 1 0 1 1 1 1 1 0 1 0 1 1 1 1 1 1 1
0 1 0 2 1 1 1 0 1 0 0 2 1 1 0 1 1 2 1 1 1 1 2 0 1 2 2 1 1 0 1 0 1 1 2 1 0 0 1 1 2 0 1 2 1 2 2 0 2 0 2 0
2 0 1 1 0 1 2 0 1 2 2 1 2 1 1 2 1 0 1 2 0 2 0 1 1 1 1 1 1 0 2 1 2 2 1 2 2 1 1 2 1 0 0 1 0 0 1 1 0 1 1 1
0 0 1 1 1 0 0 1 1 2 1 1 1 2 2 1 1 2 2 0 2 2 1 2 2 2 1 0 1 0 0 2 1 0 1 0 1 0 2 2 1 2 1 2 1 1 1 1 2 2 2 1
1 0 0 1 1 2 2 1 2 1 1 1 1 2 2 1 1 1 0 0 1 1 0 1 1 1 0 0 1 1 2 2 1 1 1 0 2 1 2 1 1 1 0 0 1 0 1 0 1 1 2 1
1 0 2 1 0 2 1 0 0 2 0 1 0 1 1 1 0 2 2 0 1 0 1 0 1 1 1 1 0 2 0 2 1 1 1 0 1 2 0 1 0 0 0 1 2 1 2 1 1 2 1 2
1 0 1 2 2 1 0 1 0 2 1 2 1 2 1 2 0 0 1 1 2 0 1 1 0 2 1 1 0 1 2 2 2 0 1 2 1 2 1 1 1 1 0 2 2 1 2 0 1 2 1 0
1 0 2 2 1 1 1 0 2 0 0 0 1 1 1 2 1 2 1 0 1 1 1 0 1 2 1 1 1 0 0 0 0 1 1 0 1 1 1 1 0 2 2 2 1 1 1 2 1 1 1 2
1 1 1 0 1 1 0 2 2 2 2 2 1 1 0 0 1 1 0 1 2 0 1 1 1 1 1 2 2 2 1 0 1 2 1 2 0 1 2 1 0 0 0 1 1 0 0 2 1 0 0 1
1 1 1 1 0 0 0 1 1 1 2 0 1 1 1 0 2 1 2 1 1 2 1 0 0 1 0 0 1 0 1 2 2 2 1 0 1 0 0 2 2 0 2 2 1 0 2 0 2 0 1 2
2 1 0 2 1 2 2 1 2 2 2 1 0 0 1 1 1 1 1 0 1 1 1 1 0 2 2 1 0 0 1 2 1 1 1 2 0 2 1 0 0 1 0 2 2 2 1 0 0 1 1 1
1 1 1 1 2 2 0 1 1 0 0 0 0 1 1 2 1 0 1 0 0 1 1 2 1 1 1 0 1 0 0 2 1 1 2 1 1 1 0 2 1 1 2 1 0 2 1 2 1 2 2 2
0 1 1 1 1 2 1 2 1 2 1 1 1 1 0 2 1 1 1 1 1 1 0 0 2 1 1 2 1 1 1 2 2 2 0 1 1 2 2 1 0 2 1 1 0 0 0 2 0 0 0 1
2 2 1 0 0 1 0 1 0 2 1 2 0 1 1 2 1 0 2 2 1 2 2 1 0 2 0 1 0 2 1 1 0 0 0 1 1 1 2 1 2 1 2 2 2 1 1 0 1 1 1 2
1 1 1 2 2 0 2 0 0 1 2 1 1 1 1 0 1 2 1 1 1 0 0 1 1 1 2 0 2 1 1 1 2 1 0 2 1 2 1 1 1 0 0 2 0 1 1 0 0 0 0 0
1 2 1 0 1 0 2 1 0 1 1 1 1 1 1 1 1 1 0 0 2 2 1 1 1 0 2 0 1 1 2 2 0 1 0 1 0 0 2 1 2 2 0 1 1 1 2 1 1 2 2 1
14 12 13 12
31 50 83 102 121 164 252 274 296 280 337 424 454 352 407 434 405 599 573 659 713 648 797 795 751 906 654 993 965 895 1088 1110 1122 963 1207 1024 890 1229 1122 1122 1099 1075 1292 1152 1400 1436 1384 1424 1431 1588 1509 1851
