52
30
2 1 1 2 0 1 1 1 2 2 2 1 1 1 0 0 0 0 0 1 0 1 1 1 2 1 1 1 2 2 2 2 2 2 1 1 1 2 2 1 0 2 0 1 0 1 1 0 0 1 0 1
1 0 2 1 0 0 0 0 0 1 1 1 0 1 1 2 1 2 0 1 0 2 0 2 1 2 0 0 1 1 1 1 1 1 1 1 0 2 1 0 2 1 1 1 2 2 0 1 1 1 1 0
1 0 1 1 0 1 2 2 2 1 1 2 1 1 2 1 0 0 1 1 1 1 0 0 1 0 2 1 2 1 2 1 1 2 1 2 2 1 2 1 1 0 1 2 0 0 0 1 1 1 0 0
0 1 1 0 1 1 0 1 1 0 1 0 1 2 1 1 1 2 1 0 2 1 1 1 2 1 1 1 1 1 1 0 0 0 1 1 1 1 0 1 2 2 2 2 2 2 1 1 1 1 1 0
2 1 1 1 2 2 1 2 1 1 1 0 2 1 0 1 1 0 2 1 1 0 1 1 1 0 1 2 1 1 2 1 2 1 2 1 2 1 1 1 1 2 1 1 0 1 2 0 2 1 0 0
2 0 1 2 1 2 1 1 0 0 1 0 1 1 0 2 2 2 2 1 2 2 1 0 0 0 1 1 0 0 1 2 0 2 2 1 1 0 0 2 1 1 1 1 0 2 1 2 2 1 1 1
1 1 1 1 0 1 1 2 0 0 2 2 1 0 0 1 2 2 2 1 0 1 1 1 1 2 2 1 1 2 1 1 2 2 1 1 0 0 2 1 1 2 1 1 1 1 1 2 0 1 1 1
0 0 0 2 0 1 1 0 0 1 0 0 0 1 1 2 1 0 1 1 1 0 0 1 2 0 0 1 1 1 2 0 0 0 0 1 1 0 1 1 1 1 2 2 1 2 0 2 2 0 1 2
2 1 0 1 0 0 2 1 2 1 1 2 1 1 0 1 1 1 2 1 0 0 2 2 1 1 2 0 1 1 1 2 1 1 2 2 1 0 2 1 1 1 0 0 0 0 1 0 1 0 1 1
1 0 1 0 0 1 2 1 1 0 1 1 1 1 0 1 1 2 2 1 1 0 0 1 0 2 1 1 1 0 1 1 0 1 0 1 1 0 2 0 2 2 2 1 1 1 1 2 2 1 0 1
1 0 1 2 2 1 0 1 1 1 1 2 1 0 1 1 1 2 0 1 2 1 2 1 1 0 2 1 1 1 1 1 1 1 2 1 0 0 2 0 0 1 0 0 1 0 1 1 2 1 1 2
2 1 2 1 1 2 0 2 0 1 0 0 0 2 1 0 0 2 1 1 1 1 1 0 1 1 1 1 0 0 1 0 1 1 0 1 1 1 1 2 2 1 2 1 1 2 1 1 1 1 1 0
1 1 0 1 1 2 2 1 2 2 1 0 1 1 1 0 0 0 0 1 2 1 1 1 0 1 1 1 1 0 2 0 2 2 0 1 0 1 1 0 1 2 0 1 1 0 0 1 0 1 2 1
1 2 1 1 1 0 1 0 1 1 1 0 2 1 2 2 1 1 1 2 1 1 2 0 1 1 1 1 1 0 1 1 1 1 0 2 0 0 1 1 0 2 2 0 1 1 2 1 2 1 1 1
1 1 2 1 0 2 1 2 2 1 2 0 1 0 2 0 2 1 2 1 1 1 2 1 0 1 2 0 1 2 1 2 1 1 1 2 1 1 1 0 2 2 1 1 1 2 1 0 1 2 1 1
0 1 1 1 1 1 1 2 0 2 1 0 1 1 0 2 1 1 1 1 2 0 1 0 2 2 0 1 1 1 1 0 2 2 1 1 0 1 1 2 1 2 1 1 1 2 2 0 0 1 2 1
1 1 1 2 1 1 1 2 2 0 1 2 2 1 1 2 2 1 1 0 2 1 1 1 1 0 1 1 1 0 1 1 1 0 2 2 0 1 1 1 1 1 1 1 1 0 1 1 0 1 0 0
0 0 1 2 1 0 1 0 1 0 0 0 0 1 0 1 1 1 1 1 1 2 1 1 2 2 1 0 1 1 1 0 0 1 1 0 2 1 1 0 0 2 1 2 1 0 2 1 0 1 0 1
1 1 1 2 1 1 1 0 1 1 1 2 1 1 2 1 1 0 1 0 2 0 0 1 1 0 2 2 1 0 1 0 2 0 2 1 1 2 1 1 1 0 0 2 1 1 0 1 0 2 2 0
2 2 0 1 0 0 1 1 1 1 2 1 1 2 1 2 1 2 2 1 0 2 1 2 1 2 2 2 1 1 1 1 0 0 1 1 1 1 1 1 1 0 1 2 2 1 2 1 1 1 0 2
1 0 1 0 1 2 1 1 1 2 0 1 1 1 1 1 2 1 2 0 1 1 0 1 0 1 2 2 1 2 1 2 2 1 0 2 0 1 2 0 0 1 1 1 1 0 1 1 1 0 0 1
2 0 0 2 1 0 0 2 1 1 2 1 0 2 2 1 2 1 1 1 1 1 2 1 2 1 0 1 2 1 2 1 2 0 0 1 0 2 2 2 0 2 2 1 2 1 2 2 1 1 0 2
1 2 1 1 2 1 1 2 2 2 2 1 2 0 1 2 1 0 1 1 0 1 2 0 2 0 1 0 2 2 1 1 2 1 1 1 1 1 1 1 0 1 2 1 1 1 1 0 2 1 2 2
1 1 2 1 0 0 1 1 1 2 1 2 1 1 1 2 2 1 1 2 1 2 0 1 0 2 1 1 2 0 1 1 1 2 1 1 1 1 0 2 1 2 1 1 0 2 2 2 0 1 2 2
0 1 1 1 2 1 1 2 2 2 0 1 1 0 0 1 1 1 2 1 1 1 0 0 1 1 1 2 1 1 1 1 2 2 1 1 2 0 2 2 1 0 1 0 0 2 2 0 0 1 1 0
1 0 1 0 1 0 0 1 0 2 0 0 0 1 1 1 1 1 2 2 2 0 1 2 1 1 0 0 1 0 0 0 1 1 1 1 1 2 0 1 0 2 0 1 2 1 2 1 1 2 1 2
1 1 1 2 2 0 2 1 0 2 2 1 1 0 2 1 1 2 0 1 2 1 2 1 1 0 1 1 1 0 1 1 2 1 1 1 2 1 0 2 1 0 0 2 1 1 0 1 1 1 1 1
0 1 2 1 0 2 1 0 1 0 0 0 0 1 1 1 1 2 2 1 1 0 1 0 2 2 1 0 0 1 1 1 1 2 0 1 0 0 0 1 0 0 0 1 1 1 1 1 1 0 2 2
1 2 1 2 2 1 1 2 2 1 1 2 1 0 0 0 0 0 1 0 0 1 0 2 0 0 1 2 1 2 2 0 1 2 2 1 0 2 1 2 1 1 2 2 1 0 1 1 0 1 0 2
0 2 1 1 1 1 2 0 1 2 2 2 1 0 2 1 1 1 2 2 0 2 2 1 1 2 1 1 0 1 0 2 1 0 2 1 2 1 1 2 1 1 1 2 2 0 1 1 2 1 0 1
14 11 8 11
24 63 71 134 160 143 187 262 310 288 376 369 345 337 442 445 546 553 617 523 558 585 556 712 741 728 913 764 893 951 800 1024 1080 1154 1213 1178 1296 1006 1253 1261 1370 1324 1068 1140 1639 1400 1174 1343 1314 1751 1433 1330
