52
30
2 0 1 1 2 1 2 2 1 1 1 2 1 0 1 0 0 0 1 1 1 1 2 2 1 0 2 1 2 0 0 0 2 1 1 2 2 2 1 1 0 1 1 1 1 1 0 0 2 1 1 2
1 1 0 2 0 1 1 2 1 1 1 0 1 2 2 1 1 1 0 1 1 0 2 1 1 2 0 1 0 0 1 0 1 1 2 1 1 0 0 1 1 1 0 1 2 1 0 0 1 2 1 2
1 2 2 1 0 1 1 2 1 1 2 1 0 2 2 0 2 1 1 0 1 2 0 1 0 2 2 0 1 1 1 1 2 2 0 1 1 2 0 2 1 2 1 0 1 0 0 1 1 1 0 1
1 0 0 0 0 1 1 1 1 1 1 0 1 2 1 1 1 1 1 2 0 1 2 2 2 1 1 1 1 0 1 1 2 1 1 2 1 1 0 2 2 0 1 2 1 2 0 0 2 2 1 2
1 0 1 2 2 2 1 2 0 2 1 1 2 1 1 2 1 0 1 1 0 1 1 1 0 1 0 1 1 1 1 2 2 1 2 1 2 2 1 1 2 1 0 0 0 1 1 2 2 1 0 1
1 0 0 1 1 2 1 1 1 1 0 0 1 2 2 2 2 0 1 1 1 1 2 1 2 1 1 0 1 2 0 1 1 0 1 1 1 1 1 2 2 1 1 1 0 1 2 2 2 1 1 2
0 2 2 2 0 1 1 1 2 1 1 2 1 1 0 1 0 1 1 1 1 2 1 2 2 1 0 2 1 1 2 2 1 2 0 2 1 2 1 1 2 1 1 1 1 0 2 1 0 0 2 1
1 2 2 1 2 0 0 1 0 1 0 1 1 1 0 2 2 2 2 1 1 0 1 2 1 2 1 0 1 0 0 2 2 1 1 1 1 2 0 1 1 0 1 2 0 1 2 1 1 1 1 1
2 0 1 2 0 2 1 0 2 2 1 2 2 1 1 1 1 0 0 2 1 0 1 1 1 1 1 2 1 1 2 2 2 1 1 0 1 1 1 1 1 0 1 2 1 1 2 2 1 0 1 1
0 0 2 1 1 1 1 1 1 1 1 0 1 0 1 1 1 1 2 1 1 2 2 2 1 1 2 1 1 1 0 0 0 0 1 0 2 2 2 1 2 1 1 1 1 1 1 1 0 2 0 1
1 1 0 0 1 2 2 2 1 1 1 2 2 0 1 2 1 1 1 1 1 0 1 1 1 1 1 1 0 1 2 1 2 2 1 2 1 2 1 1 1 1 1 0 1 0 1 0 1 0 1 0
1 1 1 1 0 0 1 2 0 1 1 0 1 1 0 1 2 1 1 0 2 1 1 0 0 2 0 1 2 1 0 1 2 1 0 1 2 0 0 0 1 2 1 2 1 1 1 1 2 0 1 2
1 2 1 0 2 1 2 1 0 1 0 1 1 1 1 2 0 0 2 1 1 1 1 2 2 1 1 0 2 1 2 1 2 1 1 2 1 1 1 2 0 0 1 1 0 1 1 1 0 1 0 0
1 0 0 0 0 2 1 1 1 2 1 1 2 0 1 2 1 1 1 2 1 2 2 1 1 1 0 0 2 2 0 0 1 1 0 0 2 1 1 2 1 2 2 1 2 1 2 0 2 1 1 2
1 2 1 1 0 1 2 1 1 1 1 1 1 2 2 1 0 0 1 0 0 0 1 0 1 1 0 2 2 2 2 2 2 2 1 1 1 2 2 1 0 1 1 1 1 1 0 2 0 0 0 1
2 1 0 2 1 2 1 1 1 0 1 0 2 2 1 1 2 0 2 1 0 1 1 2 2 0 0 0 1 1 0 1 1 0 1 2 1 2 1 1 2 1 2 2 2 1 2 2 2 2 2 2
2 1 1 1 1 2 2 0 2 2 2 0 1 0 1 0 1 1 0 1 1 0 2 0 1 2 2 1 2 0 2 1 1 0 1 2 1 2 2 1 1 0 1 0 0 2 1 1 1 1 0 1
2 2 2 1 0 1 1 2 1 0 1 0 1 1 2 1 1 0 1 1 2 2 2 1 1 2 0 1 1 1 0 1 1 1 2 1 0 0 2 2 1 0 0 1 1 1 2 0 1 1 1 2
2 2 2 0 2 1 1 2 2 2 1 1 0 2 1 1 1 0 0 1 1 2 2 0 1 0 2 1 1 1 1 1 1 2 2 2 1 1 1 2 1 1 1 0 1 0 1 2 1 2 1 0
1 1 2 1 1 0 1 1 0 0 0 0 0 1 1 2 0 2 0 2 0 1 2 0 1 0 1 0 0 1 1 0 0 0 0 1 1 2 0 1 2 1 0 0 1 1 1 2 1 1 1 1
1 1 2 1 2 1 1 0 2 1 2 2 1 0 2 0 1 1 0 0 0 1 1 1 1 1 1 2 2 1 2 1 0 2 1 1 1 1 1 1 1 0 0 1 1 1 0 1 1 0 1 0
2 1 1 2 1 1 0 1 0 1 1 1 1 1 2 2 1 0 2 1 2 2 2 0 2 1 0 0 0 1 0 1 0 0 1 1 2 1 1 0 1 1 2 2 1 1 0 2 2 2 0 1
2 1 1 1 2 1 1 0 1 2 2 0 2 2 1 0 0 2 2 1 2 1 1 1 0 2 1 1 1 1 1 0 2 1 1 2 1 0 1 1 1 1 1 1 0 1 1 2 1 2 1 1
2 1 0 1 2 1 0 1 1 2 0 0 1 2 1 1 2 1 1 1 2 2 1 0 0 0 1 1 0 2 0 1 1 0 1 0 2 2 0 0 2 1 2 1 0 1 1 1 0 1 1 0
1 1 2 1 2 1 1 1 2 2 1 1 1 2 2 2 1 0 2 2 1 1 0 0 1 1 1 1 1 1 2 1 0 2 1 2 2 2 1 2 0 0 2 2 1 1 2 0 1 0 1 0
1 2 0 1 1 1 0 1 0 1 1 0 1 1 1 1 1 2 1 1 1 2 1 1 2 1 2 1 1 1 1 1 1 2 2 0 0 0 1 1 1 2 1 1 2 1 2 2 1 1 2 1
1 1 2 0 1 0 2 0 1 1 0 2 1 2 1 0 2 2 1 2 1 2 0 0 0 1 2 2 1 1 1 0 1 1 1 1 2 2 1 0 0 1 0 1 1 0 1 1 0 0 1 1
1 0 1 2 1 0 1 1 0 1 1 0 0 1 2 1 1 2 2 1 0 0 1 2 2 1 1 0 0 1 1 1 2 1 1 0 1 1 0 1 2 1 2 2 2 1 0 2 1 0 1 1
1 1 1 0 1 2 0 0 2 0 2 1 2 1 0 1 1 0 0 2 1 2 0 1 1 0 2 1 1 1 0 0 1 2 1 2 2 1 1 1 1 1 0 2 1 2 0 2 1 1 1 1
0 0 1 1 1 1 1 0 1 1 1 0 1 0 2 2 1 1 1 2 1 1 1 2 1 2 1 1 1 2 1 1 0 0 2 1 1 1 2 1 1 2 1 1 2 2 2 0 1 0 2 0
16 19 9 15
35 55 108 124 149 163 212 206 320 310 360 347 439 508 527 523 449 554 634 683 614 653 630 826 907 799 920 811 901 1109 771 1067 1127 1132 1168 1004 1026 1414 1337 1052 1410 1412 1129 1147 1671 1324 1394 1657 1696 1283 1811 1768
