52
30
1 0 2 2 2 1 0 1 0 0 2 2 1 0 1 0 2 0 1 1 1 0 1 1 1 0 1 1 2 2 1 1 1 0 1 1 0 1 2 0 1 0 2 2 1 1 1 1 1 1 0 0
1 1 1 0 1 1 0 1 1 1 0 1 1 2 2 1 0 2 2 1 1 0 1 1 1 1 0 0 1 0 1 1 1 2 1 1 1 1 2 0 0 0 1 1 0 1 1 1 1 2 1 1
1 0 2 1 1 1 2 1 1 1 1 1 0 1 0 1 1 2 1 2 0 2 0 0 1 2 1 1 1 0 2 2 1 1 0 1 2 0 0 1 1 1 0 2 0 0 2 1 1 2 2 0
1 0 2 0 1 0 1 0 0 1 1 0 1 0 2 0 1 2 0 0 2 0 0 1 1 1 1 2 2 1 0 2 2 1 1 0 1 1 0 1 1 1 1 1 2 1 0 1 1 1 0 2
1 1 1 1 1 2 1 1 1 1 2 2 0 2 0 0 2 0 2 1 1 0 1 2 1 1 1 1 1 1 0 2 1 1 1 2 2 2 1 1 1 1 1 1 0 2 0 1 2 0 1 2
2 1 1 1 0 0 0 1 2 1 1 0 1 1 2 2 0 0 1 2 1 1 1 1 1 1 1 1 1 0 1 2 1 1 1 0 1 1 2 2 1 1 1 1 1 1 1 1 1 1 1 1
2 1 0 0 1 0 2 2 1 1 2 0 1 1 0 0 1 2 1 1 1 0 0 1 1 1 1 1 2 2 1 1 0 1 2 0 1 1 1 2 1 1 1 1 1 0 1 1 0 0 1 1
1 1 0 1 1 0 1 0 0 2 0 1 1 2 0 2 2 2 1 0 0 1 2 1 2 1 0 1 1 1 1 1 2 0 2 0 1 1 1 1 1 1 1 2 1 1 0 2 1 1 2 1
2 1 1 1 1 1 2 1 2 0 1 2 1 1 0 1 0 1 1 0 2 1 2 2 1 1 2 2 1 1 2 1 1 1 2 1 1 1 2 1 1 1 2 0 1 0 2 1 0 2 0 1
1 1 0 0 0 1 2 1 2 1 1 0 0 1 1 2 1 2 1 1 1 2 2 2 2 1 1 1 1 2 1 1 0 0 0 1 1 0 1 2 1 1 1 1 2 2 2 1 1 1 2 1
2 1 1 1 1 1 1 2 2 0 1 1 1 2 0 1 1 1 1 2 1 1 0 1 1 1 1 2 2 2 1 1 1 2 2 2 2 0 0 1 2 1 2 0 2 2 0 1 1 1 2 1
1 2 0 0 1 0 1 2 0 1 2 2 0 2 1 1 1 2 1 1 1 1 0 1 1 2 2 0 1 1 0 1 0 1 0 1 0 1 0 2 1 2 1 2 2 1 1 2 0 0 1 1
2 2 1 2 0 1 1 1 1 1 2 0 0 1 1 1 1 0 1 1 1 0 0 0 0 1 2 0 2 1 1 1 1 2 0 1 2 1 2 2 0 1 1 1 1 1 0 1 1 0 1 2
0 1 0 1 1 0 1 0 1 0 2 1 0 2 1 2 1 2 0 0 2 2 1 0 2 2 0 1 1 1 2 1 0 1 1 1 2 0 0 2 1 1 1 1 0 1 1 2 2 0 2 2
2 1 1 1 1 0 1 2 1 2 1 0 1 1 0 0 1 0 0 1 1 1 2 0 2 1 1 0 2 2 2 1 2 0 2 0 2 2 1 1 1 1 1 1 2 0 0 1 1 1 0 1
1 1 0 2 0 1 0 0 1 1 1 0 0 2 1 1 1 1 1 2 2 1 1 2 2 2 2 1 0 1 0 0 1 2 0 0 0 0 2 1 1 1 0 2 1 2 1 0 0 1 2 1
1 0 2 1 2 1 1 1 2 1 2 0 1 2 1 2 2 1 2 1 1 1 1 1 1 0 0 1 2 2 1 1 2 2 1 1 2 0 0 0 0 1 1 0 2 0 2 1 1 0 0 1
1 1 0 2 0 1 1 0 0 0 2 1 0 0 0 1 1 2 1 2 2 0 2 1 2 2 1 0 1 2 1 2 1 0 1 0 2 1 1 1 1 2 2 1 2 2 1 2 1 2 2 1
2 1 1 1 1 1 1 1 2 0 1 2 2 0 0 1 1 1 1 0 0 0 1 0 0 1 1 2 2 0 0 1 1 1 1 1 1 0 1 1 1 1 1 0 0 0 0 0 1 1 1 0
1 1 1 0 1 0 0 1 0 1 0 0 2 1 1 2 2 1 2 1 1 1 0 2 1 2 0 1 1 0 1 1 1 0 1 0 1 0 1 2 1 1 0 1 0 2 2 2 1 1 2 2
1 1 1 2 1 0 1 0 2 2 1 1 2 2 1 1 1 0 1 2 2 0 1 0 0 1 1 1 2 2 2 2 2 2 1 1 1 2 0 1 1 1 0 1 1 2 2 1 1 0 1 0
1 2 0 0 0 2 1 2 1 2 1 1 2 1 1 1 1 1 0 2 2 2 1 2 2 1 1 2 1 2 1 0 0 1 0 0 2 0 1 1 0 1 0 1 2 0 2 2 2 1 0 1
2 1 1 0 2 2 2 1 0 1 1 1 1 1 0 2 1 1 0 2 1 0 0 0 1 1 1 1 2 2 0 2 2 1 1 2 2 2 2 1 1 1 0 0 1 1 1 1 1 1 1 0
1 2 0 0 1 0 0 2 0 0 1 2 1 0 1 1 2 2 1 1 1 1 1 1 1 1 1 1 2 1 0 1 1 1 1 0 2 1 2 1 2 1 1 1 2 1 1 2 0 1 2 2
0 1 0 2 1 2 0 1 0 0 2 2 2 0 1 2 1 1 1 0 1 0 0 0 0 1 0 1 2 2 1 1 0 1 1 1 2 1 1 1 1 1 0 0 1 1 1 0 0 1 1 2
0 1 1 2 1 2 0 1 0 2 2 0 1 1 0 1 1 2 1 1 0 0 0 1 2 1 1 1 1 1 1 2 2 2 1 0 0 1 1 2 1 1 0 2 2 1 2 2 2 1 1 1
1 0 0 1 1 1 1 2 1 2 1 1 1 0 0 1 1 0 0 1 1 2 1 0 1 2 0 2 1 2 1 1 1 0 2 2 1 2 1 0 0 1 0 1 1 0 0 0 0 1 2 1
0 1 0 1 1 1 1 2 2 1 1 1 0 1 1 2 0 2 2 2 2 1 1 0 1 2 1 1 2 1 2 1 1 0 1 0 1 1 0 0 2 2 1 2 1 1 1 2 1 2 1 1
1 1 2 2 1 1 1 0 1 1 1 2 1 1 1 1 1 1 1 0 0 1 1 1 0 1 1 1 1 1 1 1 2 1 0 2 2 1 1 0 2 1 1 2 1 1 0 1 0 1 0 1
2 1 1 0 1 0 0 0 0 2 1 1 1 1 1 2 1 1 2 2 0 2 1 1 1 1 2 0 1 2 0 2 0 2 2 2 2 1 0 1 1 1 1 1 2 1 0 1 2 1 0 2
12 17 11 7
28 70 88 136 165 141 162 178 204 333 377 292 374 361 449 516 489 504 631 590 512 566 570 773 857 881 762 961 955 841 1076 1056 995 980 1232 935 957 1179 1405 1393 1122 1363 1223 1493 1576 1266 1476 1549 1251 1328 1674 1328
