52
30
2 2 1 1 2 1 1 2 1 2 2 2 0 1 1 0 1 1 0 1 1 0 2 1 0 0 2 0 1 2 2 2 1 1 2 2 1 1 0 2 1 1 2 1 0 1 1 0 1 1 0 1
0 1 1 1 0 1 0 0 1 1 0 1 0 1 1 1 1 2 1 1 1 1 1 1 2 1 0 0 0 0 1 1 0 2 0 0 2 2 1 1 2 0 2 2 2 2 2 1 0 2 1 1
2 1 1 1 2 1 2 1 0 1 2 2 1 1 1 1 0 0 1 1 0 1 1 1 0 0 1 2 1 1 1 1 2 0 1 1 2 1 1 1 1 1 0 1 1 0 2 1 1 0 1 0
1 0 1 2 0 1 1 1 0 0 1 1 2 1 1 1 2 2 1 1 1 1 2 1 2 1 1 0 0 1 1 1 0 1 1 1 1 0 0 1 2 2 2 2 2 2 1 1 1 1 1 1
1 0 2 1 1 2 1 1 0 0 2 0 1 0 0 1 1 0 0 0 1 1 1 1 0 1 1 1 2 1 1 1 1 1 1 2 2 1 1 1 1 2 1 0 0 1 1 0 0 0 2 2
0 1 0 1 0 0 1 2 1 2 2 0 1 1 1 1 2 1 2 2 1 1 2 2 0 1 1 1 1 1 1 1 0 1 0 2 1 1 1 1 1 1 2 2 2 0 2 2 1 2 1 1
1 2 0 1 2 2 1 1 2 0 1 0 2 0 0 0 0 1 1 1 1 1 1 1 1 1 1 1 0 2 1 1 1 1 1 2 1 1 1 0 1 1 0 2 1 2 2 1 1 0 1 1
1 2 1 1 1 1 1 0 0 2 1 1 0 2 1 1 1 1 1 2 2 2 0 1 1 1 2 2 2 2 0 1 2 1 2 0 2 2 1 0 2 1 2 0 2 2 2 1 0 1 1 1
2 1 1 2 2 1 0 2 1 2 2 1 0 1 1 1 2 2 1 1 0 1 1 0 1 0 1 1 2 2 2 1 0 2 1 2 2 1 1 1 0 1 1 2 1 2 1 1 2 0 2 1
1 0 1 1 2 1 0 1 1 1 1 1 2 2 0 2 2 1 1 1 1 2 1 0 2 2 1 2 1 1 1 1 1 0 0 1 0 1 0 2 1 2 1 0 0 2 2 1 2 1 0 2
1 2 2 2 1 2 1 1 2 2 2 1 1 1 1 0 0 1 1 0 1 1 0 1 1 0 2 2 1 0 1 1 1 2 2 1 1 1 1 0 1 0 0 1 1 1 1 1 1 0 1 1
0 0 1 0 1 0 0 1 1 2 0 0 1 2 1 1 1 1 1 2 2 2 1 0 1 1 1 0 1 1 0 1 1 1 1 1 1 1 1 0 0 1 1 1 2 2 1 2 2 2 0 2
2 2 0 0 2 2 2 1 1 1 1 2 2 1 1 1 1 1 2 0 0 1 1 1 1 0 2 2 1 1 1 0 1 2 2 2 1 2 2 0 1 0 0 1 0 0 0 0 1 2 0 0
0 1 0 0 0 2 0 0 0 1 1 0 1 0 2 1 2 1 1 2 1 0 1 2 1 0 1 1 1 1 1 1 2 1 1 0 0 1 1 1 0 1 1 1 2 0 1 1 0 2 1 0
2 1 1 2 2 1 2 1 1 2 0 1 1 1 1 2 1 1 0 1 1 0 1 2 1 1 1 1 1 0 2 2 1 1 2 1 1 2 1 1 2 1 0 2 0 2 1 1 1 0 1 1
1 1 0 0 0 2 1 0 1 1 2 1 2 2 0 2 1 1 2 2 1 2 1 1 2 1 0 2 0 1 1 1 0 2 1 1 1 1 2 0 2 1 1 2 0 1 2 1 1 2 1 2
2 1 2 2 1 2 1 0 1 0 1 1 1 1 0 1 1 1 1 1 1 1 0 1 1 1 1 2 0 1 2 2 2 1 1 2 1 1 1 1 0 1 0 2 1 1 0 1 1 1 1 0
2 2 2 2 0 1 1 1 0 2 1 0 1 2 1 1 1 2 0 1 1 1 1 1 2 1 0 1 1 1 1 0 1 1 1 0 0 2 1 0 2 1 1 1 2 1 1 0 0 2 1 1
2 1 1 2 1 1 2 2 2 1 1 0 2 1 1 1 0 1 1 2 1 1 1 0 1 2 1 2 2 0 2 1 1 1 1 1 2 1 1 0 2 2 2 0 0 0 1 0 0 1 2 0
0 0 0 1 1 2 2 2 0 2 1 1 0 2 2 1 1 2 2 2 0 1 2 2 1 1 1 1 1 1 1 1 0 1 2 2 2 1 0 2 2 0 1 1 2 1 1 2 2 1 2 2
0 2 1 0 1 0 1 0 0 1 1 0 1 0 0 2 1 0 0 1 1 1 2 0 2 0 1 1 2 1 1 1 0 2 2 1 0 1 1 1 0 0 1 1 1 1 0 2 1 0 0 0
1 1 1 1 0 0 1 1 0 0 1 0 2 1 2 1 1 1 2 2 1 2 1 2 2 1 0 2 2 1 0 1 1 1 0 0 1 1 1 1 1 1 0 2 1 1 1 2 1 2 1 2
2 1 2 1 1 1 2 2 1 1 1 1 0 1 2 2 1 0 0 0 1 2 1 1 1 1 0 2 2 2 1 1 1 1 2 0 0 2 2 1 0 1 0 1 2 1 0 0 0 1 0 1
2 0 1 0 0 1 1 0 0 0 1 1 1 0 1 2 1 2 2 2 0 0 2 1 0 2 1 0 2 1 1 0 1 0 1 1 1 1 0 2 1 1 2 1 1 1 2 1 2 1 1 2
0 2 1 1 2 2 1 1 1 1 1 0 1 0 0 1 1 1 1 0 1 0 1 1 1 1 2 1 1 1 1 0 1 2 2 2 1 2 1 1 1 0 0 2 1 1 2 1 2 0 1 1
0 1 1 0 0 2 2 1 1 1 1 1 1 1 2 1 1 1 1 2 2 1 1 0 1 1 1 1 1 1 0 2 0 0 2 1 1 1 2 0 1 1 2 2 2 1 1 1 1 1 2 2
0 1 2 1 1 1 2 2 1 1 1 2 0 2 1 1 1 1 1 1 1 2 1 0 2 0 1 1 1 1 2 2 2 1 1 2 1 0 2 0 0 2 1 1 1 2 1 2 0 0 0 2
1 0 1 0 1 0 1 1 2 1 0 1 1 0 2 2 2 1 0 2 2 1 1 1 1 1 0 1 1 1 1 2 0 2 1 1 0 0 1 1 2 1 1 1 1 2 2 2 1 1 2 1
1 1 2 1 2 2 0 0 1 1 0 0 2 0 1 2 1 0 1 0 1 2 1 0 0 0 2 2 0 1 1 1 2 2 2 2 1 1 1 1 0 1 1 1 1 0 0 0 0 0 0 1
1 0 0 0 1 1 0 2 2 0 0 1 1 2 2 1 1 1 1 2 1 1 1 2 1 2 1 1 1 1 1 0 1 1 1 2 1 1 0 2 1 2 2 1 1 1 2 1 2 2 1 1
19 10 9 20
25 53 107 108 148 154 200 257 286 260 272 323 458 351 468 507 572 651 626 702 566 717 635 723 626 686 743 892 721 774 858 1157 1037 1166 1146 1297 1323 1084 1015 1146 1448 1360 1522 1456 1414 1178 1752 1611 1729 1677 1627 1729
