52
30
2 1 1 0 2 2 1 1 2 2 2 1 1 1 2 0 1 1 1 0 1 1 0 1 0 0 2 1 0 1 0 1 2 2 1 1 2 0 0 0 1 1 1 1 0 1 1 1 1 1 0 1
1 1 1 1 1 0 2 1 1 0 1 0 1 1 1 2 2 2 1 1 2 0 1 1 1 1 0 1 2 1 1 1 2 1 1 1 2 1 0 2 1 1 2 1 2 1 1 2 1 0 2 0
1 2 1 1 1 2 1 0 1 2 0 2 2 2 1 1 0 0 0 0 1 1 0 0 1 0 1 1 1 2 2 1 1 2 2 1 2 1 1 1 1 1 1 1 2 1 1 0 0 1 0 1
0 0 1 0 1 0 1 1 1 0 0 2 0 1 2 0 2 2 1 2 1 2 2 2 0 1 0 2 2 1 2 1 0 1 1 1 0 0 2 2 2 0 0 1 2 1 2 1 1 2 0 2
2 1 0 1 2 1 2 1 1 1 2 1 2 0 0 1 0 0 1 1 1 1 0 2 1 0 1 1 0 2 1 1 1 0 1 1 1 2 1 2 1 1 1 0 0 1 0 1 1 0 1 1
0 0 2 1 1 0 1 0 0 0 0 2 2 1 1 1 2 0 2 1 1 1 2 1 1 0 0 1 0 1 2 2 0 1 2 0 1 0 0 1 0 1 1 0 2 1 1 1 2 1 2 1
1 2 1 2 1 1 1 2 2 1 2 2 1 1 1 1 1 1 0 1 1 1 0 0 0 0 1 1 1 2 2 1 2 2 0 2 1 1 1 1 0 0 2 0 1 1 0 1 1 1 0 1
2 1 1 1 0 0 0 2 1 0 1 1 1 1 1 2 2 2 0 1 1 2 1 1 2 2 0 1 2 1 1 1 1 1 0 0 1 0 1 2 1 1 2 1 2 0 1 2 2 1 2 1
1 1 1 2 2 1 1 1 1 0 1 1 1 2 0 2 1 1 1 1 1 1 1 1 0 0 0 2 1 1 0 0 2 1 2 1 1 2 1 1 0 1 2 1 1 0 1 1 1 1 1 2
1 1 2 0 0 0 0 0 0 1 1 1 1 0 1 1 2 0 2 1 0 0 1 0 1 2 0 1 0 1 1 0 0 2 0 1 1 0 0 1 2 2 1 1 1 1 1 0 2 2 1 1
2 2 2 1 1 1 2 1 1 2 2 2 0 2 2 1 2 1 1 1 2 0 1 2 1 0 1 1 1 1 2 1 2 1 1 2 1 2 2 1 0 1 1 1 0 0 1 1 1 0 1 1
2 0 2 0 2 1 2 2 1 1 1 0 1 2 2 2 1 1 0 2 2 1 0 2 1 0 2 2 1 1 1 0 1 1 2 1 0 1 1 1 2 2 0 2 1 2 1 2 2 2 1 2
1 1 2 2 0 2 2 2 1 1 0 1 2 0 1 1 1 1 1 0 0 0 0 0 1 2 1 2 2 1 1 1 2 1 1 1 2 1 1 1 0 0 2 1 1 0 1 1 2 1 1 1
0 2 1 1 1 0 1 1 0 1 0 1 0 1 1 1 2 1 0 0 1 2 2 1 0 1 2 0 0 0 0 1 0 2 2 0 1 1 1 2 2 0 1 1 2 1 1 2 0 0 1 2
1 1 0 1 1 1 2 2 1 2 2 1 1 0 1 1 1 1 1 2 2 0 1 0 1 0 1 2 1 2 1 2 0 1 1 2 2 0 1 1 1 1 1 1 1 1 1 0 1 0 1 1
1 0 1 2 0 0 0 1 0 2 0 0 0 0 1 1 1 1 1 1 2 1 1 1 2 1 0 0 0 1 2 0 1 1 1 0 0 1 0 2 1 2 2 1 1 2 2 1 0 1 1 2
0 1 1 0 2 1 1 2 0 2 1 1 2 1 1 1 1 0 1 2 0 1 0 1 1 0 1 1 2 1 1 1 1 1 2 1 0 2 0 2 2 2 0 2 0 0 1 2 0 1 0 1
1 1 0 1 1 1 0 0 1 0 0 1 0 2 1 0 2 1 1 2 1 1 1 2 0 1 0 0 1 0 0 1 1 2 0 1 1 0 0 1 1 2 2 0 0 2 1 1 1 1 1 1
2 1 2 1 2 2 0 0 1 0 1 1 1 0 1 1 0 0 2 0 0 1 2 0 1 0 2 0 2 1 1 1 2 0 2 1 1 0 2 0 1 0 0 1 0 0 1 0 2 0 1 0
1 1 1 1 2 1 1 1 0 1 0 0 1 2 1 1 1 1 1 1 2 1 1 2 1 1 1 1 0 1 1 2 1 1 1 1 1 1 0 1 0 1 1 1 1 2 1 0 0 2 1 1
0 0 2 1 2 1 2 1 0 1 1 0 1 0 2 0 2 1 0 2 1 0 2 1 0 1 1 1 2 2 1 0 2 2 0 2 2 2 2 1 1 2 1 1 1 0 2 0 0 1 1 0
2 0 1 1 1 1 0 2 1 1 0 1 1 2 1 1 2 0 1 1 2 0 0 2 1 2 1 1 1 1 0 1 1 0 1 0 0 2 1 2 1 1 2 1 1 1 2 1 2 1 1 1
2 1 2 2 1 2 2 1 1 2 2 1 0 1 1 1 1 1 1 2 1 1 1 1 1 1 1 0 2 1 0 2 1 0 2 1 1 2 0 2 0 2 1 0 1 1 1 2 0 1 2 1
2 0 2 1 2 1 1 1 0 0 0 1 1 0 2 0 2 0 1 2 2 1 2 2 2 2 2 1 1 1 2 1 0 2 0 1 2 2 1 1 1 0 2 1 1 2 1 1 1 1 0 2
2 1 1 2 1 2 2 1 2 2 1 2 1 1 0 1 0 1 2 1 1 1 1 1 2 2 1 2 0 1 1 2 2 1 2 0 2 1 1 2 1 1 1 1 0 1 2 1 1 0 0 0
1 0 2 2 1 0 0 0 1 1 0 0 1 1 1 0 0 1 0 1 2 1 2 1 2 2 0 1 2 1 2 1 1 1 1 2 0 1 2 1 1 1 2 1 1 0 1 2 1 1 2 2
1 1 0 1 1 1 0 1 2 0 1 1 2 0 2 1 2 1 1 0 1 1 1 0 2 0 2 1 2 1 1 0 1 1 2 0 1 0 2 0 1 1 1 0 2 2 1 1 1 1 0 0
0 2 1 1 1 1 0 1 0 2 1 1 0 2 1 1 1 1 0 1 2 2 1 2 1 0 0 2 0 2 1 0 1 1 1 1 1 2 1 1 1 2 1 1 2 2 2 1 2 1 2 2
1 2 2 0 1 1 0 2 0 1 0 1 0 1 1 1 1 1 1 1 0 0 1 2 0 1 1 1 0 2 1 1 1 2 1 2 2 0 2 1 0 0 1 1 0 2 1 0 1 0 1 1
2 1 0 2 1 1 0 0 0 1 0 0 1 1 1 1 1 1 1 0 2 2 2 0 0 1 0 0 1 2 1 0 0 1 0 0 1 1 0 2 0 1 0 1 2 1 1 1 1 0 2 2
14 17 11 17
30 59 81 155 155 207 183 245 327 254 349 338 338 337 464 481 567 519 535 542 685 613 595 795 624 741 668 669 908 1071 1004 922 896 1134 897 1039 1039 1022 1048 1053 1370 1381 1406 1299 1575 1504 1189 1611 1440 1768 1841 1701
