52
30
1 1 1 1 2 1 0 1 2 1 1 2 1 1 1 1 0 0 1 0 0 1 1 1 0 1 2 2 2 0 2 1 2 2 1 2 2 2 2 2 0 1 1 1 0 1 0 0 2 1 0 0
1 0 0 1 0 1 1 0 2 2 2 0 1 0 0 1 2 2 0 0 1 1 1 1 1 0 1 1 1 1 1 1 0 0 1 1 1 2 1 1 1 2 1 1 1 1 1 1 1 2 2 2
1 0 1 1 0 2 1 0 1 1 1 1 1 1 1 0 1 0 2 1 1 1 1 1 2 0 1 1 2 1 1 0 0 1 1 2 2 1 2 1 0 1 0 1 1 0 1 0 1 2 0 1
0 1 1 2 0 0 2 0 0 1 1 2 1 0 2 1 2 2 2 1 2 1 0 0 0 2 2 2 0 0 0 2 2 2 1 2 2 1 1 1 1 1 1 1 2 1 1 2 2 2 1 2
1 2 1 1 2 1 1 1 2 2 1 1 1 1 2 1 0 1 1 1 0 2 2 1 0 1 1 2 1 2 1 1 2 1 0 0 1 1 1 1 2 1 1 0 1 1 1 0 1 0 0 1
0 1 1 0 1 0 1 1 0 1 1 1 2 2 1 2 2 1 2 0 1 2 2 0 2 1 1 1 1 1 1 0 0 1 2 0 1 0 0 1 1 2 2 0 2 1 0 1 0 2 2 1
2 0 1 2 0 1 1 2 0 0 2 1 1 2 0 2 1 0 0 2 0 0 1 1 0 1 1 2 2 0 2 2 2 1 2 2 1 1 1 1 1 2 2 0 0 0 1 1 0 1 0 0
2 0 0 2 1 0 2 2 1 1 1 0 1 2 1 1 2 1 2 2 2 0 1 2 1 2 2 1 1 1 1 0 1 1 2 0 1 2 2 0 2 1 2 1 0 1 1 1 2 1 2 1
1 1 1 0 2 1 1 1 2 2 1 1 1 1 0 1 2 1 1 1 0 2 0 2 1 1 1 2 2 2 1 1 1 0 2 1 1 1 1 1 1 0 1 1 1 2 1 1 2 0 1 0
0 2 2 2 2 0 1 1 1 0 0 1 1 1 2 1 0 1 2 2 1 2 0 2 2 2 0 0 0 1 0 1 0 1 2 1 1 2 2 0 2 1 1 1 0 2 1 1 2 2 2 1
1 1 1 1 1 1 2 2 2 0 0 1 1 2 2 1 0 0 2 0 1 0 0 1 2 1 1 1 0 2 1 2 2 0 2 2 1 1 2 1 1 0 0 0 2 2 1 0 1 1 0 2
2 0 0 1 1 1 0 1 1 1 2 0 2 0 2 0 1 1 1 2 1 1 2 1 0 1 0 0 1 2 1 0 0 1 1 0 0 0 1 1 2 2 1 1 1 1 1 1 2 2 2 1
1 1 1 0 0 2 1 0 2 1 2 1 1 1 0 1 2 2 2 1 0 0 2 1 1 2 1 2 1 1 1 2 1 2 2 1 1 1 2 0 1 0 1 1 0 1 2 1 0 1 1 1
0 1 1 0 0 1 1 0 0 1 0 1 0 2 2 1 2 2 2 1 2 2 2 0 1 2 0 1 1 1 0 0 0 1 2 1 1 2 2 0 1 1 2 1 2 1 1 0 1 2 0 1
1 1 1 2 2 1 1 1 0 1 2 1 1 1 0 0 1 0 0 1 0 0 1 0 1 1 2 2 1 2 1 1 1 2 0 2 0 2 2 1 1 2 1 1 0 1 0 0 1 1 1 1
0 0 2 0 0 2 1 1 2 1 0 1 0 2 0 1 2 1 2 1 2 0 2 1 2 2 1 1 0 0 1 0 1 1 1 0 1 1 0 1 2 1 0 2 1 1 1 1 1 1 1 1
0 1 1 2 1 2 2 1 0 1 2 0 0 1 2 1 1 1 1 0 1 0 1 1 0 1 1 0 1 2 2 2 2 0 1 2 2 2 0 0 1 1 0 1 2 1 2 0 1 0 2 1
0 1 1 1 0 0 0 0 2 0 1 2 1 0 1 0 0 1 1 1 2 0 0 0 1 2 2 1 0 2 0 1 0 1 2 2 0 0 0 0 2 0 1 1 1 2 1 2 1 2 0 1
2 1 0 2 0 2 1 1 2 1 1 2 0 1 1 0 1 0 0 0 0 2 0 1 2 1 1 1 2 1 2 1 2 0 1 2 2 1 2 1 0 2 1 1 0 0 1 1 1 1 1 0
2 2 1 1 0 1 1 0 1 1 1 1 1 1 1 2 2 1 2 1 1 2 0 1 1 0 0 2 0 0 1 2 1 1 1 1 0 0 2 0 2 2 1 2 1 2 1 1 2 2 0 1
2 0 1 2 0 2 1 1 1 2 1 0 1 1 1 0 0 1 0 1 1 0 1 0 0 1 0 2 1 1 1 1 2 1 2 1 1 2 1 1 1 1 1 1 1 1 0 2 2 0 1 1
0 0 1 0 1 1 0 1 0 1 0 1 1 1 1 1 0 1 1 1 1 2 1 0 2 2 0 2 1 2 1 1 1 0 0 0 2 2 1 2 1 1 2 2 1 2 2 1 2 1 1 2
1 1 2 0 2 2 2 2 1 1 1 2 1 2 1 0 1 0 1 1 1 1 1 1 1 0 2 1 2 2 1 1 2 2 1 2 1 2 1 1 0 2 1 1 2 1 0 1 1 0 1 1
1 1 2 1 2 1 1 0 2 1 2 0 2 1 2 1 1 1 1 1 2 2 2 2 1 2 1 2 1 2 1 1 0 1 1 0 1 0 1 1 0 2 1 2 0 2 1 2 1 2 2 1
1 2 1 2 1 1 1 2 1 1 0 1 2 0 0 2 2 1 1 1 1 2 1 2 1 0 2 2 1 1 2 2 1 2 2 1 1 2 1 1 1 1 0 1 0 1 0 1 1 1 1 1
1 0 0 2 0 0 0 2 0 1 0 0 1 0 1 2 2 1 1 0 0 1 0 1 0 2 1 0 2 0 1 1 1 0 1 0 2 0 0 1 1 2 2 1 2 2 2 1 1 2 2 2
1 0 2 2 2 1 1 1 1 1 0 1 2 1 1 1 0 1 0 0 1 1 1 0 1 0 1 0 1 1 0 0 2 1 1 1 2 2 1 0 0 0 0 1 0 2 1 1 0 1 1 0
0 0 1 0 2 2 0 0 1 0 1 2 1 2 2 1 1 2 2 2 1 1 1 1 0 0 1 0 0 1 0 0 2 0 1 0 0 1 1 1 0 1 1 1 1 2 1 1 2 2 2 1
0 2 2 2 0 2 1 2 2 2 2 0 2 1 1 0 1 2 0 0 1 0 1 1 0 1 1 2 0 2 1 2 1 1 2 1 2 2 2 1 0 0 1 1 1 1 1 0 0 1 1 0
1 1 0 0 0 1 0 1 1 1 2 1 1 0 1 1 1 1 2 2 1 1 2 1 1 2 1 2 1 0 0 1 1 1 1 0 1 1 1 1 1 0 1 2 2 1 1 2 2 1 0 2
18 25 20 25
27 46 82 118 155 169 216 189 298 263 319 282 443 414 445 563 428 442 561 617 542 671 744 691 685 805 778 744 733 850 1033 838 799 895 890 1078 993 1075 1328 1024 1197 1363 1153 1469 1314 1176 1481 1502 1338 1563 1369 1515
