52
30
2 0 1 2 2 2 1 1 1 2 1 1 1 0 2 1 0 0 0 2 1 0 2 0 2 0 1 1 1 1 1 1 1 1 0 2 1 0 1 2 1 0 0 1 2 1 0 1 0 2 0 1
1 2 1 1 0 1 0 0 1 2 1 0 2 2 2 1 1 2 1 1 1 1 0 1 2 2 1 2 0 1 0 1 1 2 0 1 1 0 1 2 1 1 2 1 1 1 1 1 2 0 1 2
1 1 2 1 2 2 1 1 2 0 1 2 1 0 2 1 0 0 1 0 1 2 2 1 1 0 2 0 1 0 1 1 1 2 1 1 2 2 0 1 0 2 1 1 1 1 1 1 0 1 0 1
2 2 1 1 2 0 1 0 0 0 0 1 1 2 0 1 2 1 0 1 1 1 1 1 2 2 1 1 0 0 0 0 1 0 2 1 2 1 0 2 1 2 1 1 2 0 2 2 1 1 2 2
1 2 1 1 1 1 1 2 1 1 2 1 1 1 2 0 0 1 1 0 1 1 2 0 1 0 1 2 1 1 1 1 2 0 0 1 1 0 0 1 1 0 1 0 1 1 2 1 1 2 1 0
0 1 2 1 0 0 2 1 1 1 2 1 1 1 1 1 0 2 1 1 1 2 2 1 2 1 1 1 0 2 1 2 1 0 1 0 2 1 0 1 2 0 1 1 1 1 1 0 0 1 2 2
1 2 0 1 1 2 1 0 2 1 1 1 1 1 0 0 0 1 1 1 0 0 2 1 2 0 0 1 0 1 1 1 1 1 2 1 2 2 1 1 1 1 2 0 1 2 1 1 2 1 1 0
0 1 1 0 2 2 0 1 0 1 0 1 1 1 1 0 1 1 0 1 2 1 0 0 2 1 0 0 0 0 0 1 1 2 1 1 0 2 2 0 2 2 2 0 2 2 2 1 1 1 1 2
1 1 1 1 1 1 0 2 1 2 2 1 2 2 0 1 1 0 0 1 0 2 1 0 2 0 0 1 2 1 1 1 0 1 2 1 1 1 2 2 0 1 1 2 0 1 2 0 1 1 1 2
0 1 1 1 0 1 2 0 2 0 0 1 0 1 0 2 0 0 0 1 2 2 0 1 1 2 1 1 1 1 0 1 0 0 0 1 1 1 1 1 2 1 1 1 1 1 1 1 2 2 2 2
2 1 1 2 1 2 2 0 1 1 1 1 1 1 1 0 1 0 1 1 0 0 1 1 1 0 2 2 2 1 2 1 1 1 2 1 1 1 2 1 2 0 2 1 2 1 1 1 0 0 0 2
1 1 1 1 0 1 2 1 1 0 1 1 1 2 1 1 1 2 1 1 1 1 1 0 1 2 1 1 0 1 1 2 0 1 0 0 0 2 1 1 1 2 0 0 1 1 1 1 1 2 2 2
1 1 1 1 1 1 1 2 1 2 1 2 0 0 0 1 1 0 0 1 0 2 2 1 0 1 2 2 2 1 1 2 2 2 2 2 1 0 1 1 1 1 0 1 1 0 1 0 2 0 1 1
1 2 1 1 2 2 0 1 1 0 1 1 2 1 2 2 1 0 1 1 2 0 1 1 2 2 0 1 0 1 2 1 0 0 1 1 1 1 1 1 1 1 0 2 1 1 1 2 2 1 2 2
1 1 2 2 1 0 1 1 1 1 2 1 1 2 0 1 0 2 0 1 1 1 2 2 0 2 2 1 2 1 2 1 2 2 1 2 2 0 0 0 0 0 1 0 1 0 0 1 1 1 2 0
0 1 0 1 0 1 0 2 0 1 1 0 1 2 1 2 1 2 2 1 2 1 1 2 1 1 1 0 1 1 0 1 1 1 2 1 0 1 1 2 2 1 0 1 2 2 1 1 1 1 0 2
1 1 1 0 2 2 2 1 0 1 1 2 1 0 1 1 0 1 1 1 0 1 0 1 1 0 2 2 0 2 2 0 2 1 1 1 2 2 1 1 0 0 1 0 0 0 1 1 0 1 0 1
0 0 0 2 1 0 1 1 0 1 1 1 0 1 0 1 1 2 1 1 2 1 1 1 0 0 0 0 0 1 1 0 0 1 2 1 1 0 1 2 0 0 2 1 2 1 1 2 1 2 0 1
1 2 1 1 1 1 0 1 1 1 2 1 2 1 1 2 0 1 1 1 2 0 1 0 0 2 1 1 0 2 0 1 0 0 1 0 1 2 0 0 1 1 1 0 0 1 0 2 1 0 2 2
2 0 0 1 0 1 2 0 1 1 0 0 0 2 2 2 1 1 1 0 1 2 2 1 0 1 1 1 2 0 1 2 2 0 1 0 1 1 1 1 1 1 1 1 0 1 2 2 2 1 2 1
2 2 1 1 1 1 2 2 1 1 2 1 0 1 0 2 1 2 1 1 0 1 0 0 1 2 2 1 2 2 2 2 2 1 0 0 1 2 1 0 1 1 1 1 0 2 1 1 0 1 1 1
1 0 0 1 2 2 1 1 1 0 2 1 0 0 1 1 2 1 0 0 1 0 1 1 2 2 1 1 1 1 1 2 0 0 1 1 0 2 0 1 1 1 1 1 0 2 1 1 2 1 1 1
0 2 1 1 2 2 0 2 2 1 2 1 1 1 0 1 2 0 0 1 1 2 1 0 0 2 1 2 2 0 0 1 2 1 0 2 2 2 0 2 0 0 2 0 2 0 2 1 1 1 1 2
2 0 1 0 0 2 1 1 1 1 1 0 0 1 2 2 0 1 1 1 1 2 2 2 0 2 1 0 1 1 0 1 1 2 2 1 1 1 2 2 2 1 1 0 2 1 1 1 1 1 1 0
1 2 1 1 0 2 2 1 2 1 2 0 1 1 0 1 0 1 1 0 0 1 1 1 0 1 1 2 1 1 1 1 0 0 2 2 0 1 0 1 1 1 0 1 1 1 1 1 0 2 1 0
1 1 0 0 0 1 0 1 0 2 2 0 0 1 2 2 1 2 2 2 1 2 1 1 0 0 1 2 1 1 0 0 1 0 1 0 2 0 1 1 2 2 0 2 1 0 2 1 2 2 1 1
1 1 2 2 0 0 1 1 0 1 1 1 1 0 1 1 2 0 1 2 1 1 0 1 1 2 1 1 1 1 1 1 2 0 1 1 0 1 1 2 0 1 1 2 0 0 1 0 1 0 0 1
1 1 0 0 0 1 2 1 0 2 0 1 0 0 0 0 2 0 1 0 0 0 1 0 2 1 0 2 1 2 1 1 2 0 1 1 2 1 0 1 1 1 1 0 1 1 1 2 2 0 2 2
0 2 2 1 1 1 2 1 0 2 0 1 2 0 2 1 0 1 2 0 0 1 2 0 1 1 0 2 1 0 0 1 2 2 0 1 1 2 2 1 0 1 0 0 1 0 1 1 1 0 0 2
1 0 0 1 0 1 1 1 1 1 1 1 0 1 1 0 2 2 2 1 1 1 0 1 1 2 0 0 0 1 2 1 1 1 0 1 1 1 1 0 1 1 1 2 2 2 0 2 0 2 1 1
15 22 14 15
26 54 99 135 145 216 211 278 296 282 308 426 427 348 423 548 434 493 475 560 566 576 786 618 718 695 812 779 718 857 927 850 806 849 1084 1183 1092 1222 1150 1060 969 1269 1208 1440 1297 1552 1319 1192 1547 1456 1796 1341
