STANDARD 1 0 3 0.01999
KC 1 0 2 0.01735
STANDARD 1 2 3 0.00697
KC 1 2 1 0.01811
STANDARD 1 4 3 0.00852
KC 1 4 1 0.01959
STANDARD 1 6 3 0.00749
KC 1 6 1 0.00866
STANDARD 1 8 3 0.00822
KC 1 8 1 0.01003
STANDARD 1 10 3 0.00934
KC 1 10 1 0.01368
STANDARD 21 0 3 0.02289
KC 21 0 1 0.04411
STANDARD 21 2 3 0.01182
KC 21 2 1 0.03584
STANDARD 21 4 3 0.0109
KC 21 4 1 0.03411
STANDARD 21 6 3 0.01544
KC 21 6 1 0.03644
STANDARD 21 8 3 0.01942
KC 21 8 1 0.03721
STANDARD 21 10 3 0.01458
KC 21 10 1 0.03032
STANDARD 41 0 3 0.02782
KC 41 0 1 0.1032
STANDARD 41 2 3 0.02318
KC 41 2 1 0.07934
STANDARD 41 4 3 0.03637
KC 41 4 1 0.09562
STANDARD 41 6 3 0.03818
KC 41 6 1 0.08939
STANDARD 41 8 3 0.02221
KC 41 8 1 0.12091
STANDARD 41 10 3 0.02061
KC 41 10 1 0.10417
STANDARD 61 0 3 0.03952
KC 61 0 1 0.17547
STANDARD 61 2 3 0.06445
KC 61 2 1 0.1848
STANDARD 61 4 3 0.03707
KC 61 4 1 0.18223
STANDARD 61 6 3 0.05792
KC 61 6 1 0.19322
STANDARD 61 8 3 0.03487
KC 61 8 1 0.17215
STANDARD 61 10 3 0.04693
KC 61 10 1 0.17581
STANDARD 81 0 3 0.06415
KC 81 0 1 0.35526
STANDARD 81 2 3 0.06509
KC 81 2 1 0.31443
STANDARD 81 4 3 0.09018
KC 81 4 1 0.29552
STANDARD 81 6 3 0.05944
KC 81 6 1 0.3235
STANDARD 81 8 3 0.08483
KC 81 8 1 0.29236
STANDARD 81 10 3 0.05863
KC 81 10 1 0.32506
