52
30
2 2 1 1 1 1 2 1 1 2 0 1 2 0 2 0 1 1 2 2 2 2 1 1 1 1 2 1 2 1 2 1 2 2 2 2 1 2 1 1 2 2 1 1 2 0 2 2 0 0 0 1
2 1 1 1 2 1 0 2 1 1 1 1 1 2 1 1 1 2 1 0 1 2 2 0 0 1 0 0 0 1 1 2 2 1 1 1 1 2 2 1 1 1 2 2 2 2 1 2 1 1 1 1
0 1 1 1 2 2 2 2 1 2 1 1 2 1 1 1 1 0 2 1 1 0 0 1 1 1 1 1 1 2 1 0 2 1 2 1 2 1 2 2 1 0 1 0 1 2 0 2 0 2 0 1
1 0 1 1 0 2 0 0 2 2 0 2 2 1 0 2 1 2 1 2 1 0 1 2 1 1 1 0 0 1 0 1 1 0 0 0 2 1 1 1 2 2 0 1 1 1 0 2 1 1 1 2
1 2 1 1 2 1 1 1 2 1 1 2 1 1 2 1 1 1 0 1 0 0 1 1 1 1 1 1 1 2 2 2 2 1 2 1 1 2 2 1 1 1 2 2 0 0 0 0 1 1 1 2
1 1 1 2 1 0 0 1 0 1 2 1 0 1 0 2 0 1 1 2 1 2 1 0 0 1 1 0 0 1 1 0 1 1 0 1 1 1 1 0 0 2 0 0 2 2 1 2 2 1 0 1
1 2 2 2 2 1 2 2 0 1 2 0 1 0 1 0 2 1 0 0 0 0 1 0 1 1 1 1 1 2 2 1 1 1 0 0 0 1 0 1 2 1 1 1 0 0 1 1 0 1 0 1
1 1 1 0 1 0 0 1 1 0 1 0 1 2 2 1 2 2 2 1 2 1 2 2 0 1 0 2 1 0 2 1 1 1 0 0 2 1 1 1 0 0 1 1 1 0 0 2 1 1 1 0
1 2 0 2 2 1 1 2 1 2 0 1 2 2 1 0 1 0 2 1 0 0 0 0 0 2 1 2 1 0 2 2 0 2 2 2 1 1 1 1 1 1 0 1 1 1 1 1 1 1 0 2
1 1 1 1 1 1 1 1 2 0 2 0 1 2 2 1 1 2 1 1 1 1 0 1 2 0 1 2 1 1 2 0 2 2 0 1 0 0 0 1 2 1 2 0 2 1 0 2 2 1 0 1
2 0 1 2 0 1 1 1 1 1 0 1 1 1 1 1 1 1 2 0 2 1 0 0 1 1 2 1 1 2 1 2 0 2 1 1 2 1 1 0 1 2 0 0 1 0 0 1 0 1 2 1
1 1 1 0 1 1 2 2 2 0 0 1 1 1 1 0 1 2 2 1 1 2 1 2 1 1 0 0 1 1 1 1 1 1 2 1 1 1 0 1 0 1 2 2 2 2 1 2 1 2 0 2
0 0 2 2 0 2 1 2 2 2 2 1 0 1 0 1 0 0 0 1 1 0 0 1 1 1 2 1 1 1 1 1 2 1 1 0 1 2 0 2 2 0 1 0 1 1 1 1 2 1 1 2
0 0 1 0 0 1 1 1 1 0 0 0 1 2 1 0 1 2 2 1 1 1 0 1 2 0 0 0 1 1 2 1 2 0 0 2 0 1 0 2 0 1 2 2 0 0 2 2 0 1 2 2
1 2 1 1 2 2 0 1 1 1 2 2 2 2 2 0 1 0 0 2 1 1 1 1 0 0 1 0 2 1 1 2 2 1 1 1 1 2 0 1 0 1 0 0 1 1 0 1 1 1 1 1
0 1 0 0 2 1 0 1 1 1 0 0 2 2 1 2 2 0 1 0 2 1 2 2 0 0 0 1 1 1 2 1 0 1 1 0 0 1 1 1 1 0 2 2 1 1 2 1 0 1 1 2
1 2 2 2 0 1 1 0 1 0 2 1 2 1 0 0 1 1 0 0 2 1 1 0 1 1 2 1 1 0 2 2 2 2 2 2 2 0 2 1 0 1 2 0 2 1 0 1 0 2 1 0
0 1 1 1 1 2 0 1 0 1 1 1 0 1 2 2 2 2 1 2 1 2 0 2 1 1 2 1 1 1 0 1 0 1 0 1 1 2 0 0 2 1 1 0 2 1 1 1 1 2 1 1
1 1 1 2 2 0 1 0 0 1 2 1 1 2 1 1 1 0 2 0 0 0 1 1 1 2 1 2 1 2 1 1 1 1 2 1 2 1 2 1 0 2 2 0 2 2 1 0 0 1 1 0
0 0 1 1 1 1 2 0 1 1 0 1 1 0 1 1 1 1 2 1 1 2 1 1 1 0 2 1 1 2 0 0 0 1 1 1 1 1 1 1 1 1 1 2 2 1 0 1 2 0 2 1
2 1 2 2 1 1 0 2 1 1 0 2 2 1 0 1 0 1 1 1 0 0 0 0 0 1 0 2 1 0 1 1 2 1 1 2 1 2 1 1 1 2 0 1 1 1 1 1 0 1 0 0
1 1 1 1 2 1 1 2 0 1 0 1 2 1 2 0 2 2 2 0 1 1 0 1 1 1 2 2 0 1 1 1 2 0 1 1 0 0 0 0 1 0 1 1 2 2 1 2 2 1 2 1
0 1 1 0 0 1 1 2 2 2 1 2 1 0 0 0 0 2 2 0 0 0 1 1 0 1 1 1 1 1 1 1 1 1 1 2 2 2 2 1 0 0 1 1 1 0 0 1 0 1 1 0
1 0 1 1 2 0 0 0 0 2 1 0 1 0 2 0 2 1 2 2 1 1 0 2 1 2 0 1 0 1 1 1 1 1 0 1 0 1 0 0 1 1 1 1 0 1 0 0 2 1 1 1
2 2 1 1 1 1 0 1 2 2 1 0 1 0 1 1 2 0 2 1 1 0 0 0 1 1 1 1 1 0 1 2 2 1 1 1 2 1 1 1 1 2 0 1 0 1 1 1 0 1 0 0
2 2 1 1 2 1 1 2 1 0 1 0 1 2 0 2 1 1 1 2 2 1 1 2 1 1 0 1 2 1 1 0 0 0 1 1 0 2 1 1 2 1 2 1 0 1 1 1 1 0 0 2
0 1 2 1 1 1 2 1 0 1 1 0 1 0 1 0 1 1 0 0 0 1 1 0 1 0 1 1 2 2 2 2 1 0 2 1 1 2 2 2 1 1 0 2 0 1 2 0 1 1 0 1
0 1 1 2 0 2 2 2 0 1 1 2 1 0 0 1 1 0 1 2 2 0 2 2 0 2 1 0 2 1 1 1 2 1 0 1 1 1 1 2 0 0 0 0 1 2 2 0 1 1 1 1
1 1 1 2 1 2 2 2 2 1 0 2 1 0 0 0 1 2 2 1 0 1 1 2 1 1 2 1 2 1 2 1 1 2 1 1 1 1 0 2 1 1 1 1 1 1 2 1 2 1 0 1
1 0 1 1 0 0 1 1 0 1 1 1 1 1 1 2 1 1 2 1 2 2 1 1 1 1 0 0 0 0 1 0 1 1 0 0 1 0 0 0 1 0 1 1 0 1 1 1 1 1 1 1
15 15 8 22
30 50 106 108 159 225 245 263 257 364 309 347 415 496 484 552 529 583 662 729 716 564 795 790 741 661 682 705 996 844 953 1138 816 847 1085 1056 1004 938 1219 1083 1463 1029 1227 1283 1210 1120 1642 1234 1512 1773 1731 1838
