52
30
1 1 2 1 1 2 1 1 2 2 1 2 0 0 1 2 1 1 0 0 2 0 0 1 0 1 0 1 1 2 1 2 0 2 1 0 0 1 1 0 0 0 1 1 0 2 1 1 0 2 0 0
0 1 0 1 0 0 2 1 0 1 2 1 1 2 2 1 1 1 2 0 1 1 0 2 2 2 2 1 1 1 1 1 1 0 0 1 1 0 1 1 2 1 1 2 1 2 1 1 1 2 1 1
0 1 1 0 1 2 1 1 2 2 0 2 2 1 1 1 1 0 1 1 2 0 0 0 1 1 1 1 0 1 1 1 1 2 1 1 2 1 2 2 0 0 1 0 2 0 1 2 1 0 1 0
0 0 0 1 2 2 1 2 0 0 1 1 1 0 1 2 0 1 1 1 2 2 2 2 2 1 2 0 1 1 0 2 0 1 1 2 1 0 1 1 1 2 1 0 2 0 1 0 1 2 1 1
2 0 0 1 1 1 2 0 2 1 1 2 1 0 2 1 0 1 0 1 0 0 1 1 0 1 1 1 2 1 2 1 1 2 1 0 1 1 2 0 1 2 2 0 0 1 2 1 2 1 1 1
1 1 0 0 1 2 2 1 1 2 0 2 1 2 1 1 0 1 1 1 2 0 1 0 2 2 1 0 0 1 0 0 1 2 1 0 0 1 1 1 1 1 0 2 2 2 1 1 1 2 1 1
2 1 0 2 1 2 0 2 2 1 1 2 1 1 2 1 1 1 1 0 1 1 0 0 1 1 1 2 1 1 1 2 1 1 1 2 1 1 2 1 1 1 1 0 2 1 1 2 1 1 1 2
2 0 2 0 0 1 1 2 0 2 0 0 0 0 1 1 1 0 1 0 2 1 0 1 2 1 1 0 1 1 2 1 0 2 2 2 2 2 1 0 1 0 1 1 2 2 2 1 2 1 1 2
2 1 2 0 2 1 1 2 1 2 2 2 1 1 1 2 1 1 2 1 2 1 1 0 1 1 2 2 1 0 0 2 1 2 1 1 1 1 1 1 0 1 1 0 1 1 1 1 1 1 2 0
1 1 1 0 1 1 0 1 0 1 1 2 0 2 1 2 1 0 2 0 1 0 1 2 0 1 1 2 1 2 1 0 1 1 1 1 0 0 0 2 2 0 1 2 1 1 1 1 2 2 0 0
2 0 1 0 1 2 2 1 2 1 2 2 1 0 2 1 1 1 1 1 1 1 1 0 2 2 0 2 0 1 1 1 1 2 0 0 0 0 2 0 0 1 0 2 2 1 0 1 0 1 0 1
2 1 1 1 0 1 1 0 0 1 0 1 0 1 0 0 0 1 1 2 2 2 1 1 0 1 0 1 0 1 0 1 0 1 1 1 1 1 1 1 2 2 2 1 1 0 1 2 1 2 2 0
1 1 1 2 1 1 1 1 2 0 1 0 1 1 1 0 0 0 0 0 1 1 0 1 0 1 1 2 1 0 1 2 1 0 1 2 1 0 1 1 1 2 2 0 0 0 1 0 1 1 0 0
0 1 0 0 1 1 1 1 0 1 2 1 1 2 1 0 2 0 2 2 2 1 1 2 1 1 1 0 0 1 1 1 1 1 1 1 1 0 0 2 1 1 2 2 2 2 1 1 2 1 1 1
0 2 1 1 1 2 2 1 1 1 2 1 2 2 1 1 1 1 1 1 0 0 1 0 0 1 0 1 2 2 2 2 1 1 1 1 2 1 1 1 0 0 1 1 2 1 1 0 0 0 0 0
2 1 1 0 1 0 0 1 0 1 0 0 1 2 1 1 0 2 0 2 2 1 0 1 1 0 1 0 0 1 0 1 2 0 0 1 0 1 0 1 2 2 2 1 1 1 2 1 1 1 0 1
1 0 1 1 2 2 1 0 1 2 2 1 0 0 2 0 2 2 0 1 0 1 1 0 0 1 2 1 1 2 1 2 2 1 1 0 2 1 2 2 1 1 0 1 1 1 0 2 0 1 1 0
1 0 1 0 1 1 0 1 1 1 1 1 0 1 0 1 1 1 0 2 1 2 2 1 0 0 1 2 0 1 0 1 0 1 1 0 1 1 1 1 1 1 1 2 1 1 1 2 1 1 0 1
1 2 1 1 2 2 1 1 1 1 0 2 2 2 1 1 1 2 1 1 1 1 0 1 2 2 1 2 1 2 1 1 2 0 0 0 2 2 2 0 0 1 0 1 1 1 1 1 2 1 1 1
1 0 0 1 1 0 0 0 0 0 0 1 1 1 1 2 1 2 2 1 2 0 2 0 0 1 1 1 1 0 1 1 1 1 1 1 1 1 2 1 1 1 0 1 0 1 0 1 1 2 1 0
1 0 0 0 2 1 2 2 1 1 1 1 2 0 1 0 1 0 1 1 0 1 2 0 0 0 2 1 1 2 0 1 2 2 0 0 1 2 1 1 2 1 1 0 0 1 1 1 0 1 1 0
1 1 1 1 0 1 0 0 1 0 0 1 1 0 1 2 2 1 0 1 1 1 0 1 1 1 2 1 1 0 1 1 1 1 0 1 0 0 2 1 2 1 1 1 2 2 1 0 1 1 1 1
2 1 1 1 1 1 0 2 2 1 2 2 1 1 1 2 1 1 1 2 0 0 1 2 2 0 1 1 0 2 1 1 2 1 1 2 1 1 1 1 2 1 1 0 0 1 0 0 0 1 1 2
0 1 1 0 0 0 1 1 1 2 0 1 0 2 2 2 2 1 2 2 1 1 0 2 2 1 1 2 1 0 1 2 0 1 0 1 1 2 1 1 1 0 2 0 1 2 2 1 2 2 1 1
1 2 2 2 0 1 1 0 1 1 1 0 1 0 1 2 1 1 2 1 0 0 0 2 0 2 1 2 1 2 0 2 0 1 1 2 0 1 1 0 1 1 2 1 1 1 2 2 0 0 1 2
1 0 2 0 0 1 1 2 1 2 0 1 2 0 1 1 2 2 2 1 1 1 2 1 1 1 0 0 0 1 0 1 1 0 1 0 1 1 0 0 1 0 0 0 2 1 1 1 1 2 0 2
1 0 0 1 1 1 1 0 1 1 1 1 1 1 1 0 1 2 0 1 0 0 0 0 1 1 1 2 0 0 1 1 2 1 1 2 1 0 2 0 1 0 1 0 1 1 2 1 0 2 1 2
1 1 2 1 2 0 1 1 1 0 1 1 1 1 1 1 1 2 1 1 1 1 2 0 0 0 0 1 2 0 1 0 0 0 1 1 1 1 1 2 2 1 0 2 2 0 2 1 2 0 2 1
2 1 2 0 2 2 1 2 2 2 2 2 1 0 0 1 0 1 1 1 1 2 1 1 2 0 1 1 1 1 0 0 1 1 1 2 1 2 0 1 2 0 0 2 0 2 2 0 1 0 1 0
1 1 1 1 1 0 1 1 1 2 1 1 0 2 2 2 1 0 1 2 1 2 1 0 1 0 2 1 1 0 2 0 0 1 1 1 0 0 1 2 2 2 1 1 0 1 0 2 0 1 1 1
19 12 15 12
28 52 100 113 107 179 175 209 226 344 263 369 311 454 377 461 477 619 567 614 697 573 722 617 676 609 659 940 799 845 895 1048 999 1068 1092 1006 950 1253 1023 959 1314 1294 1374 1457 1296 1286 1288 1562 1174 1733 1399 1772
