52
30
1 2 0 1 1 2 2 2 1 1 1 2 1 0 2 1 0 1 0 1 1 0 1 1 2 1 1 2 1 2 0 1 1 1 1 2 1 1 0 0 1 1 1 2 1 1 0 1 2 1 0 0
1 0 1 0 0 2 0 0 1 0 2 1 2 2 2 1 2 1 2 1 1 1 0 1 1 2 0 0 0 1 1 2 1 0 0 0 1 0 2 2 2 1 1 1 1 2 2 0 2 2 1 1
2 2 2 1 1 1 1 0 1 1 0 2 2 1 0 1 0 1 1 1 0 1 0 1 1 1 2 1 2 2 0 1 1 1 1 1 2 2 0 2 1 1 1 0 1 1 1 1 1 2 1 0
1 0 1 1 0 1 1 0 2 1 0 0 1 1 1 2 2 0 1 0 1 2 2 2 0 0 0 1 0 1 1 1 1 1 1 1 2 1 0 1 1 0 1 1 1 1 1 0 0 2 2 2
2 2 1 2 1 2 1 0 2 0 1 1 2 1 1 0 1 0 1 0 1 1 0 0 1 1 0 2 1 1 1 0 2 1 0 2 1 1 0 1 0 2 0 1 1 1 1 1 1 1 0 2
0 0 1 1 1 2 1 1 1 1 1 0 1 1 0 2 1 1 0 1 2 1 1 2 2 1 0 1 0 1 1 1 0 1 0 0 1 1 2 2 2 0 1 1 0 0 1 2 2 0 2 0
0 1 0 1 0 1 2 1 1 1 1 1 1 1 1 2 2 2 0 2 0 0 1 1 2 1 2 1 1 2 1 2 1 2 2 0 1 1 0 1 1 2 1 1 0 0 0 0 1 1 0 1
0 0 1 1 1 1 1 1 0 1 0 0 0 2 1 1 1 0 1 0 1 2 2 1 2 2 0 1 2 2 2 1 1 1 0 1 1 2 1 2 2 2 2 1 2 1 1 0 2 2 1 2
0 1 0 1 2 2 1 0 0 1 1 1 1 1 1 1 1 1 1 2 1 1 0 2 1 2 2 2 0 1 0 2 1 1 1 2 1 0 1 1 0 0 1 0 1 1 1 2 0 1 1 1
1 0 1 0 0 0 1 0 1 1 2 1 2 1 1 1 2 2 2 0 1 2 2 1 2 2 1 1 1 2 1 1 1 2 1 1 0 1 2 0 1 2 2 1 2 1 2 1 1 2 2 1
2 1 2 0 0 2 2 2 0 1 2 1 1 1 0 1 0 1 2 0 2 2 0 1 1 0 1 1 1 2 2 2 1 1 2 1 2 1 1 0 1 1 1 0 0 0 1 0 0 0 2 0
1 2 0 2 1 2 1 1 0 1 2 2 2 2 2 1 0 2 1 2 1 1 2 2 2 2 0 2 1 1 1 1 0 0 1 1 0 2 1 2 1 0 2 1 0 1 1 1 0 1 0 1
1 2 1 2 1 1 1 2 2 1 1 2 2 1 1 1 0 1 1 0 1 1 0 0 1 1 1 1 0 2 1 0 2 0 1 1 2 1 2 0 0 1 0 1 0 2 1 1 0 2 0 0
1 0 2 2 1 1 0 1 2 1 1 0 0 0 2 2 2 1 0 1 0 2 1 2 1 1 2 0 1 1 1 1 2 1 1 1 1 1 1 1 2 1 0 2 1 2 1 1 2 1 0 2
1 2 1 2 2 0 2 1 1 1 1 2 2 1 1 1 2 0 0 1 0 1 1 0 1 1 2 0 2 0 0 2 1 2 1 1 1 2 2 0 1 1 0 0 1 1 0 1 0 1 0 1
2 1 1 2 0 2 0 0 0 0 0 0 2 1 1 0 0 1 0 2 1 0 0 1 1 1 0 1 1 0 2 2 0 2 1 1 1 1 1 1 0 2 1 1 1 2 1 1 2 1 0 1
2 0 2 1 0 1 1 1 1 2 1 2 1 1 1 2 2 0 0 2 1 2 1 0 0 1 2 2 2 1 1 1 1 0 2 2 1 1 0 0 1 1 0 1 1 0 1 1 1 2 2 1
0 1 1 0 1 1 2 0 2 0 1 1 1 1 2 2 2 1 1 1 1 1 2 2 2 2 0 0 1 1 0 1 1 1 1 1 0 0 1 1 0 0 2 1 1 0 2 2 2 2 2 1
1 1 2 2 2 2 1 2 1 0 1 2 1 1 1 1 1 0 0 1 1 1 0 1 1 1 1 1 1 2 0 1 2 1 2 1 2 2 0 1 1 1 2 0 0 1 1 0 0 0 0 1
1 0 2 1 1 0 1 1 1 1 1 1 1 0 1 2 2 1 1 0 0 2 2 1 1 2 1 1 1 1 1 2 1 2 0 2 1 1 2 1 2 1 2 2 1 1 1 2 1 1 2 1
1 2 1 1 0 2 0 1 1 0 1 2 1 1 1 1 0 1 1 1 2 1 1 1 0 1 2 2 1 0 2 2 1 0 0 1 1 1 2 0 1 1 1 1 1 2 0 1 0 1 1 2
1 2 1 1 0 1 0 0 2 2 1 0 2 2 1 2 2 2 0 0 1 1 1 1 2 1 1 1 0 2 0 0 1 1 1 0 1 0 1 1 2 2 1 0 1 2 2 1 0 1 1 2
2 1 2 0 0 1 1 1 1 2 2 1 1 0 0 0 2 2 0 0 0 1 1 0 2 0 2 1 2 2 1 2 0 1 1 2 1 1 2 1 1 1 2 2 0 1 1 2 1 0 1 2
0 1 1 1 1 0 1 1 0 1 0 0 0 1 1 0 1 2 1 2 1 1 2 1 1 2 1 1 1 1 0 0 0 0 1 0 1 2 0 1 2 1 2 1 1 0 2 0 1 0 0 1
2 2 1 2 2 1 1 2 2 1 2 1 1 1 1 1 0 1 0 0 1 1 1 0 1 1 2 1 1 2 2 0 2 2 2 0 2 1 2 1 0 0 1 1 1 1 1 1 1 0 2 1
2 1 0 1 1 0 1 2 0 2 2 0 1 1 2 0 1 2 1 1 2 0 1 1 1 1 2 0 0 2 0 0 0 1 1 0 1 1 1 1 2 2 1 0 2 2 1 0 1 1 2 0
1 2 2 2 2 1 1 0 1 2 1 2 2 1 0 2 2 1 1 2 1 0 0 1 1 1 0 0 1 2 2 1 1 1 1 0 2 1 2 1 1 0 1 0 1 2 1 0 1 1 2 1
1 1 2 0 1 0 2 0 0 1 1 1 2 2 0 1 1 0 2 0 1 2 2 1 2 1 1 2 1 0 0 2 0 1 0 1 1 0 0 2 1 2 1 1 2 1 2 1 1 2 2 1
2 1 1 2 2 1 0 1 2 2 2 2 2 2 2 0 1 0 1 1 1 1 1 1 0 1 1 1 2 1 0 1 2 1 1 2 2 2 1 1 1 1 1 2 1 0 1 2 1 1 1 1
2 1 2 1 1 0 0 1 1 1 1 0 1 1 2 1 1 2 0 0 1 1 1 2 1 1 1 1 0 0 1 0 1 1 0 0 1 1 1 2 1 2 0 0 1 1 1 1 1 1 1 1
15 15 15 10
37 64 99 109 165 186 240 268 279 320 299 329 409 482 402 609 573 514 667 597 554 631 826 845 791 800 818 990 991 1040 853 1130 898 1153 993 1203 1157 1278 1151 1095 1169 1141 1371 1145 1623 1213 1165 1525 1613 1633 1381 1315
