52
30
1 1 1 1 2 0 1 2 2 2 1 2 2 1 1 2 1 1 1 1 0 0 1 0 0 1 2 1 0 1 2 1 1 2 1 2 0 1 2 1 1 1 2 2 1 1 1 1 0 0 1 2
1 1 1 0 1 1 1 2 1 1 0 1 2 2 2 1 1 2 2 1 2 1 1 2 0 1 1 1 0 1 1 0 0 0 1 1 2 2 0 1 1 2 2 1 1 0 1 1 0 1 1 0
1 1 0 0 2 1 1 2 0 2 2 1 1 0 0 0 1 0 0 1 0 1 2 1 0 0 2 2 1 2 1 2 1 1 2 2 1 1 1 1 1 1 1 0 0 1 1 2 1 1 1 1
1 1 0 1 1 1 1 2 0 0 2 1 0 2 2 1 1 1 1 1 2 0 1 2 1 2 0 0 0 1 0 1 1 2 1 1 0 0 1 1 1 2 1 1 1 1 2 0 2 1 2 2
1 1 1 1 2 2 2 0 0 2 2 0 1 2 0 0 1 1 1 0 1 2 1 1 2 1 1 0 2 2 2 1 0 1 2 1 1 1 1 0 0 1 1 0 1 1 0 0 0 0 0 0
0 1 0 1 0 0 1 2 1 0 0 0 0 2 1 2 1 1 2 1 2 1 1 1 0 0 2 0 1 0 1 0 0 0 0 2 0 1 1 1 2 1 2 1 1 0 2 1 0 1 0 1
1 0 1 1 1 1 1 1 1 0 1 2 1 2 1 0 0 1 1 0 2 2 1 0 1 1 1 1 2 0 2 2 0 2 1 0 2 1 1 0 1 0 1 1 1 2 1 1 1 1 0 1
0 0 2 0 1 0 1 1 0 2 1 0 0 1 1 1 2 1 1 1 1 2 1 2 1 0 1 0 0 1 1 0 1 0 2 0 1 2 1 0 1 1 2 1 1 1 1 2 2 1 1 1
1 2 1 1 1 1 1 1 1 1 2 2 1 0 2 1 0 1 1 0 1 0 1 1 0 0 2 1 1 1 1 0 1 2 2 1 2 0 1 1 1 1 0 0 0 1 0 0 1 1 0 1
1 0 1 1 0 1 1 1 1 1 1 0 0 1 1 1 1 0 2 2 1 1 1 1 0 1 1 1 1 2 0 0 0 1 2 1 0 1 1 1 1 1 2 1 2 0 2 1 2 0 2 1
2 1 1 1 1 1 1 0 0 2 2 1 2 0 1 2 0 0 1 1 1 0 2 1 1 2 2 2 1 0 1 1 2 1 1 0 2 2 0 1 1 2 1 0 1 0 2 1 1 0 2 1
1 0 2 0 1 0 0 1 1 1 0 0 2 0 2 1 0 0 1 1 1 2 1 1 1 1 0 1 0 0 1 0 1 1 0 2 0 2 1 2 1 1 1 2 1 0 2 2 1 2 0 1
1 2 1 2 1 2 1 1 2 1 0 0 1 0 1 1 1 1 1 0 1 0 2 1 1 0 0 2 1 0 1 2 2 1 1 1 1 1 2 0 1 0 0 1 0 1 2 1 1 0 0 1
1 0 0 1 1 1 0 2 1 2 1 0 0 0 1 1 1 1 1 0 2 1 1 0 2 2 1 0 0 0 0 0 1 1 0 1 2 1 0 0 1 1 1 0 1 1 0 0 2 2 2 1
0 2 1 1 1 2 0 1 2 2 2 1 2 1 2 0 1 1 0 0 1 2 1 1 0 1 0 1 1 1 1 1 0 1 0 1 2 2 1 0 1 0 1 2 2 0 1 0 0 0 1 2
0 1 1 1 2 1 0 0 1 0 0 1 1 2 1 0 2 2 0 1 2 2 1 1 1 2 2 0 1 1 2 0 0 0 1 1 0 0 1 1 1 2 2 0 1 1 0 1 2 2 1 2
1 1 1 2 2 2 1 0 0 1 1 0 1 0 1 0 1 0 2 0 2 1 0 0 0 1 1 2 1 1 1 1 2 1 1 2 2 2 0 1 0 0 0 1 0 1 1 0 0 1 2 2
1 2 0 0 0 0 0 1 0 1 1 1 1 1 2 1 1 2 2 1 2 1 0 1 2 1 1 1 0 0 1 0 1 1 2 2 1 2 1 2 2 2 2 1 2 1 2 2 2 0 2 1
1 0 1 2 1 1 1 1 1 2 1 2 2 0 2 1 1 1 0 0 1 0 1 2 1 2 1 1 1 1 2 2 2 0 2 2 1 1 0 0 0 1 1 2 0 1 0 2 1 1 1 2
1 0 1 0 0 0 1 1 0 2 1 2 1 0 1 1 2 2 1 1 1 2 2 1 2 2 2 0 2 1 1 1 1 0 1 1 1 0 0 2 1 1 1 1 1 0 1 2 1 1 2 1
2 2 2 2 2 1 2 1 2 0 1 0 0 1 1 1 1 0 1 1 2 1 1 1 2 1 2 2 2 1 0 2 1 1 2 2 1 2 1 1 1 1 2 2 0 1 1 0 1 1 1 0
1 1 0 1 2 0 1 1 0 0 1 1 1 1 1 0 1 2 0 0 1 2 1 1 1 0 1 1 0 1 2 1 0 0 0 0 2 1 1 1 1 2 2 2 1 2 1 1 2 2 1 1
1 1 1 2 1 2 0 1 2 2 2 1 2 0 0 1 2 1 2 2 1 1 1 0 2 1 1 2 2 1 2 0 2 2 1 2 2 1 1 0 2 0 1 0 1 2 2 2 2 0 0 0
1 1 1 1 0 0 0 1 1 0 0 1 1 1 2 1 1 1 2 0 2 1 1 2 1 0 1 1 1 1 0 0 2 1 2 1 2 1 1 1 1 1 1 2 2 0 2 2 1 2 1 0
2 1 1 1 0 1 2 2 0 0 2 1 1 1 2 2 0 0 0 0 0 0 1 1 1 1 0 1 0 1 2 1 1 1 1 1 2 1 2 1 0 0 2 0 0 2 2 1 0 0 1 2
0 2 1 0 1 1 1 1 1 2 0 1 1 1 1 2 1 1 0 1 1 2 0 1 1 2 0 0 0 1 0 0 0 2 2 1 0 1 1 1 2 1 2 1 1 1 2 0 0 1 2 1
1 2 1 0 1 2 0 2 1 1 1 0 1 0 0 2 1 1 0 1 1 0 0 1 1 1 1 1 0 2 1 1 1 1 1 1 2 1 2 1 0 1 1 1 2 2 0 2 2 0 2 2
2 2 1 0 1 1 0 2 0 0 0 0 0 2 1 1 2 1 2 1 0 1 0 1 2 1 2 0 0 1 2 2 1 1 1 1 0 0 0 2 1 1 0 1 2 1 2 2 1 0 2 2
1 1 0 2 1 2 2 1 0 1 1 1 2 1 0 1 1 0 1 2 1 1 0 1 0 1 0 2 1 2 1 1 2 1 1 1 1 1 1 1 1 1 1 0 2 0 0 2 1 2 1 1
1 1 1 0 1 1 1 0 1 1 1 1 1 1 2 1 0 2 2 2 1 1 2 2 2 1 0 1 0 2 0 0 2 0 0 0 1 0 0 2 1 0 2 1 2 1 1 1 1 2 1 1
17 13 8 10
25 53 82 131 162 184 220 258 254 332 350 358 444 448 444 374 535 439 571 498 653 691 618 649 769 708 832 718 732 890 813 1093 902 980 1031 1026 948 947 925 1234 1407 1029 1285 1496 1175 1130 1299 1628 1700 1236 1254 1367
