52
30
2 2 0 1 1 0 0 0 1 2 0 1 1 0 1 0 0 0 0 0 2 1 0 0 1 1 1 2 1 1 1 1 1 1 1 1 2 1 1 1 0 1 0 1 2 2 1 1 1 0 1 1
0 1 0 1 0 2 0 0 1 1 2 1 2 0 2 1 2 0 1 1 1 1 0 2 2 2 1 1 2 0 1 0 2 0 1 1 1 1 0 1 1 1 1 1 1 2 1 1 2 2 1 0
1 2 1 1 1 2 1 1 1 2 1 1 2 1 1 1 0 1 0 2 0 0 0 1 1 1 0 0 1 2 2 2 1 2 0 1 0 2 1 1 2 1 0 1 1 1 2 1 1 0 1 1
1 0 0 0 0 2 2 2 1 0 1 1 2 2 1 2 2 1 1 1 1 2 2 2 1 0 0 1 1 2 0 1 0 0 1 0 1 0 1 1 2 1 1 2 1 1 1 2 2 2 2 1
1 1 1 1 1 1 2 0 1 1 2 1 1 0 0 0 1 0 0 0 1 0 0 0 2 2 2 1 1 2 2 1 2 1 2 2 2 1 1 1 2 2 0 1 2 1 1 1 2 0 1 2
1 0 2 2 0 0 2 0 0 0 0 1 1 1 2 2 1 2 2 2 2 1 1 1 2 1 1 2 0 0 2 0 1 0 1 0 2 0 0 2 0 1 2 0 1 1 1 1 0 2 2 2
1 2 0 2 1 1 1 2 1 2 1 1 0 1 1 1 1 0 0 1 0 1 1 0 0 1 2 2 2 1 1 2 2 2 1 2 1 1 0 1 1 0 0 1 2 1 0 1 1 0 1 1
2 0 0 1 1 0 0 2 1 0 0 2 1 2 2 2 2 1 1 1 2 2 2 1 1 1 2 1 0 1 1 2 0 1 1 1 1 0 1 1 1 1 1 1 1 0 1 1 2 1 1 1
0 1 1 1 0 1 1 0 2 1 1 0 1 1 0 1 0 1 1 0 1 1 0 1 1 0 2 2 1 1 0 2 2 0 1 0 1 1 1 1 1 0 0 0 0 0 0 1 1 2 0 1
2 1 0 2 1 0 1 1 1 0 1 1 2 1 1 1 1 2 1 1 1 0 1 2 0 2 1 0 1 2 1 0 1 1 2 2 2 0 0 0 0 1 2 1 2 0 2 1 2 2 1 1
0 2 2 1 0 1 1 2 1 1 1 1 1 2 1 0 1 0 0 2 1 2 1 0 1 1 0 2 2 0 1 1 2 0 2 0 1 0 1 0 2 1 1 1 0 0 1 2 0 0 1 1
1 0 1 1 1 1 1 1 0 1 1 0 0 2 0 2 1 1 0 0 1 1 1 2 2 1 0 1 1 1 1 1 1 1 0 0 2 0 1 2 1 0 1 1 2 1 0 0 1 0 2 1
1 0 1 1 1 2 1 2 2 1 1 0 1 0 0 0 0 1 1 0 0 1 1 2 1 1 1 1 1 2 0 1 0 0 2 1 1 1 2 0 1 0 0 2 1 2 1 1 0 0 1 1
2 1 0 0 2 0 1 0 1 2 1 1 1 1 1 0 1 1 2 1 1 1 1 1 2 1 0 1 1 1 1 1 0 1 1 0 2 2 1 0 2 2 0 0 1 0 2 1 1 0 2 1
0 1 2 2 2 2 1 1 1 2 2 0 1 1 1 1 1 0 2 0 1 0 1 0 1 0 1 2 0 2 1 2 2 1 1 2 0 1 2 2 0 2 1 2 1 1 0 1 0 1 1 2
2 1 2 1 1 2 1 1 2 0 2 1 0 1 0 1 1 1 1 2 2 1 1 2 1 2 1 1 1 0 2 1 2 1 1 0 0 0 0 2 0 2 1 1 0 2 0 2 1 0 2 2
1 2 0 1 2 2 2 2 1 1 2 2 2 2 2 0 2 1 0 0 0 1 0 1 0 2 1 1 2 1 2 1 1 1 0 2 1 1 2 1 1 1 0 1 1 1 2 0 0 1 0 2
1 0 0 2 1 1 1 2 0 0 1 1 0 1 0 2 1 2 2 1 0 2 1 1 1 0 1 1 0 1 0 1 1 2 1 1 0 0 0 2 0 1 0 2 1 2 1 1 2 2 2 1
1 1 2 2 1 0 1 1 1 2 1 1 1 1 0 0 1 1 1 0 1 1 2 1 0 0 1 2 1 2 1 2 1 1 1 1 2 2 0 0 1 1 0 0 2 0 0 1 1 0 0 0
1 0 1 0 0 0 2 0 1 0 0 1 0 1 1 2 1 1 2 1 1 1 2 1 1 1 1 1 1 0 2 2 1 1 1 2 1 0 0 1 1 1 0 2 2 1 0 1 2 1 2 1
0 1 2 1 1 2 1 2 2 1 2 1 1 2 0 1 0 0 0 1 0 1 0 1 0 1 1 1 0 1 2 2 2 1 1 0 1 0 1 1 2 0 0 1 0 2 1 1 0 1 1 1
2 2 2 0 0 1 2 0 0 0 0 1 1 1 0 2 0 1 1 2 1 2 1 2 1 1 1 1 0 0 1 2 1 1 1 1 0 1 1 1 1 0 1 0 2 1 1 1 2 1 2 1
2 1 0 1 1 1 1 2 1 1 1 1 1 1 0 0 2 1 0 0 1 1 0 0 0 2 1 1 1 0 1 1 2 1 2 2 2 1 2 1 0 1 0 2 2 1 1 0 1 0 0 1
0 1 1 2 1 0 2 0 1 0 1 2 1 1 1 1 1 2 0 2 1 1 2 1 2 2 1 0 0 2 1 1 0 1 0 1 1 2 0 0 1 1 1 0 2 1 1 1 2 1 2 1
1 2 1 2 2 2 1 2 1 1 2 1 2 1 1 2 0 0 2 0 1 1 1 1 1 0 1 1 0 2 2 0 2 1 2 1 1 1 1 0 0 1 1 0 0 1 2 1 0 0 1 0
0 1 2 0 1 2 0 1 0 0 0 1 1 0 1 2 0 0 1 1 0 2 2 2 2 1 2 1 1 2 0 2 0 1 1 0 0 0 0 2 2 1 1 2 2 1 1 1 2 1 2 0
2 2 1 2 2 2 1 0 2 0 1 2 0 1 1 0 1 0 0 1 0 0 0 0 1 1 2 2 2 1 1 2 2 2 2 2 1 1 1 1 1 0 0 1 1 0 1 1 1 1 2 0
1 1 0 2 1 0 1 1 1 1 1 0 1 1 1 1 1 0 1 1 2 1 1 1 2 2 0 1 0 0 1 1 0 1 1 1 1 1 0 2 1 2 0 2 1 2 1 0 2 2 1 0
2 2 1 0 2 2 1 1 2 1 1 1 1 2 1 0 1 1 0 1 0 1 1 0 0 1 2 1 2 1 2 1 2 2 2 2 1 1 1 0 2 2 0 0 0 1 1 1 0 1 1 0
1 1 1 1 1 2 0 0 1 2 0 1 0 1 1 1 1 2 1 1 1 2 0 2 2 2 1 1 1 1 0 0 2 1 1 0 0 0 2 0 0 1 1 1 0 1 1 2 1 2 2 2
11 9 5 11
28 66 74 103 170 221 202 229 304 259 332 301 435 415 436 518 500 491 640 651 659 661 552 713 603 643 874 768 905 944 939 997 1020 1033 901 1194 1110 1073 1244 1249 1005 1022 1163 1144 1141 1556 1263 1377 1648 1296 1657 1349
