52
30
1 1 1 2 2 2 2 1 1 1 2 1 1 1 0 1 0 1 0 1 1 1 1 0 1 1 1 2 2 1 1 1 1 1 2 1 0 2 2 0 1 0 1 0 1 0 2 0 1 0 1 2
1 0 1 2 1 1 1 2 0 1 1 1 1 0 0 1 2 2 2 1 0 1 2 0 2 0 2 1 1 1 1 1 0 0 2 0 0 0 0 2 1 1 1 0 1 1 2 2 1 2 2 1
2 2 0 2 2 2 2 2 1 1 1 1 1 1 2 1 1 1 0 0 1 1 0 1 1 0 1 1 1 2 2 0 1 1 1 1 1 2 1 1 2 1 0 0 1 1 0 0 1 0 1 2
2 1 0 1 0 0 0 0 0 1 1 0 0 2 2 0 2 2 1 1 1 2 1 2 2 2 1 2 2 1 1 1 1 0 1 2 1 1 0 2 1 2 1 1 1 2 1 1 1 2 1 2
1 1 0 1 1 1 1 1 2 2 1 2 0 1 1 2 1 2 0 1 0 0 0 0 0 0 2 1 0 2 2 2 1 1 1 0 1 2 2 1 0 1 2 1 2 0 2 0 2 2 1 1
1 1 0 0 1 0 1 2 0 0 2 0 0 0 2 2 0 1 1 1 1 2 2 2 2 1 1 1 1 1 2 1 1 1 2 1 0 0 1 0 0 1 0 2 1 2 1 0 0 0 0 2
1 0 1 2 2 0 2 2 2 1 1 2 2 0 1 1 1 0 2 0 1 1 1 0 0 1 2 0 1 1 1 0 1 2 1 0 1 1 2 1 1 1 0 1 1 0 1 2 2 0 0 1
1 1 0 0 1 0 1 2 2 2 2 0 0 2 2 2 2 1 2 1 1 0 0 2 2 0 2 2 1 1 0 1 1 1 1 1 1 1 1 1 2 1 1 2 1 1 1 1 1 1 0 2
0 2 2 0 0 1 1 0 1 1 2 1 0 1 1 1 0 0 1 2 1 2 0 0 2 0 2 2 2 1 1 2 1 2 0 1 1 1 2 0 1 0 0 1 0 1 1 1 2 1 1 2
1 1 1 0 1 0 0 1 0 1 1 2 2 1 1 2 1 1 0 1 2 1 0 1 1 1 0 2 1 0 2 1 2 1 1 1 0 1 0 2 1 1 0 0 2 1 1 0 2 1 0 0
2 0 1 2 1 1 0 1 1 1 1 2 2 1 0 1 1 0 1 2 0 0 2 1 1 1 1 2 0 1 2 1 2 1 2 0 1 2 2 1 0 0 1 1 2 2 1 1 0 1 0 0
1 1 2 1 2 1 1 1 2 1 1 1 0 1 2 1 0 0 2 1 1 0 1 1 1 1 2 1 1 1 2 2 2 0 0 2 0 0 0 2 1 2 1 1 1 1 0 0 2 2 1 0
2 0 1 2 1 2 2 1 0 2 1 2 1 2 1 1 1 0 1 2 1 2 1 1 0 1 0 1 1 2 1 1 1 2 2 1 1 1 2 1 0 2 2 0 1 0 0 0 0 0 1 2
0 1 1 0 0 1 1 2 1 1 1 1 0 0 1 1 0 0 2 2 2 1 1 2 1 1 0 2 0 0 0 0 1 1 0 1 0 1 1 1 1 2 2 0 1 2 1 2 1 1 2 1
1 1 2 1 2 2 1 2 0 2 1 2 2 1 2 0 1 0 1 1 0 1 2 1 1 0 1 1 1 1 2 2 1 2 0 1 2 1 0 0 2 0 1 1 1 0 1 2 0 1 2 0
1 1 0 1 0 1 2 2 0 2 0 1 1 2 1 2 2 1 1 2 1 1 1 2 1 0 1 1 2 0 1 1 1 1 2 0 1 1 2 2 1 2 1 2 2 2 1 1 0 1 1 1
1 1 2 1 2 2 1 1 1 1 1 1 1 0 1 0 0 2 2 2 2 1 0 2 0 1 1 1 2 2 2 2 1 2 1 1 1 1 1 1 0 0 0 1 0 0 1 2 2 2 2 1
1 1 1 0 1 1 1 1 1 1 1 1 0 2 1 1 1 1 1 2 1 1 2 1 2 1 1 1 0 0 0 1 1 1 0 0 2 2 2 1 2 0 0 1 1 1 0 1 1 1 1 2
2 2 1 2 1 2 1 2 1 1 0 1 1 0 0 1 2 0 1 1 1 1 2 0 1 1 2 1 0 1 2 0 2 2 1 2 2 2 1 1 0 2 1 1 0 0 0 0 1 1 1 0
1 1 1 1 0 1 2 2 1 1 2 0 1 1 2 1 1 0 1 1 2 2 1 1 0 1 1 1 0 2 0 0 1 2 0 0 1 1 2 1 1 1 1 1 1 2 1 1 1 0 2 0
1 1 1 1 0 1 2 0 1 0 2 0 2 0 1 0 2 1 1 1 1 1 0 0 1 0 2 1 2 1 0 2 1 2 1 2 2 1 2 1 2 1 0 1 2 0 1 1 2 1 0 0
1 1 1 1 1 1 0 1 1 0 2 0 1 2 0 2 1 0 2 0 0 1 1 1 1 2 2 0 1 1 2 1 0 0 0 1 1 1 2 1 1 2 1 1 1 1 2 1 1 0 0 2
1 1 2 2 1 1 1 1 2 0 2 2 1 1 2 1 0 1 1 1 1 0 1 2 0 1 0 2 1 1 1 2 0 0 1 2 2 0 1 1 1 0 0 1 0 1 1 0 1 2 1 2
2 0 1 1 0 0 1 1 0 1 1 2 2 1 2 1 1 1 0 0 2 2 1 2 2 2 2 0 0 1 2 0 1 0 2 0 0 2 1 2 1 1 0 2 0 2 1 0 1 1 2 2
0 0 2 0 1 1 1 2 1 1 2 1 2 1 2 1 1 0 2 0 2 1 0 1 0 1 2 2 1 1 0 1 1 2 0 0 2 2 1 1 1 1 1 2 1 2 0 1 1 1 1 0
1 0 0 0 1 1 1 0 2 1 0 1 1 1 1 1 1 1 1 2 2 1 2 2 2 2 2 1 1 1 1 1 2 1 0 0 1 1 0 1 1 1 2 2 1 1 2 1 1 1 2 1
2 2 2 1 1 1 2 2 1 1 2 1 2 0 0 0 2 1 0 1 0 2 1 1 0 1 2 0 2 2 0 1 2 1 0 1 2 1 1 1 0 2 0 0 1 1 0 1 2 0 1 2
0 2 1 1 0 0 1 1 1 1 1 0 0 2 1 1 2 2 1 2 2 0 0 1 2 0 1 0 1 1 1 1 2 1 0 1 0 1 1 1 1 0 1 2 1 1 1 1 1 1 2 1
1 1 2 0 1 1 2 0 2 2 1 1 0 1 1 1 2 2 1 1 2 1 1 1 0 1 1 2 0 0 1 1 2 1 2 1 1 2 2 2 1 1 2 1 2 0 0 0 0 0 1 1
2 1 0 1 1 2 1 1 0 2 0 1 0 1 2 2 1 1 1 1 1 2 1 1 1 2 1 1 1 0 1 1 1 0 0 1 1 1 1 0 1 0 2 2 1 0 1 1 2 0 2 1
12 9 11 14
39 63 85 106 154 160 188 256 235 366 405 308 430 442 479 502 548 656 493 544 600 671 621 614 832 840 912 711 868 1015 1043 1155 1055 1104 1151 1245 979 1378 1234 1170 1521 1372 1422 1407 1322 1313 1243 1198 1572 1636 1816 1282
