52
30
2 2 2 1 1 1 1 1 2 2 1 2 1 2 1 2 1 2 1 0 1 1 1 2 0 1 2 2 0 1 1 1 0 0 1 2 2 1 1 2 0 1 0 1 0 0 0 0 0 1 1 1
0 1 2 1 1 2 2 0 1 1 1 2 0 1 0 1 2 0 1 0 2 2 1 1 2 1 1 1 1 0 2 2 1 1 0 0 1 2 2 2 1 2 1 1 1 1 2 2 2 0 0 1
1 0 1 0 1 1 1 1 1 1 1 2 0 0 1 1 1 2 1 1 2 0 0 2 1 1 1 1 2 2 1 2 0 1 1 2 1 1 1 1 0 1 2 0 0 1 0 0 1 0 1 2
1 1 0 0 0 0 1 0 0 0 1 1 1 1 1 1 2 2 2 2 0 2 2 1 1 1 1 1 1 0 1 1 1 2 1 0 1 1 2 0 1 1 1 2 1 1 0 0 0 1 1 1
1 0 1 1 0 1 1 0 2 2 2 0 2 0 2 2 0 1 0 2 0 0 1 1 1 2 2 1 1 1 1 1 1 2 1 1 1 2 0 1 0 0 0 1 0 2 1 0 2 2 2 0
0 1 0 0 1 1 1 1 2 1 1 1 1 1 1 1 1 1 0 1 1 0 2 1 1 2 0 0 0 1 1 1 1 1 2 2 0 1 0 1 2 2 0 1 2 1 1 2 1 2 0 0
1 1 1 0 0 2 1 1 1 1 1 0 1 0 1 1 1 0 1 1 1 1 0 0 1 1 1 1 1 1 2 0 1 1 1 0 2 0 1 1 2 2 2 1 1 0 0 0 2 0 1 0
1 1 1 1 1 1 1 1 1 2 1 2 0 2 2 2 2 2 1 2 2 2 0 1 2 0 1 0 2 2 1 0 1 1 1 0 0 0 2 1 1 2 2 1 1 2 2 2 1 1 1 1
1 2 1 2 1 1 0 1 2 2 1 1 1 1 0 1 1 1 1 1 0 0 0 1 2 2 2 2 2 1 2 1 0 2 2 2 2 2 2 0 0 0 0 0 1 0 0 0 1 0 2 1
1 0 1 2 0 1 0 0 2 1 1 0 0 1 0 2 1 0 0 1 2 2 1 2 1 2 0 0 0 0 0 1 1 0 0 1 0 0 1 1 2 1 2 0 2 0 1 2 1 1 2 0
2 1 1 1 2 1 0 1 1 1 0 1 2 1 1 0 0 0 1 1 0 0 0 1 1 1 2 2 1 2 2 0 0 2 2 1 2 0 1 2 2 0 1 1 2 1 0 0 1 1 1 1
1 1 0 1 1 1 0 1 0 2 1 0 2 1 2 0 2 2 2 1 1 1 2 1 1 0 0 1 1 1 1 0 0 1 1 0 1 2 2 1 2 1 0 1 1 1 1 2 1 0 2 0
2 1 1 1 1 1 1 0 1 0 0 2 1 1 1 1 2 0 1 0 1 1 1 0 0 0 0 0 1 2 1 2 1 2 1 1 1 1 0 1 0 1 1 2 2 0 1 1 1 1 0 1
1 2 1 2 0 2 0 0 1 1 1 1 0 2 1 2 2 2 1 2 1 1 2 1 0 0 2 2 1 0 1 1 2 1 1 2 0 1 2 2 1 2 2 1 2 1 2 2 2 1 2 0
2 1 0 1 2 1 1 1 0 2 2 2 2 2 1 0 0 0 2 0 1 1 2 0 1 0 1 2 1 0 1 1 1 1 2 1 2 2 2 2 0 1 1 1 1 1 0 1 2 1 1 2
0 0 1 2 1 0 0 1 1 1 0 0 1 1 1 1 1 1 1 1 1 2 2 1 1 1 0 1 1 0 1 1 1 1 1 2 1 0 1 1 0 2 2 1 1 2 1 1 0 1 1 2
1 1 2 1 1 2 2 2 2 0 1 2 1 1 2 0 1 2 0 2 0 1 1 2 0 0 2 1 2 1 1 1 1 1 0 0 1 1 2 0 2 1 1 0 0 0 1 0 1 1 1 2
0 1 0 1 1 1 1 0 0 0 0 1 2 2 2 0 2 0 1 0 1 2 0 2 1 1 1 2 1 2 0 2 1 0 1 1 1 0 1 2 2 2 1 2 0 1 2 0 2 1 2 1
2 1 2 2 2 2 0 1 2 2 1 1 2 0 0 1 0 0 0 1 1 1 0 1 1 1 2 2 0 1 1 2 2 2 1 2 2 0 1 1 1 2 0 1 0 0 1 1 2 0 0 0
1 1 1 1 1 0 1 1 1 0 2 2 2 1 1 1 2 2 2 2 2 1 1 1 1 2 1 2 1 1 0 1 0 1 0 2 1 0 0 1 0 2 2 1 2 2 2 1 0 1 1 1
1 1 0 0 0 2 1 2 1 1 2 1 1 1 1 2 1 1 1 2 1 1 1 1 0 0 2 2 2 1 0 1 1 2 1 1 1 1 1 2 1 1 1 1 1 1 1 2 2 1 1 2
0 1 0 2 1 1 1 1 1 0 0 1 2 1 2 2 1 1 1 1 1 1 2 0 1 1 0 0 1 1 0 1 2 0 1 1 1 0 1 1 0 1 2 0 0 1 0 2 0 2 1 1
1 2 1 1 1 1 2 1 2 1 1 1 1 0 1 1 2 2 2 1 0 1 2 0 0 0 0 0 2 1 1 1 1 1 0 1 1 2 1 1 1 1 0 1 1 1 2 1 1 1 1 1
0 2 0 0 1 2 0 1 1 0 2 1 0 0 1 1 1 1 1 2 2 0 1 1 1 1 1 1 1 1 1 1 1 1 0 2 1 1 0 1 2 0 2 2 1 2 0 2 2 2 2 2
2 1 1 1 2 2 0 2 2 1 2 2 1 1 1 0 1 1 1 0 0 1 0 1 2 1 1 1 2 1 2 1 2 1 2 0 1 1 0 1 0 1 1 1 2 1 1 1 1 0 1 1
1 0 1 0 0 0 0 1 1 1 2 1 0 1 1 1 0 1 1 1 1 2 2 0 2 1 1 1 1 2 1 1 1 0 1 0 2 2 0 2 2 0 2 0 1 2 1 2 1 1 0 0
1 1 1 2 0 1 2 1 1 1 1 2 2 1 0 1 2 1 0 0 1 2 1 1 0 1 1 2 0 2 0 0 2 2 1 2 2 1 1 0 0 0 1 2 1 1 2 1 2 1 1 0
2 1 0 2 1 1 0 0 0 0 0 2 1 1 1 2 0 2 1 2 0 2 0 0 1 2 1 0 1 0 1 0 0 2 0 1 1 1 0 0 1 2 1 0 2 1 1 0 2 0 2 2
2 2 1 0 1 2 2 2 1 1 1 1 2 0 0 2 1 0 0 1 1 1 1 0 0 1 1 1 1 1 0 0 1 2 2 2 1 2 2 1 2 0 0 1 1 2 2 0 2 1 1 2
0 1 0 1 0 0 1 0 1 0 0 1 1 2 1 2 2 1 2 1 1 1 0 0 1 1 1 0 0 0 1 2 1 0 1 0 0 0 1 1 0 2 2 1 2 1 2 2 1 0 1 0
11 10 15 13
26 69 89 101 147 177 161 186 249 310 333 282 319 496 467 506 592 513 645 624 542 643 646 735 803 741 915 989 838 860 997 854 847 1221 914 1216 1190 1043 958 1442 1252 1083 1399 1420 1337 1146 1184 1362 1241 1763 1807 1608
