52
30
1 0 0 0 2 2 1 1 0 2 2 1 1 1 2 2 0 0 0 2 0 1 0 1 0 0 2 2 1 1 1 2 0 1 2 2 1 1 1 1 1 1 1 2 1 0 2 0 1 0 1 1
1 0 2 2 2 0 1 0 1 1 1 1 1 1 1 1 1 1 1 1 2 1 2 0 1 0 0 0 1 1 1 1 1 0 1 0 1 0 0 1 1 2 1 1 1 0 2 2 2 2 1 1
1 1 1 1 2 1 0 1 2 2 1 2 1 1 2 0 0 0 0 2 1 0 1 1 2 1 1 1 1 1 1 2 2 1 1 1 2 1 2 1 1 1 1 2 0 0 0 1 2 2 1 1
1 1 1 2 1 1 2 1 1 1 1 1 0 1 1 2 1 1 2 0 2 2 1 2 1 1 1 0 1 0 0 1 0 1 1 1 1 1 0 1 1 1 2 1 1 0 1 0 0 2 0 1
2 2 2 1 2 2 0 2 0 0 2 0 0 1 1 1 2 1 2 0 0 2 1 0 0 1 1 1 2 1 2 1 1 1 1 0 2 2 2 0 1 2 1 1 2 1 0 1 1 0 1 1
1 1 1 1 1 1 0 0 1 1 0 1 1 1 2 1 0 0 1 2 1 2 1 2 0 2 0 2 2 0 1 0 2 1 1 1 1 0 1 0 1 2 1 1 1 2 1 1 2 1 2 2
2 2 1 2 1 2 1 1 1 1 0 0 1 0 1 2 1 0 0 1 2 1 0 1 0 1 1 1 1 1 2 1 2 2 2 1 1 2 2 0 1 0 1 1 1 1 0 1 0 1 1 0
2 1 0 1 2 1 1 1 0 0 1 0 0 2 2 1 1 2 1 2 1 0 1 1 2 2 0 1 2 1 0 2 0 1 1 1 0 1 0 1 1 1 1 2 1 2 1 1 2 2 1 2
2 1 2 1 1 1 1 1 1 1 2 1 0 2 0 1 0 1 0 0 0 2 0 1 0 0 1 1 2 0 1 1 2 1 1 0 1 1 2 1 1 0 1 1 0 0 1 1 1 0 0 1
0 1 0 1 0 1 0 1 1 1 1 0 1 1 1 1 1 0 1 2 2 1 1 2 1 2 0 0 0 1 0 0 1 0 0 1 0 0 1 2 2 1 1 2 2 2 1 0 0 1 1 1
2 0 0 2 1 2 1 1 1 1 1 1 1 0 1 0 1 2 1 1 1 0 0 2 0 1 2 0 1 2 2 2 1 1 1 1 1 2 0 0 0 1 0 2 0 0 1 1 0 1 2 1
1 1 0 0 1 0 1 1 2 0 2 1 1 1 0 2 1 1 2 0 1 0 1 1 0 1 0 0 0 1 0 1 1 1 0 1 2 0 1 2 2 1 0 2 1 2 0 1 2 2 2 1
1 2 2 1 1 2 2 2 1 2 2 0 0 1 1 0 2 0 0 1 0 1 0 1 2 0 1 1 2 2 1 1 1 1 2 2 2 1 1 1 2 1 2 0 2 0 1 0 2 2 1 0
1 2 0 1 0 1 0 1 1 1 0 2 1 1 0 0 1 2 2 2 2 2 1 1 0 2 0 1 1 0 1 1 0 0 0 1 1 0 0 1 1 1 2 2 1 1 0 1 1 1 0 1
2 1 0 1 2 2 0 1 1 1 1 2 1 2 1 0 1 2 1 1 1 1 1 1 2 0 2 2 1 2 2 1 1 1 1 2 1 1 1 1 1 0 2 0 1 1 0 1 1 0 0 0
0 1 1 1 1 0 1 0 0 1 0 0 1 2 1 1 2 1 2 2 0 1 1 1 1 0 2 1 0 1 1 2 1 0 0 1 1 0 0 2 2 2 1 0 2 2 1 1 2 0 1 1
1 2 1 2 1 1 2 1 2 1 0 1 1 2 1 0 1 1 1 2 1 1 0 0 0 1 0 2 1 1 1 2 1 1 1 1 1 2 1 0 0 1 2 0 0 1 1 1 1 1 1 1
1 0 1 1 0 1 0 1 1 1 1 0 1 1 1 1 1 1 2 1 2 2 0 2 0 1 2 1 0 2 2 0 0 0 1 0 1 1 1 1 1 2 1 1 1 0 0 0 0 0 1 1
1 1 1 1 1 2 1 0 0 1 1 1 1 1 2 1 1 0 0 0 1 1 0 1 0 2 1 1 2 1 0 1 2 1 2 2 2 1 1 1 2 1 1 1 1 1 0 1 0 1 0 0
1 2 1 0 1 1 1 1 1 1 1 1 2 1 1 1 2 2 1 1 1 0 0 0 2 2 1 0 1 1 0 0 1 1 1 1 0 1 0 2 2 1 0 2 2 1 0 1 1 0 2 2
1 2 1 2 0 1 1 2 2 2 0 2 1 1 0 0 1 0 1 1 0 0 1 0 2 1 1 0 1 1 1 2 1 1 2 0 1 2 2 0 0 1 2 1 1 1 2 0 2 2 1 0
0 1 0 0 1 0 2 1 1 1 0 2 1 2 1 1 1 1 2 2 1 1 1 1 2 2 0 0 1 0 0 1 1 1 2 1 1 0 2 2 1 2 2 2 1 0 1 2 2 0 1 2
1 2 2 1 1 0 0 2 2 1 2 1 1 0 1 0 1 1 0 0 0 0 2 2 0 1 0 1 2 2 0 0 0 2 1 1 1 1 2 1 0 0 1 0 2 0 0 1 0 1 0 0
0 2 1 0 2 0 2 0 1 2 0 0 2 2 2 1 1 2 1 1 1 1 0 0 1 2 1 0 1 1 1 1 0 1 0 1 1 1 1 1 2 1 1 2 2 0 2 2 1 2 1 2
1 1 0 0 1 1 0 1 0 2 1 1 1 0 0 0 1 2 0 0 0 1 2 1 0 1 1 1 2 2 2 1 0 2 0 1 0 2 1 1 2 0 1 0 0 1 0 0 2 1 1 0
1 1 0 0 1 0 0 0 1 1 1 1 0 0 0 1 2 1 1 1 0 2 1 1 1 0 1 0 0 2 1 0 0 1 0 1 2 1 0 1 1 2 1 1 2 1 2 1 1 1 0 1
1 1 2 1 1 2 2 1 2 1 2 0 0 1 1 0 1 1 2 1 1 1 0 1 0 0 2 2 1 1 2 1 2 2 1 2 1 2 2 1 1 0 0 1 1 1 0 0 0 1 0 1
2 0 0 0 1 2 2 1 0 2 0 0 0 0 1 1 2 0 1 2 1 2 1 2 1 2 1 0 1 2 0 0 2 0 1 1 0 1 0 2 0 1 0 1 1 1 0 1 2 2 0 0
1 1 1 0 1 1 1 0 1 1 1 2 1 1 1 0 2 1 2 1 0 0 0 0 1 0 2 1 0 2 0 2 1 0 1 1 2 2 1 0 2 1 0 0 1 0 1 1 1 1 1 2
2 1 0 2 0 1 1 1 0 0 1 1 1 2 2 2 1 1 1 2 1 1 1 2 1 2 0 0 2 1 1 1 1 2 1 1 1 1 1 2 2 2 2 1 1 2 2 2 1 1 1 2
12 14 13 10
35 65 86 137 131 213 195 283 214 325 268 380 320 445 455 534 480 458 586 497 564 591 718 763 647 770 675 912 771 777 1063 986 982 874 1017 918 972 929 1171 1212 1213 1081 1139 1551 1487 1153 1212 1345 1542 1227 1469 1309
