52
30
1 2 2 0 2 0 2 2 1 0 0 1 1 1 0 0 1 0 1 0 0 0 0 1 1 2 1 2 1 1 1 1 1 1 0 1 2 1 2 2 2 1 0 1 1 0 1 0 1 1 2 0
0 0 1 1 0 1 0 1 1 1 1 2 0 2 0 1 2 1 0 2 2 1 1 1 0 2 2 1 1 2 0 1 1 1 1 1 1 0 0 1 1 1 1 1 1 2 2 1 2 2 1 2
1 2 2 1 1 2 1 2 1 2 2 1 1 1 1 0 0 0 0 1 0 1 1 1 1 0 1 2 2 1 0 2 2 0 2 1 2 1 2 0 1 2 2 2 1 1 0 0 0 1 1 2
1 1 1 0 0 1 0 1 1 0 1 0 0 2 0 0 1 1 0 1 1 2 2 1 1 1 0 1 1 0 0 2 1 1 2 1 2 1 0 2 1 2 1 2 2 2 1 1 1 1 2 1
2 1 2 0 2 2 2 2 2 0 0 1 1 0 1 2 1 0 1 2 0 0 1 1 0 1 0 1 2 1 2 2 1 2 2 1 1 1 1 1 0 0 0 1 0 0 1 2 0 0 0 1
1 1 0 1 1 0 1 0 1 2 1 1 0 1 2 2 2 1 2 1 1 1 0 0 2 2 0 1 0 2 2 1 2 2 1 2 0 0 0 1 1 1 2 1 0 2 1 1 1 2 1 2
1 1 0 0 1 0 2 0 1 2 2 1 2 0 1 2 2 1 0 2 0 2 0 0 1 2 2 1 1 2 0 0 1 2 2 2 1 2 2 0 0 1 0 0 2 1 1 1 0 1 1 1
1 0 1 1 1 1 1 1 0 0 1 0 2 0 1 1 1 2 2 1 1 1 2 1 1 2 1 0 1 1 0 1 1 0 0 1 1 0 2 0 2 2 1 2 1 1 2 2 2 1 2 1
1 1 1 2 2 2 1 1 0 1 1 1 1 1 0 0 0 1 0 0 0 1 0 1 2 2 1 1 1 2 1 1 2 1 1 1 0 1 1 0 1 1 1 0 1 0 1 0 1 1 1 1
1 1 2 1 0 1 1 1 2 1 1 2 0 1 1 2 2 0 2 2 1 1 1 1 1 2 1 0 1 0 2 0 1 2 1 1 0 1 0 1 2 0 1 1 1 1 1 2 1 2 1 2
0 1 2 0 2 2 2 2 0 1 1 2 0 1 1 1 1 1 1 0 0 0 0 0 1 0 1 2 2 0 2 1 2 2 2 1 0 1 2 0 1 1 0 0 0 1 0 1 0 1 0 1
0 1 0 1 1 0 1 0 0 1 2 1 1 1 1 0 1 1 1 2 2 0 1 2 2 1 2 1 0 0 2 1 1 0 1 0 1 1 0 1 2 1 0 1 1 1 2 2 0 0 2 1
1 2 1 2 2 2 2 1 2 1 2 2 0 1 0 0 1 1 0 2 1 0 1 0 1 2 1 1 2 2 1 1 0 2 1 1 1 1 2 0 1 1 0 0 1 2 1 1 0 1 0 1
2 2 1 1 0 1 0 0 0 1 1 2 2 1 0 2 2 1 1 2 1 1 2 0 1 1 0 1 0 0 1 1 1 1 1 0 0 0 1 1 1 0 1 1 1 2 2 1 2 2 1 1
0 1 2 2 1 2 1 2 0 1 1 1 1 0 1 1 0 0 1 2 0 1 1 1 1 2 1 1 2 2 1 0 2 2 1 2 1 2 1 1 1 1 0 1 0 1 1 1 1 1 1 1
0 2 1 0 1 1 1 2 0 1 2 1 0 1 1 2 1 2 1 0 1 1 1 1 0 1 2 1 0 0 1 1 0 1 0 0 2 1 0 2 2 2 1 2 1 1 1 1 1 1 1 2
1 2 1 1 0 1 2 1 1 2 1 1 1 0 1 0 1 1 0 0 1 0 0 1 1 0 0 1 2 0 2 1 1 2 0 1 2 1 1 0 0 1 0 0 2 1 1 0 0 1 0 0
0 1 1 0 1 1 1 0 0 0 2 0 1 1 0 1 1 1 1 1 1 0 0 1 2 0 1 1 0 1 0 1 0 0 2 0 0 0 1 0 1 1 1 1 1 2 1 0 1 1 2 1
1 2 0 1 1 1 1 1 1 0 2 2 2 0 0 1 1 1 0 1 1 1 1 2 1 1 1 1 1 1 1 2 1 1 0 0 2 1 1 2 1 1 1 0 2 2 0 1 1 1 1 2
0 1 0 0 1 1 0 1 0 1 1 1 1 1 1 0 2 0 1 0 1 0 1 0 2 1 2 0 2 0 0 2 1 0 0 1 2 0 1 0 1 2 2 1 2 1 2 2 0 2 2 1
2 1 1 2 2 1 1 2 1 2 2 1 0 0 2 1 1 2 0 1 2 2 2 1 0 2 2 2 1 0 2 0 0 2 1 1 1 2 2 2 1 2 1 2 1 2 1 1 1 1 0 1
0 0 0 1 0 2 1 2 1 2 0 1 0 1 0 2 2 2 0 1 1 2 2 1 1 2 1 1 0 1 1 0 2 2 1 1 2 1 2 0 2 1 1 0 0 1 1 1 2 2 1 1
1 2 1 1 1 1 2 0 1 1 1 1 1 1 1 1 1 1 1 0 2 1 1 1 2 0 1 2 2 1 2 1 2 0 1 1 2 2 1 2 0 1 1 1 0 1 1 0 0 2 1 0
1 1 1 1 1 0 1 1 1 1 2 1 1 0 2 1 0 1 2 2 2 2 1 1 2 1 1 0 0 1 1 1 1 1 0 2 1 0 0 1 0 2 0 0 2 2 2 2 1 1 0 1
0 0 2 1 2 1 1 1 1 1 1 0 1 1 2 0 1 1 1 2 1 1 1 0 1 1 1 2 2 2 1 1 1 1 1 1 2 2 2 0 1 1 1 0 1 0 1 1 0 1 1 0
2 1 0 1 0 1 1 0 1 1 1 0 0 1 2 1 1 2 0 2 2 2 2 1 2 1 0 0 0 0 0 1 1 0 1 1 0 0 0 0 1 2 0 2 0 1 2 1 2 1 2 1
2 0 0 1 1 0 1 2 0 1 2 1 2 0 1 0 0 0 2 0 0 0 0 0 1 1 0 1 1 1 2 1 1 1 1 1 1 0 1 0 1 0 1 2 1 0 0 1 1 0 2 1
1 0 1 2 0 1 0 0 0 1 2 1 0 0 1 1 1 2 1 2 1 1 1 1 1 1 1 0 0 0 0 2 0 1 1 1 0 2 1 2 1 1 1 2 2 1 2 2 0 1 1 1
2 0 0 1 1 2 0 2 0 1 1 2 1 2 1 0 1 0 0 1 0 0 0 1 0 0 1 1 1 1 0 1 0 2 1 2 1 1 1 1 1 0 2 1 1 1 0 0 1 1 0 1
0 0 1 2 0 0 0 0 1 2 1 2 0 1 2 1 2 1 2 1 1 2 2 1 0 2 2 1 0 0 2 1 1 2 1 1 1 0 1 2 2 1 1 0 2 1 0 2 1 1 0 2
14 20 13 17
27 62 100 93 160 194 199 271 264 276 364 383 425 420 453 393 506 454 445 618 677 628 531 797 776 797 894 848 918 865 791 898 1119 923 907 1150 974 1224 927 1336 1013 1361 1121 1119 1208 1401 1164 1149 1310 1586 1745 1633
