52
30
1 2 1 0 2 0 2 1 1 1 0 2 1 2 1 1 1 1 0 2 1 2 1 1 0 1 2 0 2 0 2 1 1 0 1 1 2 2 2 1 0 2 0 0 1 1 1 0 0 0 1 1
2 2 0 1 2 0 2 1 0 0 0 0 1 2 2 2 2 2 2 2 1 1 2 1 2 1 1 0 1 1 1 1 1 1 1 1 1 2 2 2 1 2 1 1 2 1 1 2 0 1 1 1
2 1 2 1 1 1 1 1 1 1 1 1 2 1 0 1 1 2 1 0 0 0 1 2 1 1 1 1 1 2 1 1 1 0 2 0 2 0 1 2 0 1 2 0 1 1 0 0 0 1 1 2
1 1 0 1 2 0 0 2 1 0 1 1 2 1 1 1 2 1 1 1 1 1 2 1 0 0 1 2 2 1 1 1 0 0 1 1 0 1 2 2 1 1 1 0 1 2 1 0 2 1 2 1
1 1 2 2 2 1 0 2 1 0 1 0 1 0 2 2 1 0 1 2 1 2 1 0 0 2 1 1 1 2 1 1 1 1 2 2 1 1 2 2 2 1 1 1 0 0 1 1 1 1 1 1
1 2 1 1 0 1 1 0 0 2 2 1 0 2 1 2 1 2 1 0 2 1 2 1 1 1 0 0 0 1 0 2 1 1 0 1 0 2 1 2 2 1 2 1 0 2 0 1 1 1 1 2
2 1 1 2 1 0 1 1 1 2 1 2 1 2 2 0 0 1 1 1 1 1 1 2 0 1 1 1 1 2 2 0 2 0 0 0 2 0 1 2 2 0 1 1 0 0 2 0 1 1 0 1
1 1 0 0 0 1 0 2 0 1 1 0 0 2 0 1 1 0 2 1 0 1 1 1 1 2 1 1 1 1 0 1 0 0 0 2 0 0 2 0 1 0 2 2 0 2 2 0 0 2 1 1
1 2 1 1 2 1 2 2 1 2 1 0 1 0 1 1 1 0 0 0 1 2 0 0 1 0 2 1 1 1 0 2 2 1 2 0 1 2 1 1 1 1 1 1 1 0 0 0 1 1 2 2
1 2 1 1 0 1 2 1 1 1 0 0 0 1 0 2 1 2 2 1 1 2 2 0 2 1 0 2 0 1 1 1 1 1 2 1 1 1 2 1 1 0 1 0 2 0 1 1 0 0 0 1
2 0 1 1 2 1 1 2 1 2 2 2 2 1 0 0 1 0 1 1 1 1 2 1 0 1 1 2 1 2 1 2 1 1 2 2 1 1 1 1 1 1 1 2 0 1 0 1 0 1 1 1
1 2 1 1 1 0 0 1 1 0 0 2 1 2 2 2 1 1 1 0 2 2 2 1 2 0 1 0 2 0 2 0 0 1 0 2 1 1 1 2 1 2 2 2 0 1 1 2 1 1 1 1
1 2 1 2 2 1 1 0 2 2 1 1 2 0 1 2 2 0 0 1 1 1 2 0 0 1 1 1 1 0 1 0 1 1 0 1 2 1 0 0 0 0 1 1 1 0 0 2 0 0 1 0
1 0 0 1 1 1 1 1 0 0 1 1 1 1 1 2 1 1 2 2 2 1 2 1 1 2 1 1 0 1 0 2 1 1 0 1 2 2 1 1 2 1 2 1 1 0 1 1 2 2 1 1
2 0 0 1 2 1 1 1 1 1 2 1 0 0 0 0 1 1 1 2 0 1 0 1 1 0 2 2 2 0 2 0 1 2 1 2 1 1 1 1 1 0 1 1 0 1 0 2 1 2 0 0
1 1 0 1 1 0 1 1 1 1 2 0 1 2 0 2 2 1 1 0 0 0 2 1 2 2 1 0 0 1 0 1 0 1 1 0 1 2 0 1 2 2 1 1 1 0 2 0 2 1 1 1
2 2 2 2 1 1 1 2 1 2 0 2 2 1 1 2 1 1 0 2 2 1 0 1 0 1 0 2 1 0 1 1 0 0 1 2 1 0 1 2 1 1 2 0 1 0 1 1 0 0 2 1
1 1 0 0 0 2 0 1 1 0 0 1 0 1 2 2 0 0 2 2 2 1 2 2 2 1 2 1 0 1 0 2 1 1 1 2 0 0 0 1 1 2 2 0 2 1 2 1 2 0 2 1
2 2 2 1 2 2 1 1 1 1 1 1 1 0 2 0 2 2 1 0 2 0 2 1 1 0 2 0 2 1 2 1 1 2 0 0 2 1 2 0 0 0 0 1 1 1 2 1 1 1 2 1
2 1 1 2 1 1 1 1 1 1 0 1 1 1 0 1 1 2 2 1 0 0 1 2 2 1 0 1 2 1 0 0 1 1 0 0 2 1 1 1 1 1 1 2 1 1 2 1 1 1 1 0
1 1 1 1 1 1 1 1 1 1 0 2 1 0 1 1 1 2 2 1 1 1 1 1 0 1 1 2 2 0 1 1 2 1 1 2 1 0 2 0 0 0 1 0 1 1 1 0 1 0 1 1
0 1 1 0 1 1 0 0 0 1 0 0 1 0 2 0 2 2 2 2 2 1 1 1 2 1 1 0 1 1 2 0 1 2 2 0 1 1 1 1 0 1 1 0 1 2 1 2 0 0 0 1
1 1 1 1 2 1 0 1 1 2 2 1 1 1 2 2 0 2 0 0 0 1 2 1 0 1 2 2 1 1 1 0 2 0 2 2 1 1 1 1 1 0 1 1 1 1 1 1 1 0 1 2
1 1 0 0 2 0 2 1 0 1 2 0 2 1 1 1 2 1 0 2 1 2 0 1 2 1 0 1 1 0 1 1 2 0 1 0 1 2 0 2 1 2 2 2 2 1 2 2 2 1 2 2
1 1 1 2 1 2 2 2 0 1 1 1 2 2 0 0 1 1 0 1 0 1 1 0 1 1 0 1 1 1 1 0 2 2 1 2 1 0 1 0 1 0 1 2 1 1 0 2 1 1 1 2
1 0 0 0 0 1 1 0 1 1 0 1 1 2 1 0 1 1 2 0 1 0 0 2 1 1 1 1 2 2 1 1 1 1 1 0 2 1 1 1 2 2 1 1 1 0 1 1 1 1 1 0
1 2 2 2 0 1 2 0 1 2 1 1 1 2 1 1 0 1 1 0 0 0 1 1 1 0 1 2 1 1 2 0 2 1 1 2 2 1 1 0 0 2 0 2 2 1 2 1 1 1 1 1
1 1 1 1 1 0 1 1 2 1 1 1 0 2 2 2 1 1 1 1 1 1 0 0 2 2 1 0 0 1 0 2 1 1 0 1 1 0 1 2 1 1 1 1 2 1 1 2 2 1 1 1
1 1 1 2 1 1 2 1 2 0 1 2 2 0 0 1 0 2 0 1 1 0 0 0 0 1 1 0 2 1 2 2 1 2 0 0 1 1 2 1 0 2 0 0 1 1 1 1 1 0 1 0
1 0 1 1 1 2 1 1 1 2 2 2 1 1 0 1 2 0 0 0 2 1 2 1 1 1 1 2 1 0 0 0 1 0 0 1 0 1 1 1 1 2 0 1 1 0 1 2 2 2 2 1
15 12 20 11
41 69 87 126 181 183 197 214 312 354 336 356 344 396 381 471 460 464 708 737 736 738 627 789 884 732 912 743 849 969 984 965 920 1175 1049 1180 973 1251 1333 1399 1090 1278 1374 1464 1590 1145 1297 1283 1343 1544 1260 1581
