52
30
1 2 2 0 2 1 1 2 0 1 1 1 1 1 1 2 1 0 1 0 1 1 1 2 1 2 1 2 2 2 2 1 0 1 0 2 1 1 1 1 0 2 0 2 0 2 0 1 1 1 0 2
1 1 1 1 2 2 2 1 1 2 2 1 0 1 1 1 1 2 1 2 1 2 1 2 2 1 1 0 1 1 1 1 1 1 0 1 0 0 1 2 1 1 1 0 2 2 1 2 2 1 1 1
2 1 2 1 2 1 1 1 1 2 2 2 1 1 1 0 0 1 1 0 2 0 2 0 0 1 1 1 1 2 1 2 2 1 2 1 1 2 1 1 0 0 1 1 1 2 0 2 0 1 0 1
0 1 2 0 1 1 1 2 0 2 0 1 0 2 1 2 2 1 1 1 1 1 1 1 1 1 2 0 1 0 1 0 2 1 0 0 0 0 1 0 0 1 0 1 2 1 2 1 1 1 2 1
1 1 0 1 2 0 2 1 1 1 1 2 2 1 1 1 0 0 1 2 0 0 2 2 1 1 1 1 1 1 2 1 2 1 2 2 0 2 2 0 1 0 0 1 1 1 0 1 1 1 1 1
1 1 2 1 1 0 0 1 1 0 0 0 1 0 0 1 1 2 1 1 0 1 2 1 1 1 1 0 0 0 1 2 1 1 1 1 0 0 1 0 1 0 0 0 2 2 2 2 2 0 0 1
0 1 0 2 1 1 1 2 1 1 2 1 1 1 1 2 0 1 1 1 1 0 1 2 1 2 2 1 0 2 1 1 0 1 1 2 2 2 2 2 1 0 1 2 1 2 1 2 0 1 1 1
1 1 2 1 0 0 1 1 2 0 2 1 1 1 0 2 2 2 0 1 0 1 1 2 1 1 0 1 1 1 0 2 1 2 0 0 0 0 1 0 1 1 2 0 1 1 2 2 1 1 2 0
1 2 0 2 0 2 2 2 2 2 1 0 1 1 1 1 2 0 0 1 1 0 1 0 1 0 2 1 1 0 1 0 1 0 0 1 2 0 1 1 1 0 1 0 2 1 1 1 0 1 1 0
2 1 1 1 0 1 0 1 0 1 1 0 0 1 1 2 1 1 2 2 0 1 2 1 2 2 1 1 0 1 2 1 0 0 1 1 1 2 0 2 0 0 2 1 1 1 1 2 1 1 1 1
1 1 2 1 1 1 2 1 0 0 2 0 0 0 2 2 0 0 0 1 1 1 2 0 0 0 2 1 1 1 1 2 1 2 2 1 2 0 2 0 1 1 1 0 1 0 1 1 2 1 2 0
1 1 1 0 1 2 2 0 1 1 1 0 0 2 2 1 2 1 2 2 1 2 0 0 1 1 2 0 0 1 0 1 1 1 0 0 1 0 1 1 2 1 1 1 1 2 2 1 1 0 1 2
1 1 1 2 1 2 2 0 1 2 1 0 1 0 0 1 1 1 1 1 1 1 1 2 0 2 1 2 1 2 1 2 2 0 2 1 2 2 2 1 0 0 1 1 1 2 1 1 1 1 1 1
0 2 1 0 1 1 0 0 2 1 1 1 0 2 0 2 1 2 0 1 2 2 2 2 1 0 1 1 1 1 1 0 2 0 2 0 2 1 0 1 1 2 1 2 1 1 0 1 2 1 0 1
0 1 2 1 1 1 1 1 1 1 2 1 2 1 0 0 0 1 0 0 1 0 1 0 1 0 1 2 1 1 0 2 1 1 1 2 2 0 1 2 1 1 1 1 0 1 1 1 1 0 0 1
0 0 0 1 0 1 1 1 1 1 1 0 2 0 1 1 1 1 1 2 1 2 1 2 0 0 0 2 2 0 0 1 0 2 2 2 0 1 0 1 1 1 1 1 2 2 1 2 2 1 1 1
2 0 0 1 1 2 2 0 1 1 1 0 2 1 0 0 0 0 0 1 2 1 2 1 1 2 1 2 0 1 2 1 1 1 2 0 0 1 2 1 1 1 2 1 1 0 0 0 0 1 0 1
2 0 0 1 2 0 1 2 1 1 1 0 1 1 1 1 1 2 2 1 0 1 2 0 0 1 1 0 1 1 1 1 1 1 0 1 1 1 0 1 1 2 2 2 2 1 0 2 2 0 2 1
1 1 1 1 2 0 0 2 1 2 1 0 2 1 2 1 0 2 0 0 1 0 1 1 2 1 1 1 1 2 1 2 1 2 1 1 1 0 2 1 1 0 1 2 0 1 1 1 0 1 2 0
1 1 0 0 1 1 1 0 1 1 0 0 0 1 0 1 1 2 0 2 1 1 1 1 1 1 2 0 2 2 0 0 0 2 1 2 2 1 0 2 1 1 1 1 2 1 0 1 2 2 1 1
0 2 1 1 1 1 2 2 2 1 1 0 0 0 0 0 1 0 0 1 1 2 2 2 0 0 1 0 2 1 0 0 0 2 1 1 1 2 1 1 1 1 0 0 1 0 0 1 1 0 1 1
0 1 1 0 0 1 0 1 0 2 2 1 1 1 1 2 1 2 1 2 2 2 0 2 2 2 1 0 1 0 1 0 1 1 0 0 1 1 1 1 2 1 2 2 1 1 0 1 2 2 2 0
2 1 1 2 0 2 2 1 1 1 0 1 1 0 0 1 1 1 1 1 1 1 0 0 1 0 0 2 1 2 2 2 1 2 1 0 1 2 1 0 1 1 0 2 0 1 1 0 0 1 1 1
0 2 0 1 1 1 0 1 1 2 2 2 2 1 2 2 1 1 2 0 2 1 1 2 0 2 2 2 1 0 0 1 1 1 1 1 1 1 0 1 1 1 2 2 2 1 2 1 2 2 0 1
1 2 1 1 2 2 1 2 2 1 0 1 1 1 0 0 2 1 1 1 0 1 1 1 1 0 1 1 2 2 2 2 0 1 2 1 1 2 0 0 1 1 1 1 1 2 0 1 2 1 0 0
0 1 1 0 0 0 1 0 1 1 0 1 2 2 0 1 2 0 2 2 2 2 1 1 2 2 1 0 0 1 1 2 0 1 1 1 0 0 0 1 1 1 2 1 1 2 2 1 2 2 1 1
1 2 2 2 1 1 0 1 0 2 1 2 2 1 1 1 1 1 2 1 0 0 0 1 2 1 0 2 1 1 1 2 0 1 2 0 1 2 1 0 1 1 0 1 1 0 0 0 0 1 0 0
0 0 0 1 0 0 2 1 1 2 1 2 0 1 1 2 1 1 2 1 2 2 1 1 2 2 0 0 0 0 1 1 1 2 2 0 2 1 1 2 2 1 0 2 2 1 1 1 2 1 2 1
1 2 1 1 2 0 2 1 1 1 2 1 2 1 0 0 1 0 1 1 1 2 0 0 0 2 1 1 1 1 1 1 0 1 1 1 1 1 2 0 1 1 1 1 0 0 0 1 1 0 0 2
1 1 0 1 1 1 2 0 0 2 1 1 1 1 2 1 1 1 2 2 1 1 1 2 0 1 2 1 2 2 0 0 1 2 2 1 2 1 0 1 1 2 2 2 2 1 0 2 1 0 2 1
18 23 23 20
22 60 101 97 140 167 249 204 302 362 341 423 344 346 480 461 447 603 650 538 736 556 674 787 666 683 931 833 823 971 1104 1092 832 864 1132 1140 1113 1336 1115 1396 1246 1473 1450 1203 1550 1568 1376 1483 1599 1280 1365 1705
