52
30
1 2 1 0 2 2 2 2 0 0 2 1 0 1 0 1 1 1 1 1 1 0 1 1 1 0 1 1 1 2 0 2 2 2 2 1 1 2 1 0 1 1 2 1 2 1 0 0 2 0 1 0
1 2 0 0 1 1 1 1 2 2 1 0 2 1 2 1 2 1 1 1 1 1 1 2 2 2 1 1 2 1 0 2 1 1 1 1 1 1 2 2 2 1 2 1 2 1 2 2 0 2 2 2
2 2 2 1 2 2 1 2 1 1 1 2 1 2 1 1 1 1 2 1 1 0 0 2 1 2 1 1 1 2 2 1 1 1 1 2 0 2 0 0 0 0 2 0 1 0 0 1 1 1 1 2
0 0 1 0 1 1 0 1 0 1 1 2 1 0 2 1 2 1 1 2 1 1 1 1 1 2 0 0 0 0 1 0 2 1 0 1 1 1 1 2 2 0 2 1 2 2 1 2 1 1 2 0
1 0 1 2 0 1 1 1 1 0 2 2 2 2 0 0 1 0 0 0 1 0 0 1 2 0 2 0 1 1 1 2 1 1 2 0 1 1 2 1 0 0 0 2 1 1 0 0 1 1 0 1
0 0 0 0 2 0 1 1 1 1 1 0 0 1 2 2 1 2 1 1 2 1 1 2 1 1 1 0 0 0 1 0 1 2 1 0 1 2 0 1 1 1 1 1 1 1 0 1 1 2 1 1
1 2 0 1 1 1 1 2 2 2 0 2 1 1 0 0 1 1 2 2 1 1 1 1 0 1 2 1 1 1 0 0 2 2 1 0 1 2 1 1 1 2 1 0 0 2 1 1 2 1 1 0
0 0 1 0 1 0 0 1 0 0 2 0 0 0 2 0 2 1 0 2 1 1 1 1 1 1 1 1 0 0 1 1 1 2 0 2 1 1 2 1 1 2 1 2 1 1 2 2 2 1 1 1
0 0 1 1 2 2 1 2 1 1 0 2 2 0 0 0 1 1 1 2 1 1 1 1 2 2 1 0 0 1 2 2 1 1 0 2 1 0 0 1 1 1 0 1 1 0 1 1 1 2 1 2
0 1 1 0 1 2 1 2 1 0 1 1 1 2 2 1 1 2 2 1 2 1 1 1 1 1 1 0 1 1 1 0 0 0 0 0 1 0 0 1 1 1 1 2 2 1 1 1 1 2 1 2
1 0 1 2 1 2 1 0 1 1 1 1 1 0 0 1 1 1 2 0 1 1 1 1 1 0 1 2 2 1 0 2 0 1 1 2 1 1 1 0 2 0 1 0 1 0 1 0 2 0 2 1
1 0 1 0 1 1 2 1 1 1 1 0 0 1 2 1 0 1 0 0 2 1 1 1 2 0 1 1 1 0 1 0 1 1 0 0 1 1 0 2 1 2 1 1 1 0 1 0 2 2 2 2
2 1 2 1 2 1 1 0 0 1 1 2 2 1 0 1 0 2 1 1 2 1 0 2 0 0 1 2 2 2 2 1 2 0 1 0 1 2 0 1 0 0 1 1 1 1 1 1 1 1 1 0
1 1 1 0 0 1 0 1 2 1 0 1 1 2 1 2 1 1 1 1 2 1 2 1 1 2 0 1 1 1 0 2 1 0 0 2 2 0 2 1 1 1 1 1 1 0 1 2 2 2 1 2
2 0 1 1 1 0 1 1 0 1 0 1 1 1 1 0 1 0 2 1 0 1 1 1 0 0 2 2 1 0 1 0 2 1 2 0 2 2 2 2 1 1 0 1 2 0 1 1 1 0 0 2
0 1 1 0 1 1 0 2 1 0 1 0 1 2 2 2 2 0 1 1 1 0 1 2 2 0 1 0 1 0 1 1 0 0 1 1 0 0 1 2 1 1 1 0 2 1 1 1 1 2 1 1
1 1 1 1 1 2 2 1 1 2 2 1 0 1 1 1 0 0 2 1 1 0 1 1 1 2 1 0 1 1 2 2 0 2 2 0 1 1 1 1 2 1 0 1 0 1 1 1 2 1 2 1
0 2 0 1 1 2 0 0 1 2 1 0 2 1 1 1 0 1 2 2 2 1 0 1 2 2 1 1 1 1 0 1 0 1 0 0 1 2 0 1 1 1 2 1 2 0 0 1 2 1 1 2
1 2 1 1 1 1 0 0 2 1 0 2 1 2 0 1 1 1 1 1 0 0 0 2 1 1 1 2 2 2 1 2 1 2 1 2 1 1 1 0 2 0 1 2 1 2 0 1 1 1 2 1
0 2 0 1 0 2 0 1 0 1 1 0 0 1 1 1 2 1 2 1 1 2 2 1 2 2 1 2 1 2 1 1 1 0 1 1 1 1 0 2 2 1 2 1 1 1 1 0 2 2 2 1
1 1 2 0 1 0 2 1 0 1 0 2 1 0 0 1 2 0 1 1 1 1 1 1 1 1 1 1 1 0 1 2 1 1 2 2 2 1 1 1 0 0 1 1 0 1 1 1 1 1 0 1
0 1 0 0 1 2 0 1 1 2 0 1 1 0 2 1 1 1 1 2 1 2 2 1 1 0 1 1 2 0 1 0 0 1 1 1 1 0 1 1 1 1 0 1 2 2 1 1 0 2 1 2
1 1 2 2 1 0 2 1 1 0 0 1 1 0 0 0 2 1 0 1 1 0 0 1 1 1 2 2 1 1 2 1 2 1 1 0 1 2 0 2 2 0 1 1 0 1 1 0 0 2 0 1
0 1 0 0 1 1 2 1 0 1 0 1 1 0 2 1 1 0 1 0 2 2 1 0 1 1 1 0 1 2 1 0 0 1 1 1 1 0 2 1 1 1 2 0 1 2 1 2 1 0 0 1
0 1 1 1 2 1 2 1 1 1 2 2 1 0 0 0 2 0 2 1 1 0 1 2 0 0 1 1 1 2 1 1 1 1 2 2 1 0 1 1 0 2 1 0 1 0 1 2 2 0 0 0
1 1 1 1 2 1 2 1 1 1 0 2 2 0 1 1 1 1 1 0 0 1 1 0 1 0 1 2 1 1 1 1 1 1 0 0 1 2 1 2 2 2 1 1 0 1 2 1 2 2 1 2
2 2 2 1 2 1 2 1 1 0 1 2 1 1 2 1 0 1 1 0 2 0 1 2 2 1 2 1 1 1 1 1 1 2 2 1 2 1 1 1 1 0 2 0 2 0 1 1 1 1 0 1
1 0 1 2 1 1 1 1 0 0 0 1 0 2 2 1 1 0 2 2 1 2 0 1 2 1 1 0 0 0 0 1 1 0 1 1 0 1 1 1 1 1 0 1 2 2 2 2 0 2 0 1
2 1 1 0 1 1 1 1 1 0 2 1 2 1 1 1 0 1 1 1 1 0 0 1 0 1 1 1 2 1 1 1 1 0 1 2 1 1 0 1 1 0 0 0 0 1 0 1 0 2 1 1
2 2 1 1 0 1 1 1 2 1 1 1 1 2 1 1 1 1 2 0 0 1 1 2 1 2 1 0 0 0 0 0 0 1 1 0 0 1 0 2 1 2 2 2 1 1 1 1 2 2 1 1
17 20 22 17
28 55 71 106 120 161 226 205 209 329 289 286 416 393 489 471 573 602 664 540 507 597 551 820 725 908 853 861 958 909 771 884 923 871 853 1226 1166 1059 1041 1306 1162 1378 1226 1339 1211 1549 1479 1572 1664 1415 1672 1815
