52
30
1 1 2 0 2 0 2 1 2 0 1 1 1 0 2 1 0 0 1 1 1 0 1 1 1 1 1 2 2 2 2 2 2 2 2 1 2 1 1 1 0 0 0 1 2 1 0 2 1 1 1 2
0 1 1 0 1 1 1 1 1 0 0 2 1 1 2 2 1 2 2 1 1 1 1 2 1 1 2 0 1 0 0 0 2 2 0 0 0 1 0 1 2 1 0 0 2 1 1 2 2 1 1 1
2 1 2 2 1 0 0 1 1 0 1 1 1 1 1 0 2 0 2 2 0 1 1 0 1 1 1 1 1 1 2 0 2 2 1 1 0 2 1 0 0 1 2 0 0 1 1 1 1 0 1 1
1 0 0 0 0 1 0 2 1 1 1 1 1 1 1 1 1 1 1 1 1 2 2 2 2 2 1 2 1 0 0 1 1 1 1 0 0 2 1 1 2 1 2 1 1 1 1 0 2 2 1 0
2 1 2 1 0 0 1 1 1 0 1 1 1 1 0 1 0 1 2 1 2 1 2 2 0 0 1 2 0 2 1 0 2 1 1 1 2 0 1 0 1 0 0 1 1 1 0 1 0 0 1 0
0 2 0 1 1 1 1 0 1 1 2 0 0 1 1 0 1 1 1 0 2 1 1 1 2 0 1 0 0 0 1 1 0 1 2 1 2 1 1 1 1 1 2 2 1 1 1 2 1 0 1 1
1 1 0 1 1 1 1 1 2 0 2 1 0 1 1 0 1 0 1 1 0 0 1 0 0 0 1 1 2 1 2 2 2 1 1 2 1 2 2 1 1 0 2 1 1 1 2 0 2 1 0 1
1 1 1 0 1 1 0 1 1 0 1 2 1 1 2 0 1 2 0 2 1 2 1 0 2 1 1 1 0 1 1 0 1 1 1 1 1 1 1 1 1 1 0 1 1 1 1 0 1 0 2 0
1 1 2 2 2 0 0 1 2 2 2 1 1 1 0 0 1 1 0 1 1 1 0 2 0 1 1 2 1 2 2 2 1 2 2 1 2 2 0 0 0 0 1 2 1 2 1 1 1 0 2 2
0 0 1 0 1 1 0 1 1 1 1 1 1 1 2 2 2 1 0 0 0 2 1 2 2 2 1 1 0 0 1 2 0 0 1 0 2 1 0 2 1 2 1 0 0 1 1 2 0 1 2 2
1 2 1 2 1 0 2 1 1 2 0 1 1 1 1 1 1 1 0 1 1 1 1 0 1 1 2 0 2 2 2 2 1 1 1 2 2 0 2 2 1 1 1 1 1 2 0 0 0 1 2 2
1 1 1 1 2 2 0 1 2 2 1 2 2 2 2 2 2 2 1 1 1 1 0 1 1 2 1 1 1 0 1 2 2 1 1 1 1 0 2 2 2 0 1 0 1 1 0 1 1 1 1 1
1 1 1 0 0 2 1 1 1 1 2 0 2 2 1 1 1 0 1 1 0 0 2 1 0 1 1 1 2 2 0 1 1 1 1 1 1 1 1 1 2 1 2 0 1 2 0 1 0 0 0 1
1 0 1 2 2 0 1 1 1 2 2 1 0 1 2 1 1 1 2 1 0 2 2 0 2 1 1 2 1 1 0 1 0 0 2 0 0 1 0 0 2 2 2 1 1 1 2 2 0 0 0 1
2 2 2 2 1 2 2 1 0 1 2 2 1 2 0 0 1 0 1 2 1 1 1 1 1 1 1 2 2 1 2 1 2 1 1 2 1 0 2 1 0 1 1 1 1 1 1 0 2 1 0 1
0 0 1 0 0 1 0 1 0 0 1 1 0 1 1 1 2 2 0 0 0 2 2 2 1 2 1 1 1 1 0 0 1 1 1 0 2 0 1 1 1 0 2 0 2 2 1 2 2 1 0 0
2 1 2 2 2 1 2 1 1 2 1 1 2 0 2 1 0 0 1 1 1 1 0 0 0 1 0 2 0 2 2 2 2 1 1 2 2 0 1 0 1 1 1 1 1 0 2 1 0 1 1 0
1 2 1 0 1 1 2 1 1 1 2 1 1 1 1 1 1 1 2 2 1 2 2 1 1 2 0 1 1 0 0 0 1 1 0 2 1 1 0 2 1 0 2 1 1 2 2 1 1 0 2 2
1 2 0 1 2 1 1 2 2 2 1 1 1 0 0 2 1 1 1 1 2 1 2 1 2 0 2 1 2 2 2 1 1 2 1 1 1 1 1 1 1 1 1 1 1 1 1 0 0 1 0 1
2 1 2 0 1 0 1 1 1 0 1 2 1 0 0 1 1 2 1 2 1 1 2 1 2 0 0 0 1 0 0 0 1 1 0 1 0 0 1 2 1 1 2 2 2 1 1 2 2 2 2 1
1 0 1 1 0 1 1 1 1 2 1 1 1 1 0 1 0 1 1 2 2 0 1 0 0 1 0 1 2 1 0 1 0 1 1 1 1 2 1 0 1 0 1 0 1 1 0 1 1 1 0 2
1 0 0 1 2 2 0 0 1 1 0 1 0 1 1 1 2 2 2 0 0 1 1 2 1 1 2 2 1 0 1 0 1 1 1 0 1 0 1 1 2 1 1 1 1 2 1 2 1 2 0 2
0 1 1 2 2 1 2 2 0 1 2 1 2 0 1 1 1 1 2 0 1 1 0 0 2 0 2 0 0 2 0 1 1 0 0 1 2 1 1 1 0 0 0 1 1 1 0 0 1 2 0 1
1 1 2 0 1 2 0 0 0 1 1 1 0 2 2 1 1 0 1 1 2 2 1 2 2 2 0 0 0 1 1 1 1 0 1 2 1 2 0 2 2 2 2 1 2 2 2 1 1 1 2 2
1 1 1 1 1 2 0 1 1 2 2 1 1 0 1 0 2 0 0 1 2 1 1 2 1 0 2 1 0 1 1 1 2 2 1 1 1 2 2 0 0 0 0 1 1 1 1 2 1 1 0 1
0 0 0 1 1 1 1 0 1 1 1 2 1 0 0 1 1 1 0 0 1 2 2 1 2 2 1 1 1 0 2 1 0 1 0 1 1 1 2 2 2 1 1 1 1 0 0 1 2 1 1 2
0 1 1 1 2 1 1 2 1 2 0 2 2 1 1 2 0 0 1 1 0 0 0 0 2 1 1 0 1 1 2 0 2 1 1 2 1 1 1 2 1 1 1 0 1 0 1 1 1 0 2 1
0 1 0 0 2 1 1 2 1 0 0 1 2 1 2 1 2 1 1 0 1 1 2 1 1 2 0 1 0 0 2 0 1 1 2 0 0 2 0 2 1 1 0 2 1 1 0 0 2 2 1 2
0 2 1 2 1 1 1 1 2 0 2 1 0 0 1 1 0 1 0 1 0 1 2 1 1 0 1 1 1 2 1 0 2 0 0 1 2 0 0 1 2 1 1 0 0 1 0 1 1 1 1 1
1 1 0 0 0 1 2 0 2 0 0 1 1 0 1 0 2 2 2 2 1 1 2 1 0 2 1 2 1 1 2 1 1 0 0 0 2 0 2 2 1 2 1 2 2 2 2 1 0 1 1 2
12 11 14 17
20 57 102 94 172 175 214 254 295 248 382 336 352 345 371 482 540 601 630 669 546 575 697 669 855 886 876 987 992 925 1029 1143 846 837 918 1096 897 1195 1125 1096 1249 1360 1560 1173 1262 1289 1694 1382 1259 1712 1343 1781
