52
30
1 0 2 2 1 1 1 2 1 1 0 1 1 0 1 0 1 0 2 0 0 1 0 2 1 2 0 2 1 1 2 1 2 2 1 1 2 2 2 1 1 2 1 1 1 0 1 1 0 2 0 0
1 1 0 0 1 0 1 0 1 1 0 0 1 0 2 2 0 2 0 1 1 1 2 1 1 0 0 1 1 0 1 0 0 0 1 1 0 2 2 2 0 1 2 2 0 2 2 1 1 0 1 1
1 1 0 1 1 2 1 2 1 0 1 1 1 0 2 2 0 2 1 0 0 1 1 1 1 1 1 2 0 1 1 2 2 1 1 2 2 1 2 1 1 2 1 2 1 0 1 0 1 1 0 0
1 2 2 0 0 1 0 0 2 0 1 0 1 0 2 0 1 2 2 0 1 0 1 1 1 2 1 1 1 1 1 0 1 0 1 0 1 1 1 0 1 2 1 1 1 2 2 1 0 1 0 1
1 1 2 2 1 1 0 2 1 1 2 2 0 1 0 2 1 2 2 0 0 0 1 1 1 1 0 1 1 1 1 0 1 1 2 2 0 1 1 0 2 1 0 0 0 1 1 1 0 0 1 1
1 1 2 2 1 0 0 0 1 2 1 1 0 2 1 1 1 0 0 1 1 2 1 2 2 1 1 0 1 1 1 0 1 0 2 0 1 0 1 1 0 1 1 1 2 1 2 1 2 1 1 1
2 2 0 1 0 1 1 1 2 2 0 2 2 0 2 0 2 2 0 1 1 0 1 2 0 1 1 1 0 1 0 1 2 1 0 1 0 1 0 1 0 1 2 1 2 0 1 1 0 0 0 0
0 1 0 0 0 1 2 1 1 2 0 1 0 2 1 2 1 0 1 1 1 1 2 1 1 2 0 1 0 1 1 1 2 0 0 1 0 1 1 1 2 2 1 0 0 1 2 1 2 1 2 1
1 1 1 1 1 1 1 0 1 2 0 1 2 0 0 1 0 2 1 1 0 0 0 1 1 1 2 2 2 1 0 1 1 1 2 2 2 2 1 1 0 1 0 1 0 0 1 1 0 2 0 1
0 2 1 1 1 1 1 1 1 0 2 1 0 1 1 2 0 1 1 1 1 0 1 2 2 1 1 1 1 1 1 1 0 2 1 1 0 1 0 1 2 1 1 1 2 0 1 1 0 1 2 1
2 2 1 1 2 2 0 1 1 2 2 1 1 1 1 0 1 0 0 2 1 2 1 1 1 1 2 0 1 1 0 1 0 1 0 1 0 1 1 1 1 1 1 2 1 0 1 2 1 0 0 0
0 1 1 0 1 2 1 0 1 2 1 2 0 1 2 0 1 1 1 2 2 2 2 2 2 1 1 2 1 0 0 1 0 1 0 0 1 2 1 2 2 2 1 1 2 2 0 0 0 0 2 2
1 1 2 2 1 2 0 0 1 1 2 1 1 1 1 2 0 0 1 0 1 0 0 1 1 0 1 1 2 0 0 1 1 0 2 2 1 2 0 0 1 1 1 0 1 1 0 1 1 1 1 2
1 1 0 0 1 1 2 1 1 1 2 1 1 1 2 2 1 2 1 2 1 2 0 2 1 1 2 2 0 0 1 1 1 0 0 2 1 1 1 2 1 1 1 2 0 1 2 0 2 2 1 1
1 2 2 2 2 2 1 2 1 2 2 2 0 1 1 1 1 0 1 0 2 1 0 2 0 1 1 1 2 1 1 0 1 0 0 0 2 1 1 0 1 2 1 0 0 0 1 1 1 0 0 2
0 0 0 0 1 0 1 0 2 0 0 1 1 1 2 1 1 0 2 1 1 2 2 1 1 0 1 1 1 0 1 2 1 1 2 1 1 2 0 1 1 2 2 1 1 2 2 0 0 2 1 1
2 1 0 2 0 2 1 2 2 1 1 1 1 1 0 0 2 1 1 2 1 0 0 2 0 1 1 2 1 2 2 2 1 1 2 1 1 2 2 0 2 1 1 0 0 1 0 1 1 1 0 0
1 0 2 0 1 0 1 1 0 0 1 1 1 0 2 1 2 2 2 1 2 0 0 0 2 1 1 2 1 1 0 1 0 2 1 2 0 1 2 1 1 2 1 1 2 1 2 1 2 1 2 1
1 2 1 1 1 2 0 2 1 2 1 1 1 1 0 1 1 0 0 1 0 1 1 2 1 0 1 2 0 1 1 1 1 0 1 2 1 2 0 1 0 1 0 1 0 1 0 1 2 1 1 1
1 1 1 1 1 2 1 2 1 1 1 1 0 2 0 2 1 1 1 2 2 2 1 1 2 1 0 0 1 0 1 2 0 1 1 1 1 2 1 1 2 1 1 2 1 2 1 1 0 2 1 1
1 2 1 2 2 1 1 2 1 2 0 0 1 2 0 1 1 0 0 2 1 0 1 0 1 1 1 2 1 2 2 1 1 2 1 1 2 1 2 0 1 1 1 1 0 1 0 1 0 0 1 1
1 0 0 0 0 0 0 1 1 0 1 0 0 1 2 2 2 2 1 2 2 1 2 2 1 1 0 1 1 1 1 2 1 0 0 1 1 1 1 1 2 2 1 0 2 2 1 1 1 1 2 2
1 1 2 1 1 2 0 2 2 1 1 0 1 0 1 1 1 0 2 2 1 0 1 1 1 1 1 1 2 1 1 2 0 2 0 1 2 1 1 0 1 0 2 0 1 1 1 2 0 1 2 0
0 2 1 1 2 0 1 1 1 0 2 1 1 1 2 2 0 1 1 2 2 1 2 1 1 2 0 1 2 0 0 2 1 1 0 1 2 1 1 0 2 1 0 0 1 1 0 0 1 1 2 1
1 1 1 1 1 2 2 2 1 0 1 1 1 1 0 1 0 2 0 0 0 2 2 2 0 0 1 2 2 1 1 2 1 1 1 1 1 2 1 1 1 1 1 2 1 1 0 1 2 2 1 1
0 1 2 1 1 2 0 2 1 0 2 2 2 0 2 2 1 1 1 1 2 1 1 1 2 1 0 0 0 1 0 2 2 1 1 2 0 1 1 2 0 1 2 1 1 2 0 2 2 1 2 2
1 1 2 0 1 1 2 1 1 1 0 2 1 1 1 1 1 1 1 1 0 2 2 1 0 1 0 1 1 2 2 2 1 1 2 1 0 1 2 1 0 1 2 1 1 0 1 0 1 1 1 1
1 1 0 1 1 0 0 1 1 1 1 1 0 2 0 2 2 1 1 1 0 0 0 0 1 1 2 1 1 1 1 0 0 1 2 1 1 1 2 0 2 1 1 0 2 1 1 2 2 1 2 1
1 2 1 2 2 0 1 2 1 2 2 1 2 1 2 1 2 2 1 1 1 0 0 0 0 2 2 1 0 2 2 1 1 2 0 1 0 1 2 2 0 0 0 2 2 0 1 2 0 0 0 2
1 0 1 0 1 1 0 1 0 2 0 0 0 2 1 1 2 1 1 1 2 2 1 1 1 1 1 2 0 2 0 2 0 0 1 1 1 0 1 2 2 1 0 1 0 1 2 1 1 0 2 1
15 12 16 9
21 55 89 124 153 169 190 256 224 256 310 436 372 340 366 422 449 594 655 597 726 661 760 867 653 710 901 971 909 851 906 862 847 1021 1126 1129 1036 1222 1156 1264 1415 1112 1333 1508 1447 1154 1342 1564 1189 1398 1482 1778
