52
30
2 1 2 1 2 1 0 0 1 0 2 1 1 1 1 0 1 1 0 1 0 0 1 0 1 0 1 1 2 2 2 2 2 0 1 2 2 1 0 0 1 1 1 1 1 1 1 2 1 1 0 1
1 0 1 0 1 0 0 1 1 1 0 0 1 2 2 2 0 1 2 2 1 1 0 2 1 1 1 1 1 0 1 1 0 2 2 0 0 0 1 1 1 1 2 1 2 1 1 1 1 0 1 1
1 1 1 1 1 2 2 0 1 2 1 0 2 0 0 1 0 1 2 0 1 0 1 1 0 0 0 1 2 2 1 2 0 2 1 1 1 1 1 1 0 0 1 0 2 1 0 0 1 1 0 1
0 2 2 1 0 0 1 2 1 0 1 1 1 2 0 0 2 1 1 0 1 1 0 1 1 2 1 2 0 1 1 1 0 0 2 1 1 1 1 1 2 1 2 1 0 2 1 2 1 1 2 1
0 0 1 1 1 1 1 0 1 1 2 1 1 1 1 1 1 0 1 0 1 1 0 0 1 2 2 0 0 1 0 2 1 1 2 1 2 2 2 2 2 1 0 1 0 1 1 1 2 1 0 0
1 1 0 0 0 1 2 1 1 1 1 0 0 1 2 1 2 1 2 1 0 1 1 1 2 1 1 1 1 0 0 1 1 0 1 1 1 0 0 0 1 1 1 0 1 1 2 1 1 0 1 2
2 2 1 1 2 1 2 2 1 2 2 1 2 1 1 2 0 1 0 0 1 0 1 1 1 1 1 2 1 1 2 2 1 1 0 1 1 2 1 1 1 0 1 1 0 0 1 0 0 0 1 2
1 1 0 0 1 1 0 0 1 0 1 1 0 2 1 1 2 0 2 0 1 1 2 0 1 2 1 2 1 0 2 0 1 1 0 2 0 0 0 2 0 2 1 1 2 1 2 1 0 2 2 2
1 1 1 1 2 2 1 1 2 1 2 1 1 1 0 0 2 0 0 1 1 1 2 1 1 1 2 2 1 0 0 1 1 1 2 0 2 2 1 2 0 1 0 1 1 1 0 0 1 2 1 1
1 2 1 0 0 1 2 1 0 1 1 2 2 2 2 1 1 0 1 2 2 1 1 2 2 0 1 0 1 1 1 1 0 1 0 1 0 1 2 1 2 1 2 1 2 1 0 2 2 1 2 1
2 1 1 0 2 2 2 1 2 0 2 1 1 1 0 0 1 0 1 1 0 1 0 1 1 2 2 1 1 0 1 2 2 2 2 1 1 2 1 1 0 2 1 1 0 1 1 1 0 0 2 2
2 0 1 0 1 0 0 1 1 0 2 1 1 1 1 2 1 1 1 1 0 2 1 2 2 1 1 1 1 0 0 0 0 2 0 1 1 0 0 1 2 1 2 1 2 1 1 0 1 1 1 2
1 0 1 0 2 0 2 2 1 1 1 1 2 0 0 0 0 1 2 1 0 1 0 1 2 0 1 2 2 2 0 1 2 2 1 2 1 2 0 1 1 1 1 0 2 2 2 0 1 0 2 0
1 0 2 0 0 0 2 1 1 2 1 2 1 1 2 0 1 2 2 2 1 0 2 1 1 1 0 0 1 1 2 1 0 1 1 2 0 1 1 1 1 1 0 1 2 1 1 1 1 0 2 1
1 0 2 1 0 1 2 2 0 1 2 0 1 1 2 2 0 1 0 0 0 1 0 1 0 1 1 0 2 2 1 2 0 2 2 0 1 1 1 2 1 1 1 0 1 1 1 0 0 0 1 1
2 0 1 2 0 1 0 0 1 2 1 1 0 1 0 1 1 2 1 1 1 1 1 1 2 1 1 2 1 1 1 2 1 1 1 1 1 0 0 1 2 0 2 1 0 2 2 0 1 2 2 1
2 1 0 2 0 0 1 1 2 0 2 1 2 1 1 0 1 1 1 1 1 1 0 0 0 0 2 1 1 1 1 1 1 0 1 2 1 0 1 2 0 1 0 0 0 0 0 1 2 1 1 1
2 0 1 0 0 1 1 1 0 0 1 0 1 2 2 2 2 0 0 1 1 0 1 2 1 1 1 1 1 1 0 1 1 1 1 2 1 0 0 1 2 1 1 1 1 0 1 1 0 2 2 0
0 2 0 2 0 0 2 2 1 1 0 2 1 1 1 2 1 0 1 1 1 1 0 0 1 0 2 0 1 1 2 2 1 1 2 0 1 1 1 0 2 1 1 1 2 1 0 2 0 2 1 0
0 1 1 1 0 0 1 1 0 1 1 2 0 2 2 1 1 2 1 1 1 0 1 2 2 2 0 0 2 1 1 1 2 2 0 1 1 0 1 1 1 1 1 2 1 2 2 1 1 1 1 2
1 0 2 1 2 2 0 2 2 1 2 2 1 0 0 2 1 1 1 1 1 0 1 1 2 2 1 2 0 2 1 0 1 1 1 1 1 1 1 1 1 2 1 1 1 0 1 2 1 1 1 0
1 1 2 0 1 0 1 2 1 0 1 2 0 1 2 2 1 2 1 1 2 1 2 2 2 1 1 1 1 1 1 0 1 0 1 1 2 2 1 2 2 1 2 2 1 2 2 1 1 1 1 1
2 0 1 2 2 1 1 1 1 2 2 2 2 0 1 0 1 2 0 1 1 1 0 1 0 0 1 2 2 0 1 0 1 2 1 2 2 2 1 1 1 1 1 2 1 2 0 1 1 1 1 1
1 1 0 0 0 2 2 0 1 1 1 0 1 0 0 2 1 1 1 1 1 2 0 2 2 1 1 2 1 1 0 0 1 1 0 0 1 1 1 2 2 2 1 1 1 1 1 2 1 1 1 0
1 0 1 0 2 1 0 1 1 1 1 1 2 0 1 1 1 1 1 0 2 0 2 1 1 0 1 2 1 2 2 0 1 2 2 1 2 2 2 0 1 1 1 1 1 1 0 1 1 2 2 1
2 1 1 0 1 1 1 0 0 1 0 1 1 1 1 1 1 1 2 1 1 2 2 2 1 2 1 0 2 1 1 1 0 2 0 1 0 1 1 2 1 0 0 2 1 1 2 1 1 0 1 2
0 1 1 2 2 0 2 1 0 1 0 2 2 0 0 1 1 1 1 0 1 0 1 0 0 1 1 0 1 0 1 1 1 1 1 0 0 0 1 1 1 0 1 2 1 0 1 1 0 0 1 0
2 2 1 2 1 2 0 2 2 2 1 0 0 0 1 2 1 0 1 2 1 0 0 1 1 2 1 0 1 1 1 0 1 1 0 1 2 2 1 1 1 1 2 0 2 1 2 2 1 1 1 2
0 0 0 1 2 2 1 1 1 2 2 2 1 0 0 1 1 0 1 1 0 0 2 2 0 1 1 1 1 2 1 1 1 0 1 0 1 0 2 0 1 1 1 0 0 1 1 2 1 0 2 1
1 0 2 0 2 1 1 1 2 1 1 1 0 1 1 2 2 2 1 2 2 2 0 1 0 1 0 1 0 1 2 1 1 0 0 1 2 2 1 2 0 0 1 2 2 1 0 0 2 0 0 1
13 9 18 13
31 62 72 114 148 165 209 223 232 335 373 409 432 488 454 524 519 533 650 588 626 645 732 563 637 699 830 820 805 982 757 1015 1107 1071 1185 980 1050 1174 946 1032 1113 1312 1458 1083 1271 1117 1575 1660 1683 1706 1451 1305
