52
30
2 0 1 2 2 1 1 1 0 1 2 2 1 1 1 0 1 1 0 0 0 1 0 1 0 0 2 1 0 0 1 1 2 1 1 1 2 1 2 0 0 1 1 2 0 0 0 1 2 1 2 1
1 2 0 1 1 0 1 1 2 1 1 0 1 2 2 1 1 2 2 1 1 1 1 1 1 2 1 1 0 2 2 1 1 2 1 1 0 0 0 1 1 1 2 1 1 0 2 1 1 2 0 2
1 0 0 1 1 1 2 2 2 1 0 2 1 1 0 1 0 0 2 1 1 1 0 0 0 1 1 1 1 1 1 1 2 0 1 2 2 1 0 0 1 2 1 0 1 0 0 1 1 1 0 2
1 0 2 1 0 1 0 0 0 0 1 1 0 1 0 1 1 1 0 2 1 2 1 2 1 2 1 2 0 1 0 0 0 0 0 0 1 0 1 2 1 1 1 2 2 2 2 2 0 1 2 2
1 1 2 1 2 1 2 2 1 0 1 1 2 1 1 2 0 1 2 0 1 1 0 1 2 1 1 2 1 2 2 1 2 1 1 1 2 0 1 2 1 0 1 2 0 1 1 0 1 2 1 2
1 1 1 0 0 0 0 1 1 1 2 0 0 1 2 1 0 2 2 1 1 1 0 1 1 2 1 0 1 0 1 2 0 1 2 1 2 1 1 1 1 2 1 1 0 2 2 2 1 2 2 2
1 1 2 1 0 2 2 1 2 2 1 2 1 0 1 0 0 1 1 0 1 1 2 0 0 1 1 1 2 1 2 0 0 1 1 1 1 1 1 0 0 0 1 1 1 1 1 1 1 0 1 2
1 1 0 1 1 1 0 1 0 0 1 1 0 1 1 2 0 1 2 1 1 2 1 1 2 0 2 0 0 1 1 0 0 2 1 1 1 2 2 1 1 1 2 2 2 0 1 1 0 2 2 1
2 1 1 0 2 2 1 1 2 1 1 1 0 1 2 1 0 0 2 0 2 1 1 0 1 1 2 1 1 1 2 1 1 0 0 1 1 0 1 0 0 1 1 2 2 1 0 1 1 1 1 0
1 1 0 1 1 1 1 0 1 1 0 0 1 1 1 2 1 1 2 2 2 0 2 1 2 1 0 0 2 1 1 0 1 1 0 2 2 1 1 0 2 1 1 2 2 1 0 0 1 1 2 2
2 1 1 1 1 1 2 1 2 2 2 2 1 1 1 0 1 1 0 1 0 1 1 1 0 2 2 2 1 1 1 1 2 1 1 2 2 1 1 1 1 1 1 1 1 1 1 0 1 1 0 1
1 1 2 1 1 0 1 0 1 0 1 0 0 2 2 2 2 1 0 2 1 1 2 2 1 2 0 0 2 0 1 1 1 1 1 1 1 0 2 2 1 1 2 1 2 1 1 0 0 2 1 1
0 2 2 1 2 0 0 2 2 1 1 1 1 1 2 1 1 0 1 1 0 2 2 0 0 2 1 1 1 0 2 2 1 1 2 1 2 1 1 0 0 0 1 0 1 0 0 1 0 1 1 2
0 1 1 0 2 0 1 0 0 1 2 2 0 0 0 2 2 2 2 1 1 0 1 1 2 1 0 2 0 2 1 2 0 2 1 0 1 0 1 2 1 1 1 1 1 2 1 1 1 1 2 1
2 1 1 1 1 2 1 1 0 2 0 0 1 0 1 1 1 0 1 0 0 2 0 1 0 1 1 1 0 2 1 1 1 2 0 2 2 1 1 0 1 2 2 1 1 1 1 0 1 1 1 1
0 1 1 1 1 0 0 1 2 0 1 1 2 1 2 0 1 1 2 1 2 1 2 1 1 2 0 0 2 2 0 0 1 0 1 1 1 1 1 2 2 1 1 2 2 1 1 2 1 1 0 1
2 1 1 1 1 1 1 2 2 1 0 1 1 1 2 1 0 0 1 0 0 1 0 1 0 2 2 2 1 2 2 2 0 1 0 2 2 2 1 1 1 0 1 1 1 1 1 1 1 1 2 1
1 2 1 1 0 1 1 1 1 1 1 1 1 1 0 1 1 1 2 1 2 2 1 1 0 1 0 1 0 1 1 2 0 1 1 2 1 0 1 1 2 1 2 2 0 1 2 1 1 1 1 1
2 1 2 0 1 1 0 2 1 1 0 2 2 1 1 2 1 2 1 2 1 1 0 2 1 1 1 2 1 1 1 2 1 2 2 1 1 2 1 1 2 2 1 1 1 1 1 0 1 0 1 1
0 0 0 1 0 1 1 2 2 1 1 1 1 1 2 1 1 1 1 2 1 1 1 2 1 1 2 0 1 2 0 1 1 1 0 1 1 0 1 1 2 0 2 1 2 2 2 1 2 1 1 1
2 2 1 2 2 1 2 0 0 1 1 2 1 0 0 0 1 0 1 2 0 1 1 1 0 1 2 2 0 1 2 2 1 2 2 2 2 2 1 0 1 0 0 1 2 1 0 0 1 1 2 1
1 2 0 0 1 2 2 1 1 0 0 2 1 1 0 2 2 0 0 2 1 1 1 1 1 0 0 2 0 1 1 0 1 2 2 2 2 1 0 1 1 1 2 1 2 1 1 1 1 0 0 1
2 0 1 1 2 2 1 0 2 2 1 1 2 0 1 2 0 0 1 1 1 1 0 1 0 0 2 1 0 2 2 1 2 0 2 1 2 1 0 1 1 1 1 1 1 0 0 1 0 1 0 0
1 2 1 2 1 0 1 1 0 1 2 1 1 1 2 1 1 2 1 1 0 2 1 2 1 1 1 2 0 0 1 0 0 1 1 2 0 1 1 0 2 2 1 1 0 1 2 2 1 0 2 1
1 2 0 1 2 2 1 1 2 2 2 2 1 1 1 2 0 0 0 2 1 1 1 1 0 1 2 1 1 1 2 0 2 1 2 1 1 1 1 2 1 0 0 0 0 0 0 0 0 2 0 0
1 0 1 0 0 1 0 0 0 0 2 1 1 1 0 1 2 1 1 1 0 1 1 1 1 1 2 1 0 1 0 1 1 1 2 1 0 1 1 0 0 2 2 1 2 0 1 2 1 1 1 1
1 2 1 0 2 0 1 1 1 0 2 1 2 1 0 1 0 1 0 1 1 1 1 0 0 1 2 2 2 1 2 1 2 0 0 0 1 2 1 1 0 2 1 1 1 1 2 1 1 2 1 1
0 2 1 2 1 0 1 1 1 1 2 2 0 1 1 1 1 1 1 2 2 2 0 1 0 1 1 1 0 1 1 1 1 1 0 2 0 1 2 2 2 1 2 0 1 1 1 1 1 0 1 2
1 2 2 1 2 1 1 2 1 0 2 0 2 1 1 0 1 1 0 2 2 1 1 0 1 0 2 1 1 1 2 1 2 2 2 0 2 2 2 1 0 1 1 0 1 2 0 1 0 0 1 1
0 0 0 1 1 0 2 1 0 0 2 0 1 1 2 1 1 2 1 1 1 1 1 1 1 2 0 0 0 1 1 1 1 2 0 0 1 1 1 0 1 1 1 1 0 1 2 1 2 2 2 2
18 14 9 15
34 53 75 107 180 214 232 274 267 298 346 313 367 468 515 415 495 494 613 706 638 534 780 671 709 646 965 1003 711 890 807 1141 926 1168 1184 967 1217 969 1382 1058 1460 1483 1403 1450 1653 1128 1530 1653 1213 1475 1328 1840
