52
30
1 1 0 0 1 1 0 0 1 1 2 0 2 1 1 1 1 1 0 0 0 2 1 2 1 1 1 1 2 1 1 2 2 1 1 1 1 2 1 1 0 0 1 1 2 1 0 0 1 0 1 0
0 1 1 1 1 1 2 0 0 0 0 0 0 0 2 1 1 1 1 1 2 1 1 0 0 2 0 1 1 1 1 1 1 1 1 1 2 0 1 1 2 1 2 1 2 1 2 1 0 2 2 2
1 1 1 1 2 0 1 2 1 1 2 1 2 0 1 1 1 0 1 0 0 0 1 1 1 0 1 2 2 2 2 0 2 2 2 1 0 2 2 0 0 1 0 1 0 1 1 0 0 0 1 1
1 1 1 2 2 1 0 1 1 1 0 2 2 1 2 1 1 1 1 0 2 1 1 0 1 2 1 2 1 0 1 2 1 0 1 1 0 0 2 1 1 1 1 1 2 0 1 2 2 2 1 2
1 2 1 2 1 2 2 2 2 2 1 2 2 0 1 0 1 0 2 0 1 1 1 1 1 0 1 1 0 0 1 1 2 2 1 0 1 1 0 2 1 0 0 0 1 0 1 1 0 0 0 1
1 1 0 2 1 0 2 1 0 0 0 1 1 2 1 1 1 1 2 0 2 1 2 1 0 1 1 0 0 1 0 1 2 0 0 1 0 1 1 1 1 1 2 2 2 0 2 1 1 0 0 2
1 0 2 0 1 2 1 2 0 2 1 2 2 1 0 1 1 1 1 1 1 0 1 1 1 1 1 2 2 2 1 1 1 2 1 2 2 0 2 1 1 1 0 0 1 1 1 0 0 2 1 2
0 2 1 1 1 1 1 1 0 1 2 0 1 1 0 1 1 2 1 2 2 1 2 2 1 0 0 0 0 2 1 1 1 1 1 1 1 0 1 1 1 0 2 2 2 1 1 1 1 1 1 1
1 1 1 2 0 1 2 1 2 2 2 2 1 2 1 0 1 1 1 1 0 0 0 1 0 1 2 2 0 0 1 1 2 2 2 1 1 1 2 1 1 1 0 1 0 1 1 2 0 0 1 1
1 1 0 1 0 0 2 1 1 1 1 1 2 1 1 2 1 2 1 2 2 1 2 0 1 0 1 1 1 0 2 0 1 1 1 0 1 0 1 0 1 0 1 1 2 2 2 1 2 1 1 2
2 1 2 0 1 1 2 1 2 2 1 2 1 1 0 0 1 1 2 0 2 1 1 1 1 1 1 2 1 2 2 1 2 2 1 2 0 0 2 0 1 1 1 0 1 2 1 1 0 1 1 1
1 1 1 0 1 1 2 0 2 2 1 1 2 2 0 0 0 1 0 2 1 0 1 2 1 2 1 1 0 0 1 2 1 1 1 1 0 2 2 2 1 1 2 2 2 2 1 1 1 1 2 1
1 1 0 0 2 2 1 2 2 1 1 2 1 1 1 0 1 2 0 2 0 0 0 1 0 0 2 0 1 1 1 1 2 2 1 0 1 1 1 0 1 1 0 0 0 1 1 1 1 0 1 1
2 1 1 1 1 1 1 2 0 2 1 0 0 1 2 0 2 1 1 1 0 1 1 1 1 2 0 0 1 0 2 0 1 0 0 0 0 1 0 2 1 1 0 2 1 1 1 2 1 0 1 1
1 2 0 0 2 2 1 1 2 1 2 2 0 1 0 1 1 1 2 1 1 1 1 0 1 0 2 2 2 1 1 1 1 2 2 2 0 1 1 0 0 1 0 0 0 1 0 1 1 1 0 0
0 0 0 2 2 1 1 1 0 0 0 1 1 2 1 0 2 2 1 0 1 0 1 1 1 1 2 1 0 1 0 1 0 0 1 1 2 0 0 2 1 2 0 1 2 2 2 2 2 2 1 1
1 1 0 2 0 1 0 1 2 0 1 1 2 0 1 1 1 2 2 0 1 1 1 0 0 0 1 2 2 1 1 1 1 2 2 1 2 2 2 2 0 0 2 2 2 0 0 1 2 0 1 2
2 1 0 1 0 1 1 1 1 1 1 1 1 2 2 2 1 1 1 1 1 1 1 1 1 1 0 1 0 0 1 2 0 0 1 2 1 0 0 1 2 1 2 2 1 1 1 1 2 1 1 1
2 2 1 1 1 1 1 1 2 2 2 1 0 1 0 0 2 0 1 1 1 0 1 0 0 2 2 1 1 2 0 1 1 2 2 1 1 1 2 2 1 0 1 1 0 0 2 0 1 1 2 2
1 1 1 1 0 0 1 1 0 0 1 0 0 1 2 1 2 2 2 1 0 1 2 1 2 2 1 1 0 1 1 1 2 1 1 1 0 2 1 1 2 2 1 1 0 2 2 1 1 1 1 2
2 1 1 1 1 1 0 1 0 1 2 1 2 2 0 1 1 2 1 1 0 1 2 1 1 1 0 1 1 0 1 2 0 1 1 2 1 2 1 1 2 2 0 1 2 1 2 1 1 1 1 0
0 1 2 0 0 1 0 2 0 2 2 2 2 1 1 1 2 1 1 2 2 1 2 2 2 2 0 0 1 1 1 2 0 1 1 1 1 0 0 0 2 0 2 2 0 1 0 1 2 0 1 1
0 1 2 0 1 1 1 1 0 1 1 2 1 2 2 1 0 1 1 1 0 0 1 1 1 1 1 1 1 0 1 2 2 1 2 0 1 1 2 1 1 1 1 0 2 0 0 1 1 2 0 1
1 1 1 1 1 1 1 1 1 1 1 0 0 1 0 2 2 1 0 1 2 1 0 2 2 1 0 1 1 0 0 0 2 1 1 0 0 1 1 2 1 2 2 0 2 1 2 2 2 2 1 2
1 2 1 2 2 0 0 2 1 1 2 1 1 0 1 0 0 0 1 1 0 1 0 1 1 1 1 1 1 2 1 1 2 1 2 2 2 1 1 1 0 2 1 1 1 1 1 0 2 1 1 2
0 0 2 0 2 0 0 1 0 0 2 1 0 2 1 2 1 1 1 1 0 2 1 1 1 1 1 0 1 0 0 0 1 1 1 2 1 0 1 0 0 2 2 0 0 1 1 1 2 2 1 2
0 1 1 0 0 0 2 2 0 1 1 1 1 2 1 0 1 0 0 2 0 2 1 1 1 0 1 1 2 0 2 0 2 2 1 2 2 2 1 1 1 1 1 0 1 1 2 2 1 1 0 1
1 1 0 2 2 1 0 1 1 1 0 2 0 2 0 0 1 1 0 1 2 0 1 1 2 1 2 0 0 2 1 2 0 1 2 1 0 1 0 2 2 2 0 2 2 1 2 2 1 2 2 0
0 2 2 2 1 2 2 0 2 1 1 1 2 0 1 1 1 2 1 1 1 0 1 1 1 1 1 2 2 1 1 1 1 2 2 2 2 1 2 2 0 0 1 1 0 1 2 0 0 1 2 2
1 1 1 1 1 0 0 0 1 1 1 0 1 0 1 0 2 2 1 0 2 2 1 1 1 1 0 0 1 0 0 0 1 1 1 0 0 1 1 1 2 1 1 2 2 0 1 2 1 2 1 2
18 14 19 23
23 61 74 105 150 190 221 263 297 339 339 328 427 396 395 478 440 507 526 530 753 713 628 783 691 751 934 946 953 782 1051 919 936 1174 1247 1088 1267 1150 1278 1309 1177 1270 1461 1358 1482 1615 1557 1183 1731 1462 1389 1564
