52
30
1 1 1 2 2 0 1 1 2 2 0 2 1 1 0 2 1 0 1 2 1 0 0 2 1 1 1 2 2 1 2 2 1 2 0 1 2 2 1 0 1 0 1 1 0 1 1 0 1 1 0 1
1 0 1 1 0 1 1 1 1 1 1 0 0 0 2 2 0 1 0 1 1 1 1 2 1 2 0 0 0 1 2 1 0 2 0 1 2 0 0 1 2 1 1 2 2 1 1 2 2 0 1 1
2 2 2 0 1 0 2 1 1 1 1 2 1 0 0 1 0 2 2 1 1 1 1 1 0 1 1 2 1 1 2 2 0 2 1 2 0 2 1 1 1 1 1 1 2 0 1 1 0 0 0 0
0 2 1 1 1 0 2 2 0 2 1 1 1 1 1 2 1 0 2 1 1 2 2 2 1 1 1 1 2 0 0 1 1 1 0 1 0 1 1 1 1 1 1 1 1 1 1 2 2 1 2 1
1 1 2 1 1 2 2 1 2 2 2 1 1 1 1 0 1 1 1 0 0 1 1 1 0 0 1 2 1 2 1 2 1 1 2 2 1 2 0 1 0 1 1 1 1 0 2 0 2 1 0 1
1 2 1 1 1 0 1 0 1 1 0 0 1 2 2 1 2 2 1 0 1 1 2 1 1 1 1 1 1 1 0 2 0 0 0 0 1 1 1 2 2 0 2 1 2 2 1 2 1 2 0 2
0 0 0 2 1 0 1 1 1 0 0 2 1 2 0 0 0 2 2 0 1 1 1 0 1 0 1 1 1 2 2 1 1 2 0 2 2 1 2 2 2 1 0 1 1 1 0 0 0 1 2 2
1 2 1 1 1 1 0 0 1 2 1 1 1 1 1 0 2 1 1 2 1 0 1 1 2 1 0 0 0 1 1 1 0 0 1 0 2 2 1 2 2 0 1 2 2 1 2 1 1 2 1 1
2 0 1 1 2 2 1 1 0 2 0 1 0 1 2 2 0 2 1 1 1 0 1 1 1 1 2 2 1 2 1 1 0 2 2 2 1 2 2 1 1 2 1 1 2 0 1 1 2 0 0 0
0 0 0 0 2 0 0 1 0 2 1 1 1 2 0 1 0 2 2 1 1 1 2 1 1 1 1 1 1 0 1 1 1 1 0 0 1 0 0 1 1 1 1 2 0 1 2 1 1 1 2 1
2 2 1 1 2 1 2 1 1 1 1 2 0 0 0 1 1 1 1 0 1 0 0 0 0 1 0 1 2 1 2 1 1 2 1 2 1 1 1 2 0 0 1 1 0 0 0 1 1 1 1 1
1 0 2 2 1 0 1 0 1 1 0 1 0 2 2 1 0 2 0 0 2 1 2 2 0 1 0 2 2 1 0 1 1 1 1 1 2 1 2 1 0 1 1 2 2 1 2 1 1 2 2 2
2 1 1 0 1 2 2 0 2 1 1 2 0 1 1 1 1 1 2 2 1 2 2 2 0 1 1 2 2 1 2 2 2 1 2 1 0 0 1 1 1 1 0 0 1 0 0 1 1 0 2 1
2 1 0 1 2 1 0 1 1 1 2 0 1 0 1 0 2 2 1 2 1 1 2 2 2 1 1 0 0 0 0 1 0 0 0 0 1 2 1 1 2 2 0 2 1 1 1 1 2 0 1 2
2 2 1 2 1 1 1 1 0 2 1 2 2 0 2 1 2 2 1 0 1 1 0 0 0 0 0 1 2 0 1 2 1 1 1 2 1 0 0 0 0 0 1 2 1 2 1 0 1 1 1 1
2 2 1 1 1 0 2 2 2 0 2 0 1 1 0 2 1 1 1 2 0 1 1 1 1 0 1 0 1 0 1 1 1 1 1 2 1 1 0 0 1 1 0 2 2 2 0 1 0 2 2 1
1 2 1 1 2 1 0 1 2 0 2 1 1 1 1 0 0 1 0 0 0 0 1 2 0 2 1 1 2 2 2 0 1 1 0 2 1 1 0 0 0 0 1 2 1 1 0 2 2 2 2 0
2 0 1 1 0 1 0 1 0 1 0 1 2 2 1 1 2 1 2 1 1 1 1 2 1 1 0 0 2 1 1 2 2 0 1 1 1 0 1 2 2 1 0 1 0 2 1 1 0 2 1 1
1 1 1 0 0 1 1 2 0 2 2 2 2 1 0 1 0 2 0 1 1 1 1 1 2 1 2 1 2 1 1 1 1 2 2 2 1 0 1 0 2 0 1 0 2 0 1 0 0 1 0 1
0 0 0 0 1 1 1 1 1 2 2 2 1 2 0 2 1 2 0 1 2 1 2 0 2 2 1 1 0 1 1 1 0 0 0 1 2 1 0 2 1 1 1 1 2 1 2 1 1 1 1 1
1 1 0 2 1 2 2 2 0 0 2 1 1 1 1 0 0 1 2 0 2 1 1 0 1 1 2 2 2 2 1 2 0 1 2 1 1 1 1 0 2 1 1 1 1 0 1 0 1 1 0 1
0 1 1 1 0 1 1 1 1 1 0 1 1 0 1 2 1 1 2 1 1 0 1 1 1 0 0 1 1 2 2 2 1 1 0 0 2 1 1 1 2 1 1 0 2 1 1 0 0 0 2 1
1 2 0 2 0 1 2 1 1 1 2 2 0 1 1 1 1 0 1 0 1 0 1 1 1 2 1 1 0 1 1 1 0 1 2 1 1 1 2 0 1 1 2 1 1 1 1 1 0 1 1 0
0 2 1 1 2 1 2 1 1 2 1 0 1 1 1 2 1 1 2 0 2 0 1 2 1 0 1 0 1 2 0 0 0 0 1 0 0 0 1 0 1 0 2 2 2 1 1 1 1 1 0 2
1 1 1 2 0 2 1 2 1 1 1 1 0 1 2 2 1 0 1 2 1 0 2 1 0 1 2 2 1 1 1 1 1 1 1 2 1 1 2 1 0 2 1 1 1 2 1 1 2 0 1 0
0 1 0 0 0 1 1 1 1 1 0 1 1 1 1 2 0 1 2 2 1 2 2 0 2 1 0 1 1 1 0 1 1 1 0 1 1 0 0 2 1 2 0 0 2 1 1 1 0 2 1 2
1 2 0 2 1 2 2 0 2 1 2 2 2 1 1 2 1 0 0 2 1 0 0 1 1 0 2 1 2 1 1 0 0 1 0 1 1 0 1 1 1 1 2 1 1 1 0 1 1 1 0 1
1 2 1 2 1 0 1 1 1 0 1 0 1 2 1 1 2 1 1 1 1 2 1 0 2 2 2 0 1 2 1 2 0 1 1 0 1 1 1 0 1 1 1 1 2 1 1 1 0 1 0 1
2 0 1 2 0 0 2 0 2 2 0 1 2 1 1 0 1 2 2 1 1 1 1 0 0 1 1 1 1 2 2 2 1 0 0 1 1 1 1 2 1 1 1 1 0 1 0 1 2 0 0 0
1 0 1 0 2 1 0 2 2 2 1 1 2 1 1 1 1 1 1 1 2 2 1 0 1 2 0 0 1 0 0 2 1 0 1 0 0 1 1 1 1 1 2 1 0 0 2 1 0 1 2 2
13 14 14 16
26 76 88 120 125 158 247 281 261 261 329 317 351 515 437 461 521 533 694 584 593 744 841 696 712 662 700 863 1023 934 1059 1108 913 1237 897 958 1172 971 1333 1318 1166 1290 1337 1162 1460 1181 1572 1701 1212 1274 1531 1435
