52
30
1 2 2 2 0 0 1 1 1 2 2 1 2 1 1 1 2 0 1 1 1 0 2 1 1 2 1 0 1 1 1 2 1 2 0 1 1 0 1 2 1 1 2 1 1 1 0 1 1 0 2 2
1 0 1 1 1 1 1 1 1 1 1 1 1 1 2 2 1 1 2 2 2 2 2 0 2 2 1 1 1 1 2 1 2 1 1 2 0 1 1 2 1 1 2 1 1 2 2 2 1 1 1 1
1 1 1 1 1 1 2 2 1 2 1 2 2 0 0 1 1 1 1 0 1 1 0 0 2 0 1 1 1 1 1 0 1 2 0 1 1 1 1 1 1 1 0 1 0 1 0 1 1 0 0 1
1 2 2 0 1 0 0 2 0 1 0 2 0 1 2 1 2 1 0 1 1 2 1 1 1 2 1 1 1 2 1 1 1 1 0 1 2 1 1 1 1 1 1 2 1 1 2 2 0 1 2 1
2 2 1 2 2 2 1 0 1 2 2 0 0 1 0 1 0 0 0 0 0 1 1 0 2 0 1 1 1 1 1 1 0 1 1 2 2 1 0 2 0 1 1 0 1 0 1 0 0 0 2 0
0 0 0 1 2 2 0 1 1 2 1 2 0 2 2 1 2 1 2 1 1 2 2 0 2 0 0 1 1 0 0 2 2 1 0 0 1 1 1 0 1 1 1 2 1 1 2 0 0 1 2 0
1 1 1 1 2 1 2 1 1 2 2 0 1 0 0 1 1 2 1 2 1 2 1 2 1 1 1 1 2 0 0 0 2 1 1 2 1 0 1 1 1 0 1 2 2 0 0 2 1 0 0 0
1 1 1 1 1 0 0 2 1 1 0 1 1 2 2 1 0 1 1 1 1 2 1 2 2 2 0 2 0 0 1 1 1 2 1 0 0 0 0 2 0 0 0 1 1 2 1 2 1 1 1 2
0 1 1 2 0 1 1 2 1 1 2 1 2 2 1 0 1 1 0 2 0 0 0 0 0 0 2 1 2 2 2 1 2 2 1 1 1 1 1 2 1 1 2 1 0 0 1 0 1 1 2 1
0 1 1 0 1 1 2 0 1 1 0 0 0 2 1 1 1 1 1 1 0 2 0 1 1 2 1 1 1 0 0 0 0 1 0 1 0 0 1 2 2 1 1 1 1 1 1 2 1 2 2 1
1 2 0 2 2 2 1 2 1 1 1 1 1 0 1 0 0 1 1 0 1 1 2 1 1 2 1 2 0 1 1 2 0 1 1 2 0 0 2 0 2 1 0 1 2 1 0 0 1 2 2 1
1 1 0 1 1 2 0 1 1 0 0 1 0 1 1 1 0 2 2 2 0 2 1 0 0 1 1 0 0 0 1 1 1 2 0 1 0 1 1 2 1 2 1 0 1 1 1 1 2 1 1 1
1 1 2 2 0 2 1 1 2 1 2 1 0 0 2 0 1 0 0 1 2 0 1 1 0 1 2 1 1 2 0 2 1 1 0 1 2 0 2 1 0 0 1 2 1 0 1 0 2 1 0 0
0 2 2 2 1 0 1 2 0 1 1 1 2 2 1 1 1 1 2 0 1 2 2 2 1 1 1 1 1 0 2 0 2 1 0 1 2 0 1 2 1 1 2 2 1 2 1 2 1 0 1 2
1 1 1 2 1 1 0 2 1 1 2 1 0 2 1 1 1 1 0 0 0 1 1 0 1 0 2 2 0 2 0 1 0 1 1 1 1 1 1 1 2 2 1 0 1 0 1 0 1 0 1 0
1 1 1 1 1 1 0 1 0 0 0 2 2 1 2 0 2 1 1 2 2 2 2 1 1 2 1 0 1 0 1 1 0 0 1 1 0 1 0 1 2 1 2 1 2 0 1 2 2 1 1 2
1 1 1 2 2 2 1 1 0 1 1 2 0 1 0 2 0 1 1 1 1 1 1 1 0 1 1 1 1 1 2 1 1 2 2 2 0 1 2 1 0 2 1 1 1 0 1 0 1 0 0 1
1 1 0 0 1 2 1 1 1 1 0 0 0 2 1 2 1 1 2 1 2 2 1 1 2 2 2 1 1 2 1 0 1 1 0 0 1 1 0 1 2 1 1 2 2 2 2 1 1 1 2 1
1 2 2 0 1 2 2 2 1 2 0 1 0 1 1 1 1 1 1 2 0 1 1 0 1 1 1 0 1 2 2 1 1 2 1 1 2 1 2 0 0 0 2 1 1 0 1 1 1 1 1 1
2 1 0 0 0 0 1 1 2 1 1 1 1 1 2 1 2 2 1 1 1 1 1 1 1 2 2 1 0 2 1 1 1 0 2 0 2 0 2 0 2 0 0 2 2 2 2 1 2 1 0 2
1 2 2 1 1 1 1 2 1 1 0 2 0 0 1 1 1 2 0 2 0 0 0 2 2 0 0 2 2 1 2 1 2 1 1 2 0 0 2 0 1 0 0 1 0 0 1 1 1 1 2 0
1 1 2 0 0 1 2 1 0 2 0 1 0 2 0 1 0 2 0 1 0 2 2 1 0 1 0 2 0 2 0 1 0 1 1 2 0 1 0 1 1 1 1 2 1 1 1 1 1 1 1 1
2 1 1 1 2 2 1 1 2 1 0 1 0 1 1 0 1 0 0 1 2 0 0 0 2 0 2 2 2 2 0 1 0 0 2 2 1 2 0 1 1 2 2 0 1 1 1 1 1 1 1 1
1 0 0 0 1 1 0 0 1 2 2 1 1 1 2 2 2 0 1 0 2 1 1 2 1 2 1 1 1 1 2 0 1 0 2 1 1 0 0 1 1 0 0 1 2 0 0 1 0 1 1 0
2 0 2 1 1 1 1 2 0 1 1 1 0 0 1 1 2 1 2 1 0 0 0 0 1 0 0 1 2 2 1 1 1 1 1 2 0 2 1 1 1 2 2 0 0 1 2 2 1 1 2 1
1 2 0 1 1 2 0 1 0 1 0 2 2 0 2 1 2 0 2 2 1 0 1 1 1 1 0 0 2 0 1 2 1 1 1 0 2 0 1 1 2 1 0 1 2 1 1 1 1 2 0 0
0 1 1 2 1 0 1 2 1 1 1 1 1 1 1 0 1 0 1 0 1 2 0 2 1 1 2 2 1 2 2 1 1 1 0 1 1 1 1 1 2 0 0 0 0 0 2 0 0 1 0 0
1 0 0 1 2 2 1 1 1 1 1 1 1 2 0 1 2 1 1 0 1 2 1 1 0 1 0 2 0 1 1 1 0 1 1 1 1 1 1 1 1 1 2 1 2 1 1 0 2 1 1 1
2 1 2 0 0 1 1 0 1 2 1 1 2 0 1 1 1 1 0 1 1 2 0 2 1 1 1 0 2 2 0 1 2 2 0 2 1 1 1 1 1 0 0 0 0 0 1 1 1 1 2 1
1 0 1 0 1 1 1 1 0 1 0 1 1 1 0 2 1 2 1 2 1 2 1 1 1 1 1 0 1 1 1 2 0 1 1 0 2 0 0 0 1 2 0 0 2 2 1 1 2 1 2 2
14 8 11 11
33 59 104 145 123 198 221 202 290 264 352 343 328 498 459 438 449 575 598 508 720 794 705 825 887 932 806 713 898 847 899 1067 874 1195 855 1093 1151 977 1330 1362 1128 1295 1509 1286 1101 1342 1581 1233 1563 1299 1749 1603
