52
30
2 2 0 1 1 2 1 1 1 1 1 0 1 0 2 2 1 1 1 1 2 1 0 1 1 0 2 1 2 2 1 1 2 1 1 1 1 2 0 1 1 1 0 1 0 1 0 1 1 1 1 0
0 1 1 2 1 1 0 2 1 0 0 1 1 2 1 2 1 1 1 1 1 0 1 2 2 2 1 0 1 1 2 1 0 1 1 2 1 0 0 1 2 1 2 1 1 1 2 1 1 1 1 2
0 1 2 0 2 1 2 1 2 0 2 1 1 0 1 1 1 0 0 1 1 0 0 1 1 1 2 1 2 1 1 1 1 2 1 2 1 1 2 0 1 0 1 1 0 1 1 0 0 0 1 0
1 1 2 0 1 0 0 0 1 1 0 1 1 0 0 1 1 0 2 1 2 1 1 1 1 1 2 2 1 1 0 1 1 1 1 1 0 0 2 1 1 1 2 1 1 1 2 1 1 0 2 0
1 0 2 0 1 1 0 0 2 1 1 2 2 0 1 2 0 1 1 0 1 1 1 0 1 0 1 1 1 2 1 2 2 2 2 1 2 0 2 0 2 2 1 1 1 1 0 0 0 2 1 2
1 1 1 0 0 1 2 1 1 0 0 0 1 1 1 2 2 1 1 2 2 2 1 1 1 1 2 1 1 1 2 0 2 1 1 1 0 1 0 2 2 1 2 1 2 2 1 2 1 0 2 2
0 0 2 2 1 0 1 2 0 1 1 1 1 1 1 2 1 1 1 0 2 1 1 2 0 1 1 1 1 2 1 1 1 2 1 0 0 2 0 0 0 1 0 0 1 1 1 1 0 1 2 1
2 0 2 1 0 0 0 1 0 1 1 0 0 1 1 2 2 2 1 1 2 0 1 0 1 2 2 0 1 1 0 1 0 2 0 1 1 1 1 1 2 2 2 1 1 2 2 1 1 2 2 2
2 1 2 2 1 1 1 0 2 1 1 0 1 1 1 0 1 2 1 2 0 0 0 0 1 0 2 1 1 2 1 1 1 0 1 2 2 2 1 1 1 1 2 0 1 2 0 2 1 0 0 0
0 1 1 0 0 1 2 1 0 0 0 1 2 2 1 1 1 2 1 1 1 1 1 1 1 2 1 1 0 0 2 0 0 1 1 2 0 1 0 1 1 1 0 1 2 2 2 2 2 1 1 1
1 1 2 2 1 0 2 1 1 1 1 2 2 1 1 1 1 0 0 1 1 1 0 2 1 2 1 1 2 2 0 0 0 1 1 1 2 0 1 1 2 0 1 1 0 0 1 0 1 1 0 1
1 1 1 1 1 1 0 0 2 2 0 0 0 2 1 2 2 0 1 1 1 1 2 2 2 1 1 0 0 0 0 0 2 2 1 0 0 1 1 2 1 0 1 2 1 2 1 1 0 1 2 0
0 1 1 1 1 1 2 1 1 1 1 2 1 1 2 0 0 1 0 1 0 1 0 0 2 0 0 0 2 1 0 1 2 1 1 1 2 1 1 1 1 1 1 2 1 1 1 0 0 1 1 0
2 2 1 0 1 1 2 2 1 1 2 1 0 1 2 1 1 0 1 2 1 1 1 0 1 1 1 1 1 1 0 0 0 0 0 2 0 1 2 2 1 1 1 2 2 1 1 1 0 1 1 1
2 1 2 2 2 1 2 2 1 1 0 1 1 2 1 0 1 0 1 1 1 1 0 1 2 0 0 2 1 2 2 0 2 1 1 2 2 0 2 1 1 1 2 0 0 1 0 2 1 1 1 1
1 0 0 0 1 2 1 0 0 0 0 1 1 1 2 2 1 2 1 1 1 1 2 1 1 2 0 1 1 0 1 1 0 1 1 2 1 0 0 1 1 1 2 0 1 1 1 1 1 1 2 2
1 1 1 2 2 1 1 1 1 1 1 1 2 1 0 0 1 2 1 1 0 1 1 0 0 1 1 1 0 2 2 2 1 0 2 1 1 2 2 0 2 1 1 0 1 1 2 1 1 1 1 1
0 0 2 0 1 0 1 1 1 2 0 1 1 1 1 2 1 1 1 0 1 2 2 0 0 2 0 1 1 2 1 1 2 0 2 0 2 0 1 2 1 2 1 2 1 1 1 2 1 1 2 1
0 0 2 1 2 1 1 1 1 2 1 1 2 1 0 0 0 0 0 0 1 0 1 0 0 0 1 0 2 0 1 0 1 0 0 2 1 1 0 0 2 1 1 2 1 1 2 2 1 0 1 1
0 2 1 1 0 1 2 1 0 1 2 0 0 1 1 1 1 2 0 1 1 2 1 1 1 2 1 0 1 0 1 1 0 1 1 2 1 0 0 1 2 1 1 2 2 1 0 2 2 1 0 2
2 1 1 0 2 1 1 2 2 1 2 1 1 0 0 1 0 0 1 0 2 0 1 1 1 2 1 2 1 1 0 1 2 1 2 1 1 1 0 0 1 0 1 2 1 1 1 1 1 0 1 1
1 1 1 2 1 0 1 2 0 1 0 0 1 2 2 1 1 2 0 2 2 2 2 2 1 1 1 0 0 0 1 1 1 1 1 1 1 1 1 1 1 1 1 1 2 2 1 2 0 2 0 1
1 2 1 2 1 0 2 1 2 2 1 2 0 0 0 0 1 0 1 1 1 0 1 1 1 1 0 2 2 0 0 0 1 0 2 2 0 2 2 0 0 1 1 2 1 0 1 0 1 1 0 2
2 1 0 1 0 1 0 1 2 1 1 0 1 1 2 0 2 1 0 2 2 1 1 2 1 1 1 0 0 1 0 0 2 0 0 2 0 1 1 1 1 2 2 1 2 1 1 1 1 1 2 0
1 2 1 1 2 2 2 1 1 2 2 1 1 1 1 0 1 1 0 0 1 0 0 2 2 1 2 2 0 2 2 1 1 2 2 1 2 1 2 1 2 2 0 2 0 1 0 0 0 1 2 2
2 2 2 1 1 1 1 0 1 1 1 1 2 2 2 1 1 1 1 1 1 1 0 0 1 1 2 1 1 1 0 2 1 1 1 0 1 1 1 0 2 1 1 1 2 2 1 2 0 2 1 2
2 2 2 0 1 2 1 2 1 1 1 1 2 1 1 0 0 1 1 1 1 0 1 2 1 1 2 1 1 1 0 2 2 2 1 2 2 2 1 2 2 1 0 2 1 1 1 0 2 1 1 2
1 2 0 0 0 1 1 1 1 2 0 1 1 2 0 1 1 1 2 1 1 1 2 1 2 1 1 2 0 0 1 2 0 1 0 1 0 0 1 2 2 2 2 1 2 1 2 2 0 2 1 1
2 1 2 0 0 2 2 2 1 0 2 1 2 0 1 1 1 1 0 1 0 0 1 1 0 1 2 1 2 2 2 2 1 0 2 1 1 1 1 2 0 2 0 2 1 0 0 2 1 1 1 0
0 1 1 0 2 1 1 0 2 1 1 2 0 0 2 1 1 1 2 1 1 2 2 2 2 0 0 0 0 0 0 0 1 1 1 1 0 1 0 2 2 0 0 0 1 2 1 1 0 0 2 2
13 11 13 11
27 61 96 138 178 213 226 210 327 262 318 413 397 409 457 524 594 513 467 520 632 759 630 847 673 682 811 837 936 772 761 1019 950 1172 1231 1040 1134 1321 1062 1364 1322 1334 1348 1199 1594 1577 1590 1261 1425 1436 1514 1561
