52
30
0 2 2 1 1 0 1 2 1 2 1 2 2 0 1 1 0 0 0 0 0 1 1 1 0 1 2 1 0 1 1 1 1 1 1 1 1 2 1 1 0 1 1 1 1 2 0 1 1 2 2 1
1 0 1 0 1 0 2 0 0 0 1 1 1 2 1 2 0 0 0 2 2 0 1 0 2 1 2 1 0 1 1 2 1 0 1 1 0 0 0 0 2 1 1 2 1 1 2 1 1 1 2 2
2 2 1 2 0 2 2 1 1 2 2 1 0 1 1 1 1 0 1 1 2 0 0 0 1 0 2 1 1 2 1 2 1 2 2 0 0 1 2 0 1 0 1 1 1 1 0 0 1 0 1 1
1 1 1 0 1 0 2 0 1 1 0 1 0 1 2 1 1 1 2 1 0 2 1 1 0 2 1 0 0 0 0 0 0 0 1 1 1 2 2 0 2 2 1 2 1 1 2 1 1 2 2 1
0 0 2 2 1 2 2 2 1 0 0 2 0 2 1 0 1 0 0 1 1 1 1 1 1 1 1 1 1 0 2 1 0 1 1 0 1 0 0 1 1 1 0 1 1 0 2 0 0 1 0 1
0 1 0 0 2 0 1 1 1 0 2 2 2 2 2 0 1 1 2 2 1 2 0 2 1 2 0 0 1 2 1 2 1 1 1 1 1 1 0 1 1 0 1 1 2 1 1 1 2 2 1 2
0 2 2 1 0 2 1 0 1 1 1 1 1 0 0 1 1 0 1 2 2 1 1 1 0 1 1 2 1 2 2 2 2 0 1 1 1 2 0 1 0 1 1 0 1 1 1 1 0 0 1 1
1 2 0 1 0 0 0 0 1 0 1 2 2 2 1 1 1 2 1 1 0 1 2 1 1 2 1 0 1 2 2 0 0 1 0 0 0 0 2 1 0 1 0 2 2 1 2 2 0 1 0 2
1 2 1 1 1 2 2 1 2 2 1 2 2 1 1 1 2 0 1 2 2 0 0 2 1 1 1 1 0 2 2 1 1 2 1 1 1 1 0 0 1 1 0 1 1 1 2 1 0 1 0 2
1 1 1 1 0 2 1 0 0 0 0 1 0 2 2 0 1 2 1 2 1 2 1 1 2 1 1 0 2 0 2 1 1 2 0 1 1 1 0 2 1 0 1 2 0 2 1 2 1 1 1 1
2 0 2 0 0 1 2 1 1 1 1 0 2 0 0 0 0 2 0 1 0 1 1 2 2 1 1 2 0 1 1 1 1 1 0 1 0 0 1 1 1 1 0 1 0 0 1 1 0 1 0 0
0 2 1 1 0 1 1 1 1 0 1 1 1 0 1 0 1 2 0 0 0 1 1 2 2 2 1 2 0 2 1 0 0 1 1 1 1 0 1 0 2 1 1 2 2 2 1 2 1 1 2 1
1 2 1 0 1 1 2 1 2 2 1 1 1 1 0 0 0 1 0 2 1 0 1 1 1 0 1 0 1 1 1 2 1 1 2 1 1 1 2 1 1 1 1 0 1 1 1 0 1 2 1 1
1 0 2 2 1 1 2 0 1 1 0 0 1 2 1 1 0 1 2 2 1 2 2 0 1 1 0 1 0 2 0 2 0 0 1 0 1 1 1 1 0 1 1 1 1 2 1 1 2 1 2 1
0 2 1 1 1 2 2 2 1 0 1 2 1 0 0 0 0 1 0 1 2 1 2 0 1 0 0 2 2 2 0 1 2 0 0 2 2 1 1 0 1 1 1 1 0 1 0 2 0 0 1 1
1 1 0 1 2 1 2 2 0 1 2 0 2 1 1 1 0 2 1 1 1 2 2 2 2 2 1 1 2 0 1 0 1 1 1 0 2 0 1 1 1 1 1 1 1 1 1 1 2 1 1 1
2 2 1 2 2 2 2 1 2 1 1 0 2 0 1 1 0 1 1 1 1 1 1 0 0 0 1 2 2 2 1 2 0 1 2 1 1 1 0 2 0 1 0 0 0 0 1 1 2 0 0 0
1 1 0 1 1 1 2 0 1 0 0 1 1 0 2 2 1 2 2 1 1 1 1 1 2 1 0 1 1 0 1 0 0 1 1 1 1 1 1 2 2 2 0 1 1 1 2 0 0 1 2 2
2 2 2 2 1 1 2 0 1 2 2 2 1 0 1 0 0 1 1 2 1 0 2 1 1 1 1 0 1 0 1 1 0 0 1 1 2 1 1 1 0 1 2 0 0 1 2 1 1 0 0 2
1 0 0 2 2 1 1 0 2 1 1 1 1 1 1 2 2 1 2 1 1 2 2 1 1 2 1 1 0 1 1 1 0 1 1 1 1 2 1 1 2 2 1 1 1 0 1 2 2 1 0 2
1 1 1 1 0 1 1 2 1 2 1 1 1 1 1 1 1 1 1 0 2 0 0 2 0 1 2 1 1 2 0 0 0 2 1 0 1 1 0 0 2 2 0 1 2 1 0 1 1 0 1 0
0 0 1 0 1 0 1 2 0 0 0 0 1 2 1 0 0 1 1 2 2 1 0 1 1 1 0 1 1 2 0 1 1 1 0 0 0 2 1 1 2 2 1 1 1 2 0 2 1 0 2 0
2 2 2 1 1 1 2 0 2 2 2 2 1 2 1 0 1 0 1 1 1 0 1 2 1 1 2 1 0 0 1 0 2 1 2 1 1 1 0 0 0 2 0 1 0 0 1 1 1 2 0 1
1 1 0 1 2 0 0 0 0 1 0 1 1 1 2 2 1 0 1 0 0 1 2 1 1 2 0 2 2 1 1 2 2 1 2 0 0 0 1 2 2 2 2 1 1 1 2 1 1 1 0 2
0 1 1 2 1 2 2 1 2 1 1 1 2 0 1 0 0 0 2 1 1 1 1 2 0 1 1 0 2 0 0 2 1 1 1 2 0 1 1 0 0 1 1 0 0 0 0 0 2 1 0 1
0 1 1 1 1 0 1 1 0 1 2 1 2 1 1 2 2 1 2 2 0 2 1 2 1 1 1 0 1 0 0 0 1 1 1 2 1 0 0 2 1 0 2 2 1 2 2 2 2 0 1 1
1 2 2 1 1 2 1 2 1 2 2 2 1 1 1 1 0 1 1 1 1 1 0 1 2 1 2 1 1 1 1 1 1 1 2 2 1 2 2 1 1 1 0 0 1 0 1 0 1 1 1 2
2 0 2 1 2 2 2 1 2 1 0 1 2 1 0 2 1 2 2 2 0 2 0 1 1 1 0 0 1 1 1 1 1 1 2 1 2 0 1 0 1 0 1 2 1 2 1 1 2 1 2 1
1 2 1 2 0 1 2 2 1 0 2 1 1 0 2 1 0 1 1 1 1 0 0 1 0 1 2 0 1 0 1 2 0 0 0 1 1 1 1 1 1 1 2 1 1 1 2 2 1 0 0 2
1 1 2 0 0 2 1 2 0 0 1 1 1 2 1 2 1 1 0 1 0 0 1 0 1 2 2 0 0 0 1 0 1 0 0 1 2 1 0 2 2 1 2 1 1 1 1 0 1 1 0 2
18 26 20 23
26 67 100 128 150 157 213 224 266 379 283 419 459 456 384 480 525 516 565 666 578 541 595 882 909 721 916 845 1028 1037 797 1120 984 934 1227 1105 1317 910 1146 1101 1120 1312 1065 1530 1311 1309 1370 1483 1589 1423 1548 1323
